            3.5                        0.169820
            3.8                        -0.069454
            4.0                        -0.122889
            4.2                        -0.116450
            4.5                        -0.095152
            4.8                        -0.073689
            5.0                        -0.055968
            5.2                        -0.042323
            5.5                        -0.032099
            5.8                        -0.024511
            6.0                        -0.018882