#! FIELDS phi psi file.free der_phi der_psi
#! SET min_phi -pi
#! SET max_phi pi
#! SET nbins_phi  33
#! SET periodic_phi true
#! SET min_psi -pi
#! SET max_psi pi
#! SET nbins_psi  18
#! SET periodic_psi true
   -3.141592654   -3.141592654   21.486121998  -51.025766798   12.627870947
   -2.951193099   -3.141592654   12.972946605  -37.339262919   15.132407930
   -2.760793544   -3.141592654    7.549798413  -19.375073672   17.156506164
   -2.570393989   -3.141592654    5.533979085   -2.404236301   18.699072271
   -2.379994435   -3.141592654    6.290468674    9.220039140   19.975161154
   -2.189594880   -3.141592654    8.593610340   13.840364217   21.308293893
   -1.999195325   -3.141592654   11.205110215   12.929641544   22.936708056
   -1.808795770   -3.141592654   13.392373553   10.061278686   24.824700057
   -1.618396215   -3.141592654   15.157517299    9.048336809   26.597005011
   -1.427996661   -3.141592654   17.106111135   12.184840981   27.657858191
   -1.237597106   -3.141592654   20.053412824   19.301654282   27.448320318
   -1.047197551   -3.141592654   24.566917798   28.101820983   25.705437231
   -0.856797996   -3.141592654   30.659315328   35.273693758   22.567500366
   -0.666398442   -3.141592654   37.726578166   37.941508341   18.497045539
   -0.475998887   -3.141592654   44.735834854   34.543794655   14.049400172
   -0.285599332   -3.141592654   50.513179642   25.146819043    9.652639331
   -0.095199777   -3.141592654   54.041058218   11.315976642    5.476987280
    0.095199777   -3.141592654   54.725842994   -4.155334816    1.458925401
    0.285599332   -3.141592654   52.600308728  -17.528293900   -2.522065864
    0.475998887   -3.141592654   48.441832355  -24.934975970   -6.426725091
    0.666398442   -3.141592654   43.670632449  -23.701680089   -9.919002731
    0.856797996   -3.141592654   39.984235362  -13.823035800  -12.443087845
    1.047197551   -3.141592654   38.772567687    1.566687780  -13.485580852
    1.237597106   -3.141592654   40.603520460   17.184136270  -12.870867969
    1.427996661   -3.141592654   45.003480037   27.858609266  -10.871523267
    1.618396215   -3.141592654   50.691570556   30.420687433   -8.086089909
    1.808795770   -3.141592654   56.044999311   24.492340990   -5.144769769
    1.999195325   -3.141592654   59.582800892   11.741183601   -2.447905895
    2.189594880   -3.141592654   60.245080444   -5.250761618   -0.072192123
    2.379994435   -3.141592654   57.489402279  -23.681469650    2.153766469
    2.570393989   -3.141592654   51.325717589  -40.518573114    4.477706067
    2.760793544   -3.141592654   42.370434241  -52.456586401    7.051075074
    2.951193099   -3.141592654   31.859685927  -56.450611432    9.838837839

   -3.141592654   -2.792526803   27.269207385  -45.337458189   18.776342738
   -2.951193099   -2.792526803   19.723861436  -32.952588886   21.770890410
   -2.760793544   -2.792526803   14.990497340  -16.516507952   23.806188797
   -2.570393989   -2.792526803   13.393553574   -0.774054926   24.914185705
   -2.379994435   -2.792526803   14.396240913   10.306451946   25.417153267
   -2.189594880   -2.792526803   16.914415826   15.117772215   25.764782835
   -1.999195325   -2.792526803   19.822637112   14.787813202   26.303297634
   -1.808795770   -2.792526803   22.407020790   12.284128334   27.077344179
   -1.618396215   -2.792526803   24.570165636   10.839111465   27.771471210
   -1.427996661   -2.792526803   26.734624798   12.491891997   27.836356632
   -1.237597106   -2.792526803   29.528614432   17.294049755   26.746800937
   -1.047197551   -2.792526803   33.414304806   23.539701746   24.264483776
   -0.856797996   -2.792526803   38.422893772   28.583628937   20.546557861
   -0.666398442   -2.792526803   44.078415813   29.967892136   16.067679964
   -0.475998887   -2.792526803   49.518586834   26.173856198   11.379193250
   -0.285599332   -2.792526803   53.713653732   16.969671566    6.881945339
   -0.095199777   -2.792526803   55.718882841    3.504740048    2.702959058
    0.095199777   -2.792526803   54.944693463  -11.681153517   -1.258656800
    0.285599332   -2.792526803   51.410403951  -24.773160006   -5.135142078
    0.475998887   -2.792526803   45.925137674  -31.513470457   -8.873860467
    0.666398442   -2.792526803   40.025250614  -28.808099831  -12.116254081
    0.856797996   -2.792526803   35.579656223  -16.539746734  -14.302523690
    1.047197551   -2.792526803   34.124644916    1.768160717  -14.940656040
    1.237597106   -2.792526803   36.260690551   20.100730447  -13.896417952
    1.427996661   -2.792526803   41.407465404   32.606721241  -11.481475055
    1.618396215   -2.792526803   48.084072129   35.878453958   -8.310625382
    1.808795770   -2.792526803   54.472696623   29.812006905   -4.989704948
    1.999195325   -2.792526803   58.983521007   16.645535268   -1.854786848
    2.189594880   -2.792526803   60.557275717   -0.510256149    1.101707733
    2.379994435   -2.792526803   58.726891844  -18.625697975    4.120203505
    2.570393989   -2.792526803   53.585336539  -34.812989484    7.456705893
    2.760793544   -2.792526803   45.776882996  -46.169240207   11.182331983
    2.951193099   -2.792526803   36.481753443  -50.090608491   15.094540647

   -3.141592654   -2.443460953   33.977592519  -39.244892800   18.588471231
   -2.951193099   -2.443460953   27.437317257  -28.586956467   21.284576654
   -2.760793544   -2.443460953   23.348358010  -14.107600158   22.985423585
   -2.570393989   -2.443460953   22.047751933    0.029945217   23.733316457
   -2.379994435   -2.443460953   23.108115868   10.246862518   23.809385911
   -2.189594880   -2.443460953   25.595510363   14.962691645   23.581558493
   -1.999195325   -2.443460953   28.501997001   14.947985679   23.321045059
   -1.808795770   -2.443460953   31.138216407   12.589998213   23.063591823
   -1.618396215   -2.443460953   33.321052571   10.594892353   22.585674524
   -1.427996661   -2.443460953   35.314747331   10.802185941   21.517528625
   -1.237597106   -2.443460953   37.594002015   13.520647829   19.542883738
   -1.047197551   -2.443460953   40.553775364   17.645743994   16.591023338
   -0.856797996   -2.443460953   44.280987996   21.178012201   12.895089649
   -0.666398442   -2.443460953   48.456896698   22.008279982    8.901542752
   -0.475998887   -2.443460953   52.400770750   18.542317463    5.052496487
   -0.285599332   -2.443460953   55.212844512   10.114055929    1.599232296
   -0.095199777   -2.443460953   55.983856454   -2.643598061   -1.475760130
    0.095199777   -2.443460953   54.078504568  -17.468550497   -4.385826335
    0.285599332   -2.443460953   49.455273491  -30.427992429   -7.335701242
    0.475998887   -2.443460953   42.919283930  -36.798617081  -10.316397310
    0.666398442   -2.443460953   36.102562096  -32.989615746  -12.995971994
    0.856797996   -2.443460953   31.038867100  -18.695640117  -14.823811781
    1.047197551   -2.443460953   29.418016029    2.236726260  -15.286627955
    1.237597106   -2.443460953   31.891148032   23.105640711  -14.193765356
    1.427996661   -2.443460953   37.794926096   37.390304698  -11.783061144
    1.618396215   -2.443460953   45.470941317   41.425059465   -8.604724023
    1.808795770   -2.443460953   52.923388011   35.350908315   -5.230917948
    1.999195325   -2.443460953   58.465588329   21.947998445   -1.995963762
    2.189594880   -2.443460953   61.045942320    4.832816587    1.085892939
    2.379994435   -2.443460953   60.274830399  -12.772612493    4.222389098
    2.570393989   -2.443460953   56.320904714  -28.183489120    7.629824754
    2.760793544   -2.443460953   49.837229838  -38.964200543   11.341967267
    2.951193099   -2.443460953   41.918216372  -42.990624986   15.132405970

   -3.141592654   -2.094395102   39.645491649  -34.251230477   13.850012695
   -2.951193099   -2.094395102   33.927820831  -25.016881184   15.560065868
   -2.760793544   -2.094395102   30.366322252  -12.139731347   16.509149292
   -2.570393989   -2.094395102   29.300841412    0.588727410   16.776931026
   -2.379994435   -2.094395102   30.365037974    9.802329438   16.551958702
   -2.189594880   -2.094395102   32.704564680   13.905962635   16.013963498
   -1.999195325   -2.094395102   35.367725605   13.453663947   15.244867572
   -1.808795770   -2.094395102   37.670352301   10.537418640   14.202176984
   -1.618396215   -2.094395102   39.383385720    7.650488983   12.760119972
   -1.427996661   -2.094395102   40.704305135    6.641915508   10.799030973
   -1.237597106   -2.094395102   42.067656450    8.091124365    8.300405419
   -1.047197551   -2.094395102   43.897947275   11.312915994    5.411763422
   -0.856797996   -2.094395102   46.386984145   14.652653380    2.421593561
   -0.666398442   -2.094395102   49.362824538   16.048128433   -0.338827701
   -0.475998887   -2.094395102   52.266373074   13.621130647   -2.649773704
   -0.285599332   -2.094395102   54.241860544    6.210212136   -4.504811454
   -0.095199777   -2.094395102   54.330936484   -5.999638428   -6.112965492
    0.095199777   -2.094395102   51.788923774  -20.885061063   -7.793331157
    0.285599332   -2.094395102   46.477402807  -34.255214312   -9.778701171
    0.475998887   -2.094395102   39.184982322  -40.818296755  -12.043974140
    0.666398442   -2.094395102   31.642942291  -36.414822570  -14.231084937
    0.856797996   -2.094395102   26.065736413  -20.491202370  -15.761530333
    1.047197551   -2.094395102   24.323018738    2.830723042  -16.083657284
    1.237597106   -2.094395102   27.149182945   26.172486623  -14.949437561
    1.427996661   -2.094395102   33.826562613   42.295981951  -12.533773990
    1.618396215   -2.094395102   42.534243734   47.180945032   -9.343237619
    1.808795770   -2.094395102   51.094195402   41.119556229   -5.951216971
    1.999195325   -2.094395102   57.703935191   27.375615693   -2.737594640
    2.189594880   -2.094395102   61.294132459   10.064524818    0.207248110
    2.379994435   -2.094395102   61.530497422   -7.364327716    3.012706264
    2.570393989   -2.094395102   58.645005780  -22.358015648    5.839994728
    2.760793544   -2.094395102   53.303577813  -32.851533791    8.717900661
    2.951193099   -2.094395102   46.537893686  -37.099879544   11.481868317

   -3.141592654   -1.745329252   43.093483320  -31.709213123    8.703950734
   -2.951193099   -1.745329252   37.762685433  -23.526765622    9.373680148
   -2.760793544   -1.745329252   34.384001019  -11.694923085    9.427502583
   -2.570393989   -1.745329252   33.317489557    0.168822424    8.947501470
   -2.379994435   -1.745329252   34.235032233    8.705434461    8.047812924
   -2.189594880   -1.745329252   36.306868888   12.184078672    6.794941279
   -1.999195325   -1.745329252   38.573934478   10.983489205    5.190186927
   -1.808795770   -1.745329252   40.318782434    7.117593918    3.216182126
   -1.618396215   -1.745329252   41.280252061    3.177882909    0.908002487
   -1.427996661   -1.745329252   41.659657428    1.280442297   -1.598201316
   -1.237597106   -1.745329252   41.954022121    2.337921420   -4.072506676
   -1.047197551   -1.745329252   42.709318558    5.913108906   -6.238518938
   -0.856797996   -1.745329252   44.264205450   10.358895917   -7.861326624
   -0.666398442   -1.745329252   46.567005306   13.314420461   -8.825991835
   -0.475998887   -1.745329252   49.098221408   12.389623349   -9.204739735
   -0.285599332   -1.745329252   50.938894560    5.896955753   -9.257301196
   -0.095199777   -1.745329252   50.985590157   -6.285004992   -9.356218759
    0.095199777   -1.745329252   48.324672363  -21.951514164   -9.863968746
    0.285599332   -1.745329252   42.702603601  -36.453668374  -10.970011428
    0.475998887   -1.745329252   34.904204142  -43.814920694  -12.573655220
    0.666398442   -1.745329252   26.786422926  -39.271900479  -14.261093213
    0.856797996   -1.745329252   20.772704737  -22.030797507  -15.436211533
    1.047197551   -1.745329252   18.937796552    3.496362859  -15.553951964
    1.237597106   -1.745329252   22.122409120   29.234592375  -14.368186192
    1.427996661   -1.745329252   29.571865524   47.193390947  -12.035279603
    1.618396215   -1.745329252   39.310597667   52.929426715   -9.026331363
    1.808795770   -1.745329252   48.971302731   46.805063892   -5.886587899
    1.999195325   -1.745329252   56.614297124   32.497437716   -2.995292629
    2.189594880   -1.745329252   61.121381676   14.598576013   -0.474030842
    2.379994435   -1.745329252   62.183631949   -3.181650846    1.759015744
    2.570393989   -1.745329252   60.078654797  -18.327763958    3.827492779
    2.760793544   -1.745329252   55.489612518  -29.011541052    5.761339565
    2.951193099   -1.745329252   49.416272411  -33.727867893    7.448172927

   -3.141592654   -1.396263402   43.821233385  -32.000896584    5.191652077
   -2.951193099   -1.396263402   38.379971001  -24.383863956    4.939043102
   -2.760793544   -1.396263402   34.795914307  -12.976074824    4.149130752
   -2.570393989   -1.396263402   33.452290360   -1.460879532    2.953235717
   -2.379994435   -1.396263402   34.020057568    6.629834018    1.454378161
   -2.189594880   -1.396263402   35.635571258    9.420637699   -0.348000619
   -1.999195325   -1.396263402   37.291805228    7.307054530   -2.531097982
   -1.808795770   -1.396263402   38.248132737    2.543950433   -5.131255289
   -1.618396215   -1.396263402   38.281707675   -1.894988085   -8.023464961
   -1.427996661   -1.396263402   37.704952478   -3.546969078  -10.884084504
   -1.237597106   -1.396263402   37.172408883   -1.377614366  -13.277274910
   -1.047197551   -1.396263402   37.383410672    3.997938418  -14.806287254
   -0.856797996   -1.396263402   38.769059858   10.499806107  -15.268796424
   -0.666398442   -1.396263402   41.276156256   15.232017635  -14.725072132
   -0.475998887   -1.396263402   44.286255023   15.346957476  -13.486115555
   -0.285599332   -1.396263402   46.712165873    8.917522574  -12.019654283
   -0.095199777   -1.396263402   47.262822729   -4.153719341  -10.806019136
    0.095199777   -1.396263402   44.868497112  -21.351610810  -10.208210231
    0.285599332   -1.396263402   39.201062150  -37.498196013  -10.351073378
    0.475998887   -1.396263402   31.082575641  -45.998259480  -11.070927003
    0.666398442   -1.396263402   22.517867772  -41.593052054  -11.952193328
    0.856797996   -1.396263402   16.142715539  -23.333067728  -12.474185560
    1.047197551   -1.396263402   14.229815711    4.062747684  -12.208387020
    1.237597106   -1.396263402   17.721980841   31.859778001  -10.994458568
    1.427996661   -1.396263402   25.832033722   51.368997312   -8.988916137
    1.618396215   -1.396263402   36.443308108   57.747956757   -6.570894599
    1.808795770   -1.396263402   47.012054535   51.399359374   -4.147479293
    1.999195325   -1.396263402   55.463621074   36.340569940   -1.980489247
    2.189594880   -1.396263402   60.618677138   17.567297537   -0.138295359
    2.379994435   -1.396263402   62.171256459   -0.975720056    1.445704099
    2.570393989   -1.396263402   60.425173414  -16.748414593    2.840065968
    2.760793544   -1.396263402   56.081029497  -28.022243488    4.021438575
    2.951193099   -1.396263402   50.136689266  -33.367256164    4.856887444

   -3.141592654   -1.047197551   43.007948869  -34.658388407    3.591455698
   -2.951193099   -1.047197551   37.013178296  -27.470574039    2.794328240
   -2.760793544   -1.047197551   32.836551352  -16.048178948    1.374796420
   -2.570393989   -1.047197551   30.933167543   -4.252069816   -0.536370818
   -2.379994435   -1.047197551   30.991754545    4.027216152   -2.818500056
   -2.189594880   -1.047197551   32.100212864    6.621845674   -5.433912851
   -1.999195325   -1.047197551   33.172808293    3.932651884   -8.392317868
   -1.808795770   -1.047197551   33.425770080   -1.431426650  -11.621984798
   -1.618396215   -1.047197551   32.680127103   -5.981041461  -14.853018576
   -1.427996661   -1.047197551   31.382573749   -6.872826141  -17.616218050
   -1.237597106   -1.047197551   30.360816128   -3.060830150  -19.392870446
   -1.047197551   -1.047197551   30.452511492    4.466709789  -19.825239061
   -0.856797996   -1.047197551   32.130048118   13.037041567  -18.881309158
   -0.666398442   -1.047197551   35.268926440   19.187602076  -16.872507196
   -0.475998887   -1.047197551   39.090943661   19.733194209  -14.337912475
   -0.285599332   -1.047197551   42.311952257   12.722699460  -11.859787353
   -0.095199777   -1.047197551   43.467377619   -1.706290271   -9.873828686
    0.095199777   -1.047197551   41.379435048  -20.596185388   -8.564430889
    0.285599332   -1.047197551   35.706716637  -38.234099495   -7.844432556
    0.475998887   -1.047197551   27.357778177  -47.538154135   -7.429331290
    0.666398442   -1.047197551   18.499884730  -42.969028854   -6.974794587
    0.856797996   -1.047197551   11.954692081  -23.624131022   -6.228542709
    1.047197551   -1.047197551   10.137928948    5.393118820   -5.122512798
    1.237597106   -1.047197551   14.039847264   34.770526310   -3.774560014
    1.427996661   -1.047197551   22.813353042   55.298007408   -2.401633602
    1.618396215   -1.047197551   34.207704521   61.905143008   -1.200527869
    1.808795770   -1.047197551   45.533308532   55.096802555   -0.252446669
    1.999195325   -1.047197551   54.611323463   39.181756122    0.495597148
    2.189594880   -1.047197551   60.216001574   19.448743649    1.171304793
    2.379994435   -1.047197551   62.038001966   -0.020983026    1.888329405
    2.570393989   -1.047197551   60.387706356  -16.699682030    2.655261723
    2.760793544   -1.047197551   55.963718085  -28.921104033    3.346829825
    2.951193099   -1.047197551   49.756193509  -35.220622360    3.733388483

   -3.141592654   -0.698131701   43.021884370  -36.835069777    0.897747182
   -2.951193099   -0.698131701   36.519314968  -30.589140607   -0.582083494
   -2.760793544   -0.698131701   31.680257250  -19.829436179   -2.629869771
   -2.570393989   -0.698131701   29.017935978   -8.403517978   -5.090131658
   -2.379994435   -0.698131701   28.261887453   -0.376637671   -7.834435768
   -2.189594880   -0.698131701   28.503431795    1.902518926  -10.817012233
   -1.999195325   -0.698131701   28.643280598   -1.131231566  -14.005902439
   -1.808795770   -0.698131701   27.918934949   -6.546744976  -17.232612751
   -1.618396215   -0.698131701   26.249271135  -10.416855054  -20.095019521
   -1.427996661   -0.698131701   24.249454534   -9.651227166  -22.021458801
   -1.237597106   -0.698131701   22.923105242   -3.386083416  -22.499565079
   -1.047197551   -0.698131701   23.208760256    6.803111520  -21.330630098
   -0.856797996   -0.698131701   25.547907656   17.508390681  -18.759121323
   -0.666398442   -0.698131701   29.658607765   24.721657249  -15.391875048
   -0.475998887   -0.698131701   34.538436369   25.113289876  -11.955093436
   -0.285599332   -0.698131701   38.691902751   17.017859537   -9.028444331
   -0.095199777   -0.698131701   40.526267778    1.113630377   -6.850707738
    0.095199777   -0.698131701   38.846515623  -19.057361918   -5.292223693
    0.285599332   -0.698131701   33.391861349  -37.363556791   -3.978850006
    0.475998887   -0.698131701   25.203498082  -46.613793260   -2.512164081
    0.666398442   -0.698131701   16.571073243  -41.479245258   -0.697091616
    0.856797996   -0.698131701   10.376630657  -21.463180679    1.340527129
    1.047197551   -0.698131701    9.015809385    7.934710550    3.220165355
    1.237597106   -0.698131701   13.400136295   37.203296347    4.517609465
    1.427996661   -0.698131701   22.591699252   57.197314950    4.990956088
    1.618396215   -0.698131701   34.281825925   63.107977727    4.692103303
    1.808795770   -0.698131701   45.777774728   55.721015931    3.920752636
    1.999195325   -0.698131701   54.941041558   39.501035989    3.061250499
    2.189594880   -0.698131701   60.598311566   19.712677385    2.418296706
    2.379994435   -0.698131701   62.473045219    0.259947145    2.115928038
    2.570393989   -0.698131701   60.867089305  -16.558681646    2.072146189
    2.760793544   -0.698131701   56.431134460  -29.255106773    2.049559012
    2.951193099   -0.698131701   50.086129910  -36.377073629    1.740417384

   -3.141592654   -0.349065850   42.818789025  -39.491151745   -0.861176286
   -2.951193099   -0.349065850   35.708410656  -34.271252587   -2.577600857
   -2.760793544   -0.349065850   30.092050324  -24.245055087   -4.798231208
   -2.570393989   -0.349065850   26.546389067  -13.217360779   -7.396246954
   -2.379994435   -0.349065850   24.852053850   -5.402469919  -10.253166963
   -2.189594880   -0.349065850   24.120954009   -3.279442978  -13.286943955
   -1.999195325   -0.349065850   23.270195988   -6.300980841  -16.374399126
   -1.808795770   -0.349065850   21.602262339  -11.159975837  -19.223801141
   -1.618396215   -0.349065850   19.179122829  -13.541659071  -21.331245187
   -1.427996661   -0.349065850   16.806337673  -10.303416369  -22.111090851
   -1.237597106   -0.349065850   15.638269462   -1.048511479  -21.168466980
   -1.047197551   -0.349065850   16.635900996   11.818512882  -18.545225626
   -0.856797996   -0.349065850   20.101735234   24.094593544  -14.769821034
   -0.666398442   -0.349065850   25.499513981   31.412795000  -10.668129521
   -0.475998887   -0.349065850   31.560388254   30.660286576   -7.018817597
   -0.285599332   -0.349065850   36.610159519   20.854347094   -4.254775222
   -0.095199777   -0.349065850   39.026350752    3.490376624   -2.317986619
    0.095199777   -0.349065850   37.726162457  -17.277815294   -0.740835816
    0.285599332   -0.349065850   32.636421674  -35.159477482    1.082393759
    0.475998887   -0.349065850   24.964812226  -43.344736556    3.556723739
    0.666398442   -0.349065850   17.055545319  -37.249844548    6.619175337
    0.856797996   -0.349065850   11.697536849  -17.105182323    9.708237774
    1.047197551   -0.349065850   11.088676189   11.277985202   12.016070633
    1.237597106   -0.349065850   15.940160223   38.665885787   12.894146701
    1.427996661   -0.349065850   25.211207993   56.602483586   12.170547168
    1.618396215   -0.349065850   36.630304758   60.993343823   10.206015852
    1.808795770   -0.349065850   47.650485747   52.999201788    7.684399484
    1.999195325   -0.349065850   56.307697909   37.026060839    5.283311168
    2.189594880   -0.349065850   61.559158837   17.966916874    3.436569233
    2.379994435   -0.349065850   63.175644028   -0.742799902    2.249280117
    2.570393989   -0.349065850   61.422161003  -17.190529043    1.551179849
    2.760793544   -0.349065850   56.856089774  -30.096969102    1.020105963
    2.951193099   -0.349065850   50.286112378  -37.971272835    0.302715257

   -3.141592654    0.000000000   42.647570215  -41.699726829   -2.270599988
   -2.951193099    0.000000000   35.019440909  -37.486747111   -3.800457353
   -2.760793544    0.000000000   28.698852790  -28.393404000   -5.677791627
   -2.570393989    0.000000000   24.288946258  -18.108727170   -7.852346998
   -2.379994435    0.000000000   21.610268605  -10.808431677  -10.265303717
   -2.189594880    0.000000000   19.825006851   -8.876441948  -12.835152258
   -1.999195325    0.000000000   17.933789864  -11.506725946  -15.374425332
   -1.808795770    0.000000000   15.383099230  -15.048304153  -17.504135212
   -1.618396215    0.000000000   12.431582547  -15.029360745  -18.679368793
   -1.427996661    0.000000000   10.071609783   -8.603604844  -18.377819267
   -1.237597106    0.000000000    9.539370936    3.847791580  -16.377503878
   -1.047197551    0.000000000   11.705290650   18.964514547  -12.947213726
   -0.856797996    0.000000000   16.621052966   31.883540692   -8.795422410
   -0.666398442    0.000000000   23.430746607   38.219682669   -4.794911942
   -0.475998887    0.000000000   30.607295446   35.478476388   -1.603697291
   -0.285599332    0.000000000   36.375985406   23.664321192    0.597617501
   -0.095199777    0.000000000   39.202044227    5.191588949    2.157929999
    0.095199777    0.000000000   38.228166105  -15.323319449    3.769974711
    0.285599332    0.000000000   33.632218440  -31.791354097    6.105022931
    0.475998887    0.000000000   26.771567804  -38.240645538    9.431624868
    0.666398442    0.000000000   19.946532490  -31.198346041   13.378944264
    0.856797996    0.000000000   15.708090104  -11.712344675   17.019149254
    1.047197551    0.000000000   15.927791381   14.343346095   19.272336295
    1.237597106    0.000000000   21.060484077   38.490779837   19.426055695
    1.427996661    0.000000000   29.999704304   53.425393331   17.466933817
    1.618396215    0.000000000   40.616095853   55.989639340   14.046084780
    1.808795770    0.000000000   50.627776485   47.648252371   10.129528146
    1.999195325    0.000000000   58.330532503   32.501553357    6.564220060
    2.189594880    0.000000000   62.847332783   14.810125339    3.822079740
    2.379994435    0.000000000   63.991162034   -2.606091382    1.960011271
    2.570393989    0.000000000   61.969360953  -18.246115661    0.747991704
    2.760793544    0.000000000   57.227874919  -31.001259275   -0.158319911
    2.951193099    0.000000000   50.451079110  -39.323955907   -1.088943624

   -3.141592654    0.349065850   42.690808709  -43.008569327   -2.613738532
   -2.951193099    0.349065850   34.745063344  -39.516576330   -3.523497580
   -2.760793544    0.349065850   27.963225843  -31.197833161   -4.594211108
   -2.570393989    0.349065850   22.949873896  -21.620996504   -5.888833507
   -2.379994435    0.349065850   19.547527615  -14.858719362   -7.439193341
   -2.189594880    0.349065850   16.964202039  -13.134685896   -9.193706669
   -1.999195325    0.349065850   14.287423040  -15.374765534  -10.950671425
   -1.808795770    0.349065850   11.105167855  -17.653958838  -12.330592267
   -1.618396215    0.349065850    7.851886192  -15.457225446  -12.854620498
   -1.427996661    0.349065850    5.665491334   -6.320277555  -12.137089523
   -1.237597106    0.349065850    5.815863153    8.619704218  -10.104025482
   -1.047197551    0.349065850    9.051026080   25.199511884   -7.097563864
   -0.856797996    0.349065850   15.179689806   38.142478673   -3.759664733
   -0.666398442    0.349065850   23.081573434   43.278867464   -0.759088169
   -0.475998887    0.349065850   31.061248887   38.853006604    1.519459871
   -0.285599332    0.349065850   37.340789091   25.798129297    3.142250433
   -0.095199777    0.349065850   40.543427597    7.237348737    4.590077403
    0.095199777    0.349065850   40.056511263  -12.061798096    6.535889777
    0.285599332    0.349065850   36.266154863  -26.540901136    9.490782924
    0.475998887    0.349065850   30.581092250  -31.301011862   13.470381208
    0.666398442    0.349065850   25.131968782  -24.018145222   17.840002073
    0.856797996    0.349065850   22.121735176   -6.349896647   21.484228919
    1.047197551    0.349065850   23.044563014   16.150657767   23.280388273
    1.237597106    0.349065850   28.125254365   36.157849014   22.625092520
    1.427996661    0.349065850   36.279574657   47.747168220   19.709415261
    1.618396215    0.349065850   45.627668677   48.672124066   15.391119384
    1.808795770    0.349065850   54.235603264   40.490260081   10.761902198
    1.999195325    0.349065850   60.695402419   26.747449927    6.688988513
    2.189594880    0.349065850   64.291481906   10.905565449    3.590999371
    2.379994435    0.349065850   64.855626908   -4.863446874    1.459917840
    2.570393989    0.349065850   62.518019275  -19.410088347    0.045101938
    2.760793544    0.349065850   57.608230945  -31.712429748   -0.955389848
    2.951193099    0.349065850   50.693689066  -40.136669624   -1.788101420

   -3.141592654    0.698131701   42.520906382  -43.173570832   -3.328096101
   -2.951193099    0.698131701   34.528996930  -39.871135935   -3.489034075
   -2.760793544    0.698131701   27.636438884  -32.043334383   -3.559990319
   -2.570393989    0.698131701   22.397538239  -23.161748566   -3.730697606
   -2.379994435    0.698131701   18.634181689  -17.086122257   -4.149015089
   -2.189594880    0.698131701   15.582196921  -15.756083907   -4.836004777
   -1.999195325    0.698131701   12.412612185  -17.815180018   -5.646820144
   -1.808795770    0.698131701    8.840886151  -19.180928729   -6.298555994
   -1.618396215    0.698131701    5.436780487  -15.432172776   -6.468258202
   -1.427996661    0.698131701    3.427138812   -4.493955329   -5.933139586
   -1.237597106    0.698131701    4.077192479   11.936273734   -4.684174539
   -1.047197551    0.698131701    8.025689849   29.217808842   -2.949326398
   -0.856797996    0.698131701   14.913185450   41.947956654   -1.077550443
   -0.666398442    0.698131701   23.467916124   46.274289464    0.636092831
   -0.475998887    0.698131701   31.935917097   41.051525369    2.122570436
   -0.285599332    0.698131701   38.605531643   27.847651348    3.592292881
   -0.095199777    0.698131701   42.265822556   10.175529734    5.454322393
    0.095199777    0.698131701   42.500601786   -7.302416822    8.134520371
    0.285599332    0.698131701   39.818514724  -19.695866193   11.814863478
    0.475998887    0.698131701   35.581183785  -23.170619630   16.211586929
    0.666398442    0.698131701   31.665892163  -16.409203346   20.520833757
    0.856797996    0.698131701   29.881088172   -1.437218479   23.640112179
    1.047197551    0.698131701   31.346729775   16.772564870   24.620286689
    1.237597106    0.698131701   36.105001757   32.233590010   23.105635347
    1.427996661    0.698131701   43.163455230   40.451340120   19.497665192
    1.618396215    0.698131701   50.956062407   39.985389756   14.753022173
    1.808795770    0.698131701   57.932507157   32.309002901    9.934252232
    1.999195325    0.698131701   62.983634878   20.256193293    5.801034622
    2.189594880    0.698131701   65.536023234    6.426674282    2.654294198
    2.379994435    0.698131701   65.420107831   -7.602405029    0.420376863
    2.570393989    0.698131701   62.686988996  -20.908655297   -1.133026937
    2.760793544    0.698131701   57.572469352  -32.433203291   -2.211369673
    2.951193099    0.698131701   50.565760966  -40.432841043   -2.924728405

   -3.141592654    1.047197551   40.876155960  -43.488428197   -7.498468672
   -2.951193099    1.047197551   32.893061935  -39.495173915   -7.537129797
   -2.760793544    1.047197551   26.109743852  -31.339790918   -7.022035664
   -2.570393989    1.047197551   20.999630058  -22.580693683   -6.212354258
   -2.379994435    1.047197551   17.308603108  -16.937962740   -5.386489882
   -2.189594880    1.047197551   14.239135604  -16.065484736   -4.716439917
   -1.999195325    1.047197551   10.986499267  -18.315048532   -4.222886846
   -1.808795770    1.047197551    7.334801083  -19.448414555   -3.816264319
   -1.618396215    1.047197551    3.932889715  -15.096142917   -3.379241075
   -1.427996661    1.047197551    2.058295966   -3.414853972   -2.839336655
   -1.237597106    1.047197551    2.975865434   13.614689742   -2.189443607
   -1.047197551    1.047197551    7.276190851   31.173427932   -1.467842936
   -0.856797996    1.047197551   14.539731835   43.900439497   -0.692873556
   -0.666398442    1.047197551   23.461692829   48.197936125    0.184770673
   -0.475998887    1.047197551   32.313805620   43.242331955    1.317251361
   -0.285599332    1.047197551   39.467185237   30.836365954    2.935590001
   -0.095199777    1.047197551   43.818564161   14.524217692    5.270866050
    0.095199777    1.047197551   45.036302035   -1.322089040    8.448407516
    0.285599332    1.047197551   43.627096632  -12.423753208   12.343401711
    0.475998887    1.047197551   40.815327497  -15.716438279   16.480942565
    0.666398442    1.047197551   38.206150191  -10.453835156   20.065208715
    0.856797996    1.047197551   37.277437527    1.362910008   22.203620511
    1.047197551    1.047197551   38.894619361   15.512020606   22.261076481
    1.237597106    1.047197551   43.040233565   27.207712346   20.158104912
    1.427996661    1.047197551   48.885469290   33.018661478   16.414845116
    1.618396215    1.047197551   55.173636774   31.902951016   11.918886986
    1.808795770    1.047197551   60.667694342   24.999836852    7.528443753
    1.999195325    1.047197551   64.461208587   14.404449832    3.764300083
    2.189594880    1.047197551   66.040814304    2.017304520    0.739527855
    2.379994435    1.047197551   65.194707119  -10.927483400   -1.703330767
    2.570393989    1.047197551   61.903869770  -23.476380105   -3.759192806
    2.760793544    1.047197551   56.362996361  -34.337293059   -5.489674950
    2.951193099    1.047197551   49.063052893  -41.582734866   -6.789377476

   -3.141592654    1.396263402   36.532173140  -45.413746557  -11.215386686
   -2.951193099    1.396263402   28.365804600  -39.472376105  -11.345146119
   -2.760793544    1.396263402   21.761932872  -29.546313907  -10.580171627
   -2.570393989    1.396263402   17.116465554  -19.613087796   -9.202412454
   -2.379994435    1.396263402   14.044672801  -13.516547485   -7.546860335
   -2.189594880    1.396263402   11.621184747  -12.781562404   -5.856029199
   -1.999195325    1.396263402    8.950035012  -15.534529464   -4.249409939
   -1.808795770    1.396263402    5.764365782  -17.353072863   -2.787670674
   -1.618396215    1.396263402    2.690579226  -13.749946187   -1.540646644
   -1.427996661    1.396263402    1.003352943   -2.777197727   -0.592353598
   -1.237597106    1.396263402    1.989203361   13.732127004    0.022767309
   -1.047197551    1.396263402    6.290396558   31.133147360    0.373446444
   -0.856797996    1.396263402   13.571430775   44.200100709    0.647769729
   -0.666398442    1.396263402   22.626412362   49.372239140    1.099790726
   -0.475998887    1.396263402   31.820573287   45.717401841    1.989760090
   -0.285599332    1.396263402   39.587712187   34.816580087    3.520481493
   -0.095199777    1.396263402   44.836000019   19.918457782    5.774274874
    0.095199777    1.396263402   47.181895782    5.022511920    8.671395408
    0.285599332    1.396263402   47.005265946   -5.995005215   11.916451554
    0.475998887    1.396263402   45.333811315  -10.378687054   14.994827425
    0.666398442    1.396263402   43.541125638   -7.394845688   17.257859803
    0.856797996    1.396263402   42.911100132    1.370921256   18.124984157
    1.047197551    1.396263402   44.231656196   12.466625865   17.310259294
    1.237597106    1.396263402   47.566147666   21.917743521   14.965767969
    1.427996661    1.396263402   52.291117797   26.763204818   11.619412435
    1.618396215    1.396263402   57.392700739   25.853810385    7.952040202
    1.808795770    1.396263402   61.809650287   19.779457659    4.505446508
    1.999195325    1.396263402   64.689845832    9.978532145    1.507279731
    2.189594880    1.396263402   65.467103528   -2.074592230   -1.113541170
    2.379994435    1.396263402   63.833764342  -15.159426996   -3.565261489
    2.570393989    1.396263402   59.709856297  -27.970895410   -5.975784521
    2.760793544    1.396263402   53.314202458  -38.712365381   -8.259240391
    2.951193099    1.396263402   45.249169137  -45.104193056  -10.119212865

   -3.141592654    1.745329252   31.340097467  -47.544363492  -15.279794820
   -2.951193099    1.745329252   22.977089423  -39.396078426  -15.946319293
   -2.760793544    1.745329252   16.582223479  -27.509175830  -15.272859843
   -2.570393989    1.745329252   12.461728818  -16.258631998  -13.424255127
   -2.379994435    1.745329252   10.097451091   -9.547242456  -10.736136810
   -2.189594880    1.745329252    8.442912636   -8.750612985   -7.565947906
   -1.999195325    1.745329252    6.512763766  -11.841079110   -4.234418908
   -1.808795770    1.745329252    3.971554510  -14.329632780   -1.052597153
   -1.618396215    1.745329252    1.387798582  -11.663146397    1.656048126
   -1.427996661    1.745329252    0.000000000   -1.710168201    3.606827426
   -1.237597106    1.745329252    1.107926877   14.007324373    4.671818765
   -1.047197551    1.745329252    5.427251458   31.147582051    4.955725480
   -0.856797996    1.745329252   12.740385129   44.618867739    4.779884030
   -0.666398442    1.745329252   21.962129872   50.773401314    4.557521676
   -0.475998887    1.745329252   31.543739986   48.411935658    4.659230069
   -0.285599332    1.745329252   39.947172978   38.768424845    5.308318537
   -0.095199777    1.745329252   46.041531313   24.761920834    6.524087980
    0.095199777    1.745329252   49.344402011   10.097570837    8.123967861
    0.285599332    1.745329252   50.088463275   -1.550722089    9.746873391
    0.475998887    1.745329252   49.132169195   -7.449405134   10.941464941
    0.666398442    1.745329252   47.698932331   -6.617214045   11.299198323
    0.856797996    1.745329252   46.994786666   -0.159845159   10.620283428
    1.047197551    1.745329252   47.832386242    9.040543277    8.991634646
    1.237597106    1.745329252   50.398198846   17.420574036    6.760836480
    1.427996661    1.745329252   54.237988370   22.096755553    4.373386640
    1.618396215    1.745329252   58.486035885   21.615108789    2.186888462
    1.808795770    1.745329252   62.148724724   16.069895514    0.322308717
    1.999195325    1.745329252   64.348253854    6.458014227   -1.354931598
    2.189594880    1.745329252   64.431551669   -5.924391317   -3.132297246
    2.379994435    1.745329252   62.003119910  -19.681415490   -5.284244187
    2.570393989    1.745329252   56.958519185  -33.053250431   -7.893385692
    2.760793544    1.745329252   49.588032862  -43.716313347  -10.757106199
    2.951193099    1.745329252   40.651142667  -49.093413898  -13.405094335

   -3.141592654    2.094395102   25.593457977  -50.635947942  -14.927185651
   -2.951193099    2.094395102   16.873696148  -39.985126109  -15.661336936
   -2.760793544    2.094395102   10.618265281  -25.488741083  -15.005108667
   -2.570393989    2.094395102    7.101184272  -12.041958660  -13.032583587
   -2.379994435    2.094395102    5.696124339   -3.811043230  -10.009645283
   -2.189594880    2.094395102    5.219943089   -2.231693999   -6.264460914
   -1.999195325    2.094395102    4.547218233   -5.275765099   -2.138184880
   -1.808795770    2.094395102    3.201458275   -8.460288450    1.984117836
   -1.618396215    2.094395102    1.615042890   -7.153520598    5.653976012
   -1.427996661    2.094395102    0.922600078    1.055216215    8.428829765
   -1.237597106    2.094395102    2.393396511   15.105575646   10.025789886
   -1.047197551    2.094395102    6.803207904   31.111510048   10.440718228
   -0.856797996    2.094395102   14.062347518   44.202403082    9.957141911
   -0.666398442    2.094395102   23.224578374   50.643789294    9.021909867
   -0.475998887    2.094395102   32.839785579   48.917720552    8.076934256
   -0.285599332    2.094395102   41.400063455   39.868101303    7.417261033
   -0.095199777    2.094395102   47.733794689   26.092312489    7.111616440
    0.095199777    2.094395102   51.268178483   11.094913252    7.005862687
    0.285599332    2.094395102   52.124147763   -1.456582765    6.791487523
    0.475998887    2.094395102   51.069324516   -8.610429832    6.149366823
    0.666398442    2.094395102   49.295879668   -8.973583431    4.905665979
    0.856797996    2.094395102   48.063260938   -3.240316602    3.151368025
    1.047197551    2.094395102   48.300204233    5.939128834    1.204547575
    1.237597106    2.094395102   50.324745697   14.915001466   -0.530660205
    1.427996661    2.094395102   53.769043592   20.457800636   -1.766053156
    1.618396215    2.094395102   57.775977184   20.658892988   -2.455181073
    1.808795770    2.094395102   61.280206905   15.253154827   -2.811475049
    1.999195325    2.094395102   63.282180619    5.087240677   -3.209044192
    2.189594880    2.094395102   63.002049170   -8.448873756   -4.035226692
    2.379994435    2.094395102   59.957487236  -23.631048826   -5.550716339
    2.570393989    2.094395102   54.038939395  -38.197911728   -7.772884915
    2.760793544    2.094395102   45.631455763  -49.289698787  -10.435171802
    2.951193099    2.094395102   35.679709026  -53.981692875  -13.020298696

   -3.141592654    2.443460953   20.841415293  -53.555889567   -9.106352100
   -2.951193099    2.443460953   11.752422197  -40.861289147   -9.165974038
   -2.760793544    2.443460953    5.553383393  -24.010627516   -8.124294975
   -2.570393989    2.443460953    2.536705226   -8.310276969   -5.990105925
   -2.379994435    2.443460953    2.029456178    1.812379237   -2.923139212
   -2.189594880    2.443460953    2.764577040    4.772586286    0.844730219
   -1.999195325    2.443460953    3.506004799    2.448602557    5.029172072
   -1.808795770    2.443460953    3.633498424   -0.865738930    9.253460014
   -1.618396215    2.443460953    3.404848945   -0.645211299   13.029418204
   -1.427996661    2.443460953    3.780798615    5.662842237   15.833543113
   -1.237597106    2.443460953    5.913302340   17.430694730   17.276518058
   -1.047197551    2.443460953   10.559090832   31.336587029   17.256469610
   -0.856797996    2.443460953   17.708932078   42.947944141   15.997530512
   -0.666398442    2.443460953   26.553336723   48.673874074   13.944272908
   -0.475998887    2.443460953   35.776365987   46.838225931   11.576730114
   -0.285599332    2.443460953   43.954226923   37.936568144    9.242154366
   -0.095199777    2.443460953   49.927204404   24.184820983    7.058213579
    0.095199777    2.443460953   53.071006708    8.820264635    4.920834428
    0.285599332    2.443460953   53.425978365   -4.497319360    2.617347138
    0.475998887    2.443460953   51.707390882  -12.523044072    0.011731407
    0.666398442    2.443460953   49.131977247  -13.366135439   -2.796426590
    0.856797996    2.443460953   47.077838804   -7.314246360   -5.424679925
    1.047197551    2.443460953   46.639610964    3.057592015   -7.366084488
    1.237597106    2.443460953   48.273715664   13.738736601   -8.235655507
    1.427996661    2.443460953   51.653330425   20.892524341   -7.975883633
    1.618396215    2.443460953   55.847488879   22.052569405   -6.889326723
    1.808795770    2.443460953   59.634950696   16.677988189   -5.505270790
    1.999195325    2.443460953   61.839299136    5.663966398   -4.368574096
    2.189594880    2.443460953   61.537925395   -9.314816886   -3.873343062
    2.379994435    2.443460953   58.172455962  -26.126052596   -4.184640448
    2.570393989    2.443460953   51.641551420  -42.053102995   -5.221612299
    2.760793544    2.443460953   42.421965611  -53.812612771   -6.692643625
    2.951193099    2.443460953   31.621436606  -58.203717200   -8.149397956

   -3.141592654    2.792526803   18.782128483  -54.286522155    1.547531988
   -2.951193099    2.792526803    9.681143656  -40.200349459    2.708273152
   -2.760793544    2.792526803    3.763289410  -21.706813849    4.182519699
   -2.570393989    2.792526803    1.341602662   -4.391926479    5.993008317
   -2.379994435    2.792526803    1.716902185    7.112361370    8.201160851
   -2.189594880    2.792526803    3.564545198   11.087497681   10.882226276
   -1.999195325    2.792526803    5.566142488    9.271747814   14.026940854
   -1.808795770    2.792526803    6.987682960    5.772123653   17.416887656
   -1.618396215    2.792526803    7.938851461    4.962890549   20.577294050
   -1.427996661    2.792526803    9.218387371    9.429146275   22.880256779
   -1.237597106    2.792526803   11.848126758   18.840803836   23.776860241
   -1.047197551    2.792526803   16.531346316   30.356054682   23.028542200
   -0.856797996    2.792526803   23.297867762   40.003195628   20.796085923
   -0.666398442    2.792526803   31.448238036   44.445893518   17.548445598
   -0.475998887    2.792526803   39.799051102   41.997418153   13.836258967
   -0.285599332    2.792526803   47.033791521   32.916539938   10.078677212
   -0.095199777    2.792526803   52.043940197   19.083076520    6.440183409
    0.095199777    2.792526803   54.197888245    3.490577651    2.853103927
    0.285599332    2.792526803   53.504348620  -10.183570529   -0.822188405
    0.475998887    2.792526803   50.680681601  -18.373011717   -4.584338910
    0.666398442    2.792526803   47.024225810  -18.711637684   -8.145002773
    0.856797996    2.792526803   44.073873304  -11.210355851  -10.964831518
    1.047197551    2.792526803   43.097605000    1.403694644  -12.491055730
    1.237597106    2.792526803   44.651106121   14.526206956  -12.450595679
    1.427996661    2.792526803   48.375276082   23.591968812  -11.005737094
    1.618396215    2.792526803   53.186101930   25.645637727   -8.688979072
    1.808795770    2.792526803   57.654772324   20.078494102   -6.159490522
    1.999195325    2.792526803   60.421005661    8.068454123   -3.944556244
    2.189594880    2.792526803   60.449495329   -8.281258978   -2.301601436
    2.379994435    2.792526803   57.149356346  -26.440465039   -1.222611243
    2.570393989    2.792526803   50.454850552  -43.383182287   -0.523945790
    2.760793544    2.792526803   40.927042880  -55.610882011    0.036139145
    2.951193099    2.792526803   29.792484182  -59.803663622    0.678373116
