#! FIELDS phi psi file.free der_phi der_psi
#! SET min_phi -pi
#! SET max_phi pi
#! SET nbins_phi  33
#! SET periodic_phi true
#! SET min_psi -pi
#! SET max_psi pi
#! SET nbins_psi  18
#! SET periodic_psi true
   -3.141592654   -3.141592654   18.390998752  -53.382507673   17.921378030
   -2.951193099   -3.141592654    9.971312415  -34.467701296   20.302063320
   -2.760793544   -3.141592654    5.365178226  -14.280014113   21.672763269
   -2.570393989   -3.141592654    4.279239203    1.759358502   22.239162484
   -2.379994435   -3.141592654    5.585927786   10.644807627   22.492053231
   -2.189594880   -3.141592654    7.893168913   12.594205418   23.045306158
   -1.999195325   -3.141592654   10.130783256   10.575425222   24.397202070
   -1.808795770   -3.141592654   11.936651800    8.753030894   26.688595011
   -1.618396215   -3.141592654   13.705222718   10.604621593   29.591641828
   -1.427996661   -3.141592654   16.309390345   17.550869961   32.397625149
   -1.237597106   -3.141592654   20.650261550   28.434299338   34.275981147
   -1.047197551   -3.141592654   27.208755519   40.222768501   34.568690344
   -0.856797996   -3.141592654   35.798799136   49.105895271   32.958263684
   -0.666398442   -3.141592654   45.538090068   51.837770606   29.492517371
   -0.475998887   -3.141592654   55.046717751   46.500318876   24.467865091
   -0.285599332   -3.141592654   62.736011985   32.840216447   18.316228011
   -0.095199777   -3.141592654   67.140981105   12.455685266   11.516677069
    0.095199777   -3.141592654   67.291312351  -11.096364500    4.556995391
    0.285599332   -3.141592654   63.071386192  -32.441930283   -2.061943379
    0.475998887   -3.141592654   55.481750351  -45.542145218   -7.813114633
    0.666398442   -3.141592654   46.573195914  -45.767257580  -12.169268657
    0.856797996   -3.141592654   38.961294575  -32.162459015  -14.720229899
    1.047197551   -3.141592654   34.990008642   -8.507171872  -15.330021784
    1.237597106   -3.141592654   35.901628710   17.704864930  -14.238135774
    1.427996661   -3.141592654   41.369940145   38.105784529  -11.976473904
    1.618396215   -3.141592654   49.640418008   46.384382910   -9.152718450
    1.808795770   -3.141592654   58.117133875   40.270956893   -6.197102020
    1.999195325   -3.141592654   64.177080419   21.623737820   -3.241064469
    2.189594880   -3.141592654   65.868919054   -4.595590758   -0.177434915
    2.379994435   -3.141592654   62.357126381  -31.914761595    3.173338828
    2.570393989   -3.141592654   54.056156431  -53.927855788    6.885233778
    2.760793544   -3.141592654   42.476974155  -65.752461025   10.820465682
    2.951193099   -3.141592654   29.819532607  -65.186004372   14.642226661

   -3.141592654   -2.792526803   26.320045427  -48.862076152   25.787144931
   -2.951193099   -2.792526803   18.557760424  -32.100165785   27.948576519
   -2.760793544   -2.792526803   14.214652403  -13.793469616   28.850423057
   -2.570393989   -2.792526803   13.104914461    1.198282880   28.827094760
   -2.379994435   -2.792526803   14.296176762   10.191836544   28.475636394
   -2.189594880   -2.792526803   16.617986292   13.357357769   28.450699349
   -1.999195325   -2.792526803   19.172591821   13.188745262   29.223145528
   -1.808795770   -2.792526803   21.646534368   13.060154811   30.857701567
   -1.618396215   -2.792526803   24.322616679   15.607493702   32.930161582
   -1.427996661   -2.792526803   27.823607020   21.693472101   34.640355914
   -1.237597106   -2.792526803   32.740420034   30.110927618   35.097942333
   -1.047197551   -2.792526803   39.284940797   38.271355376   33.656454858
   -0.856797996   -2.792526803   47.116127568   43.096314308   30.111333285
   -0.666398442   -2.792526803   55.342926077   42.077280275   24.725587821
   -0.475998887   -2.792526803   62.703480973   33.893853528   18.068945986
   -0.285599332   -2.792526803   67.819989462   18.662749915   10.834833904
   -0.095199777   -2.792526803   69.487430927   -1.876432454    3.686403565
    0.095199777   -2.792526803   67.003640147  -24.211969280   -2.822036867
    0.285599332   -2.792526803   60.498716740  -43.149796517   -8.255523347
    0.475998887   -2.792526803   51.174179918  -52.926659115  -12.281692028
    0.666398442   -2.792526803   41.219495687  -49.315943073  -14.663044172
    0.856797996   -2.792526803   33.297868041  -31.907178120  -15.309706354
    1.047197551   -2.792526803   29.689218371   -5.097229174  -14.344835609
    1.237597106   -2.792526803   31.462286776   23.152642993  -12.131057487
    1.427996661   -2.792526803   38.063443174   44.384799613   -9.164912604
    1.618396215   -2.792526803   47.536465397   52.652940962   -5.898520183
    1.808795770   -2.792526803   57.181145774   46.289486412   -2.561670832
    1.999195325   -2.792526803   64.381796564   27.659268140    0.881869922
    2.189594880   -2.792526803   67.260157414    1.893534779    4.618535829
    2.379994435   -2.792526803   65.048625525  -24.747208482    8.802085529
    2.570393989   -2.792526803   58.164116563  -46.302177690   13.389474319
    2.760793544   -2.792526803   48.031991506  -58.324574481   18.079231305
    2.951193099   -2.792526803   36.701844710  -58.832175470   22.382522015

   -3.141592654   -2.443460953   34.953630225  -44.500159870   23.090074609
   -2.951193099   -2.443460953   27.816509176  -29.893287607   24.764137033
   -2.760793544   -2.443460953   23.711918623  -13.395508526   25.440432052
   -2.570393989   -2.443460953   22.568447214    0.612287295   25.426470611
   -2.379994435   -2.443460953   23.636353565    9.652398638   25.169887673
   -2.189594880   -2.443460953   25.933243931   13.751364873   25.098205494
   -1.999195325   -2.443460953   28.686543107   14.885355390   25.460932676
   -1.808795770   -2.443460953   31.582352088   15.663758468   26.191132441
   -1.618396215   -2.443460953   34.753633484   17.969418704   26.871557620
   -1.427996661   -2.443460953   38.557892113   22.257817327   26.845601288
   -1.237597106   -2.443460953   43.295748076   27.495645094   25.457929476
   -1.047197551   -2.443460953   48.978120625   31.806030755   22.335184115
   -0.856797996   -2.443460953   55.226603538   33.082000040   17.535147998
   -0.666398442   -2.443460953   61.291952908   29.633989421   11.533895782
   -0.475998887   -2.443460953   66.173671109   20.577820550    5.036099632
   -0.285599332   -2.443460953   68.795321066    6.018965333   -1.232828554
   -0.095199777   -2.443460953   68.217996492  -12.640677381   -6.690487327
    0.095199777   -2.443460953   63.925672123  -32.355695897  -10.976157738
    0.285599332   -2.443460953   56.146217486  -48.372348159  -13.941969546
    0.475998887   -2.443460953   46.104722007  -55.250005082  -15.598321967
    0.666398442   -2.443460953   35.964663815  -48.984912131  -16.037528387
    0.856797996   -2.443460953   28.325282746  -29.342707017  -15.392686553
    1.047197551   -2.443460953   25.370908126   -0.887373346  -13.827924892
    1.237597106   -2.443460953   28.046250730   28.319225991  -11.555046251
    1.427996661   -2.443460953   35.670812639   49.887259537   -8.811125282
    1.618396215   -2.443460953   46.193984626   58.156107952   -5.801436303
    1.808795770   -2.443460953   56.887629056   51.843968321   -2.623159542
    1.999195325   -2.443460953   65.176095629   33.590217858    0.756979203
    2.189594880   -2.443460953   69.249052107    8.544840830    4.427452283
    2.379994435   -2.443460953   68.382074111  -17.307306304    8.424296184
    2.570393989   -2.443460953   62.964311720  -38.444041475   12.628101533
    2.760793544   -2.443460953   54.311419108  -50.800985732   16.738223634
    2.951193099   -2.443460953   44.311268093  -52.537674618   20.349065971

   -3.141592654   -2.094395102   41.248533690  -41.028768184   13.505333459
   -2.951193099   -2.094395102   34.641223132  -27.790238773   14.433931687
   -2.760793544   -2.094395102   30.824188122  -12.422967585   14.897956464
   -2.570393989   -2.094395102   29.790933797    0.875730404   15.092371189
   -2.379994435   -2.094395102   30.876765169    9.641481516   15.181499727
   -2.189594880   -2.094395102   33.169939415   13.750104069   15.226941197
   -1.999195325   -2.094395102   35.924149494   14.858473597   15.164494499
   -1.808795770   -2.094395102   38.779798288   15.161212425   14.800267147
   -1.618396215   -2.094395102   41.747385357   16.183256178   13.845764785
   -1.427996661   -2.094395102   45.016635888   18.291324782   11.999502899
   -1.237597106   -2.094395102   48.741406037   20.785431897    9.065145542
   -1.047197551   -2.094395102   52.887385239   22.471215032    5.083590105
   -0.856797996   -2.094395102   57.173233574   22.017297921    0.367336733
   -0.666398442   -2.094395102   61.076441420   18.249574746   -4.560941212
   -0.475998887   -2.094395102   63.879256550   10.359928148   -9.133456383
   -0.285599332   -2.094395102   64.759910758   -1.899398068  -12.889917282
   -0.095199777   -2.094395102   62.940306414  -17.731814476  -15.572462557
    0.095199777   -2.094395102   57.944960434  -34.701825448  -17.152789655
    0.285599332   -2.094395102   49.940611626  -48.493701300  -17.783824126
    0.475998887   -2.094395102   40.033218646  -53.822976239  -17.715798744
    0.666398442   -2.094395102   30.264384564  -46.582273783  -17.181760242
    0.856797996   -2.094395102   23.146115211  -26.296742686  -16.306925178
    1.047197551   -2.094395102   20.821605722    2.680100946  -15.082640946
    1.237597106   -2.094395102   24.222351659   32.371566268  -13.427506991
    1.427996661   -2.094395102   32.661062727   54.373244112  -11.280886024
    1.618396215   -2.094395102   44.075221169   63.009890254   -8.668401013
    1.808795770   -2.094395102   55.726398022   57.043926153   -5.696913806
    1.999195325   -2.094395102   65.041050217   39.164734224   -2.498445009
    2.189594880   -2.094395102   70.214691638   14.517648109    0.790805400
    2.379994435   -2.094395102   70.517312683  -11.038086135    4.041960184
    2.570393989   -2.094395102   66.299629912  -32.185026391    7.105345850
    2.760793544   -2.094395102   58.801338692  -45.025345111    9.803890065
    2.951193099   -2.094395102   49.814914363  -47.743638796   11.968796483

   -3.141592654   -1.745329252   43.587174529  -39.431432758    4.731045064
   -2.951193099   -1.745329252   37.240078847  -26.632303721    5.077755194
   -2.760793544   -1.745329252   33.614096130  -11.560504248    5.274791236
   -2.570393989   -1.745329252   32.721870437    1.487592484    5.350457870
   -2.379994435   -1.745329252   33.891474560    9.869572776    5.218875317
   -2.189594880   -1.745329252   36.167870955   13.280179853    4.688888086
   -1.999195325   -1.745329252   38.730620317   13.235324045    3.543999993
   -1.808795770   -1.745329252   41.128163457   11.897343910    1.631301337
   -1.618396215   -1.745329252   43.287329347   10.921008902   -1.072869813
   -1.427996661   -1.745329252   45.358437958   11.000366523   -4.437458128
   -1.237597106   -1.745329252   47.534528209   11.938701036   -8.199904569
   -1.047197551   -1.745329252   49.922898987   13.059339765  -11.993114907
   -0.856797996   -1.745329252   52.465301412   13.345504614  -15.415137269
   -0.666398442   -1.745329252   54.888053602   11.549678484  -18.100400317
   -0.475998887   -1.745329252   56.669320548    6.408743894  -19.808084592
   -0.285599332   -1.745329252   57.073973823   -2.979923053  -20.473975621
   -0.095199777   -1.745329252   55.286286292  -16.440101701  -20.215852910
    0.095199777   -1.745329252   50.693347708  -31.931099265  -19.311863261
    0.285599332   -1.745329252   43.276768922  -45.247428512  -18.124198900
    0.475998887   -1.745329252   33.964924423  -50.914547037  -16.998360144
    0.666398442   -1.745329252   24.682816829  -44.397005594  -16.137334199
    0.856797996   -1.745329252   17.918256179  -24.703510502  -15.514657041
    1.047197551   -1.745329252   15.880493283    4.204812951  -14.886169919
    1.237597106   -1.745329252   19.615254023   34.444275643  -13.920733430
    1.427996661   -1.745329252   28.536637064   57.397370253  -12.377622956
    1.618396215   -1.745329252   40.624193984   67.014856635  -10.226730152
    1.808795770   -1.745329252   53.111195902   61.743903842   -7.647785379
    1.999195325   -1.745329252   63.352814485   44.111535425   -4.921570118
    2.189594880   -1.745329252   69.458832298   19.292120498   -2.326619885
    2.379994435   -1.745329252   70.629553661   -6.743289775   -0.055425784
    2.570393989   -1.745329252   67.169474366  -28.549345399    1.789406347
    2.760793544   -1.745329252   60.294725471  -42.118791644    3.177612312
    2.951193099   -1.745329252   51.793331714  -45.541637150    4.132441485

   -3.141592654   -1.396263402   42.031259540  -39.863071196    1.620479179
   -2.951193099   -1.396263402   35.629196435  -26.756218709    1.200350498
   -2.760793544   -1.396263402   32.012749260  -11.368857543    0.739369038
   -2.570393989   -1.396263402   31.164055767    1.667232166    0.270412067
   -2.379994435   -1.396263402   32.319353785    9.417773588   -0.363437056
   -2.189594880   -1.396263402   34.392460574   11.482879852   -1.489459351
   -1.999195325   -1.396263402   36.438877176    9.548680959   -3.459269532
   -1.808795770   -1.396263402   37.941110457    6.204655568   -6.456961555
   -1.618396215   -1.396263402   38.856200702    3.668739905  -10.360939769
   -1.427996661   -1.396263402   39.471077292    3.145409691  -14.724458526
   -1.237597106   -1.396263402   40.192500781    4.729617469  -18.906442175
   -1.047197551   -1.396263402   41.368074943    7.709246053  -22.251360508
   -0.856797996   -1.396263402   43.140987009   10.713549154  -24.278715111
   -0.666398442   -1.396263402   45.350298716   11.937487629  -24.781217190
   -0.475998887   -1.396263402   47.474061263    9.519791257  -23.849490096
   -0.285599332   -1.396263402   48.671676752    2.077740025  -21.820449819
   -0.095199777   -1.396263402   47.947847711  -10.520554416  -19.175731292
    0.095199777   -1.396263402   44.470605966  -26.323922524  -16.446419257
    0.285599332   -1.396263402   38.007037862  -40.990902113  -14.093561660
    0.475998887   -1.396263402   29.322102310  -48.644000751  -12.410690478
    0.666398442   -1.396263402   20.278416322  -44.105807245  -11.445419072
    0.856797996   -1.396263402   13.432481166  -25.692337000  -10.990844116
    1.047197551   -1.396263402   11.175380991    3.085676004  -10.668023327
    1.237597106   -1.396263402   14.777372259   34.312294962  -10.085337279
    1.427996661   -1.396263402   23.823537732   58.871494320   -8.998741020
    1.618396215   -1.396263402   36.344435235   70.003945399   -7.390651967
    1.808795770   -1.396263402   49.496188885   65.589310079   -5.436660964
    1.999195325   -1.396263402   60.481992562   47.927451597   -3.393792089
    2.189594880   -1.396263402   67.251960225   22.347988824   -1.512542265
    2.379994435   -1.396263402   68.899572497   -4.825204159    0.027604804
    2.570393989   -1.396263402   65.694584821  -27.760267698    1.116684595
    2.760793544   -1.396263402   58.883905738  -42.167565995    1.713754364
    2.951193099   -1.396263402   50.326884104  -45.992519413    1.844899294

   -3.141592654   -1.047197551   39.125466195  -42.658575099    2.743890956
   -2.951193099   -1.047197551   32.227532440  -29.094446741    1.512885934
   -2.760793544   -1.047197551   28.235914435  -12.964787335    0.156073504
   -2.570393989   -1.047197551   27.142717948    0.614396311   -1.250045918
   -2.379994435   -1.047197551   28.095982089    8.195947394   -2.816862145
   -2.189594880   -1.047197551   29.845603076    9.153014166   -4.837184702
   -1.999195325   -1.047197551   31.283194843    5.415179986   -7.628276095
   -1.808795770   -1.047197551   31.818757364    0.250672507  -11.302211143
   -1.618396215   -1.047197551   31.485656957   -3.287434520  -15.601280292
   -1.427996661   -1.047197551   30.790927059   -3.394323343  -19.895430691
   -1.237597106   -1.047197551   30.429757380    0.133517198  -23.383366574
   -1.047197551   -1.047197551   31.008816620    6.166054283  -25.368280253
   -0.856797996   -1.047197551   32.813914331   12.586915542  -25.497266273
   -0.666398442   -1.047197551   35.676784391   16.796644308  -23.846118281
   -0.475998887   -1.047197551   38.931819117   16.325322232  -20.852161940
   -0.285599332   -1.047197551   41.505724555    9.494253015  -17.153861536
   -0.095199777   -1.047197551   42.144925058   -3.831913960  -13.392465702
    0.095199777   -1.047197551   39.784653704  -21.422827051  -10.065270244
    0.285599332   -1.047197551   34.034604399  -38.440759334   -7.432429224
    0.475998887   -1.047197551   25.612070084  -48.372265728   -5.518729695
    0.666398442   -1.047197551   16.455850584  -45.402846991   -4.176134916
    0.856797996   -1.047197551    9.303203425  -27.425157585   -3.183787551
    1.047197551   -1.047197551    6.770876742    2.084688551   -2.337746147
    1.237597106   -1.047197551   10.319487360   34.818289828   -1.502306661
    1.427996661   -1.047197551   19.621758819   61.009119557   -0.620930228
    1.618396215   -1.047197551   32.671483362   73.288858013    0.306482123
    1.808795770   -1.047197551   46.494262188   69.199622834    1.254801916
    1.999195325   -1.047197551   58.131208761   51.024228539    2.189303456
    2.189594880   -1.047197551   65.391738171   24.326576719    3.051511619
    2.379994435   -1.047197551   67.283922218   -4.259856981    3.751495181
    2.570393989   -1.047197551   64.050339831  -28.600856035    4.161833585
    2.760793544   -1.047197551   56.963879644  -44.161369913    4.158934980
    2.951193099   -1.047197551   47.951971846  -48.678317595    3.672167676

   -3.141592654   -0.698131701   38.592269172  -46.411742813    2.749577317
   -2.951193099   -0.698131701   30.956046788  -33.005378720    0.495624709
   -2.760793544   -0.698131701   26.239163855  -16.625558109   -1.874442413
   -2.570393989   -0.698131701   24.480718619   -2.739082232   -4.202221697
   -2.379994435   -0.698131701   24.795925798    4.750328679   -6.531376118
   -2.189594880   -0.698131701   25.829446011    4.967811644   -9.106507223
   -1.999195325   -0.698131701   26.359761769    0.038990772  -12.190290343
   -1.808795770   -0.698131701   25.766760029   -6.127853405  -15.798696639
   -1.618396215   -0.698131701   24.196154182   -9.681856904  -19.535951110
   -1.427996661   -0.698131701   22.399507575   -8.310589730  -22.649526447
   -1.237597106   -0.698131701   21.358060810   -1.899287613  -24.322707216
   -1.047197551   -0.698131701   21.889390503    7.742426809  -24.029366892
   -0.856797996   -0.698131701   24.327127579   17.534017992  -21.764896841
   -0.666398442   -0.698131701   28.372218286   24.032884481  -18.041149280
   -0.475998887   -0.698131701   33.103332096   24.321913724  -13.666364255
   -0.285599332   -0.698131701   37.152929441   16.776720842   -9.452961361
   -0.095199777   -0.698131701   39.025077135    1.714044928   -5.951332619
    0.095199777   -0.698131701   37.522674154  -17.957789322   -3.324870565
    0.285599332   -0.698131701   32.255265396  -36.737702749   -1.375821818
    0.475998887   -0.698131701   24.047789621  -47.674407355    0.278128429
    0.666398442   -0.698131701   14.997864355  -44.865329216    1.967766119
    0.856797996   -0.698131701    7.984927909  -26.443927767    3.791121835
    1.047197551   -0.698131701    5.701921776    3.704694501    5.588416812
    1.237597106   -0.698131701    9.609444691   36.906844310    7.074943626
    1.427996661   -0.698131701   19.327922102   63.223391415    8.025938680
    1.618396215   -0.698131701   32.786697711   75.324356844    8.400237853
    1.808795770   -0.698131701   46.965280281   70.880462096    8.341845382
    1.999195325   -0.698131701   58.881435272   52.262313121    8.069550842
    2.189594880   -0.698131701   66.327994659   25.021472422    7.746826475
    2.379994435   -0.698131701   68.286852912   -4.291489930    7.395167914
    2.570393989   -0.698131701   64.959992078  -29.581416033    6.885572068
    2.760793544   -0.698131701   57.583664030  -46.235501279    6.020669174
    2.951193099   -0.698131701   48.076755593  -51.762763580    4.643655253

   -3.141592654   -0.349065850   39.039893480  -51.353334261    2.510159769
   -2.951193099   -0.349065850   30.419264445  -38.291492572   -0.451920858
   -2.760793544   -0.349065850   24.706825558  -21.718907616   -3.462285001
   -2.570393989   -0.349065850   22.019198073   -7.398400596   -6.327962032
   -2.379994435   -0.349065850   21.474511565    0.313281737   -9.040405434
   -2.189594880   -0.349065850   21.647435984    0.290115832  -11.761935619
   -1.999195325   -0.349065850   21.240227684   -5.124802321  -14.641270378
   -1.808795770   -0.349065850   19.643843998  -11.367592103  -17.563848226
   -1.618396215   -0.349065850   17.154042280  -13.857249282  -20.034612967
   -1.427996661   -0.349065850   14.778885383   -9.977616578  -21.308780481
   -1.237597106   -0.349065850   13.747488401   -0.021211130  -20.743959052
   -1.047197551   -0.349065850   14.986965615   13.217248615  -18.164614971
   -0.856797996   -0.349065850   18.733151092   25.544870216  -14.005104029
   -0.666398442   -0.349065850   24.407082270   32.806555221   -9.164277660
   -0.475998887   -0.349065850   30.733605039   32.026576335   -4.633527950
   -0.285599332   -0.349065850   36.043575938   22.173284091   -1.125533022
   -0.095199777   -0.349065850   38.694170105    4.531903306    1.169223639
    0.095199777   -0.349065850   37.532740452  -17.011390078    2.597769566
    0.285599332   -0.349065850   32.369952217  -36.348667397    3.839773622
    0.475998887   -0.349065850   24.290531377  -46.542284111    5.555014395
    0.666398442   -0.349065850   15.589363400  -42.305056043    8.034094257
    0.856797996   -0.349065850    9.192380575  -22.657104649   11.035334198
    1.047197551   -0.349065850    7.680507601    7.822741360   13.912383275
    1.237597106   -0.349065850   12.318937708   40.300392146   15.960151151
    1.427996661   -0.349065850   22.555946743   65.208496170   16.761322734
    1.618396215   -0.349065850   36.248491928   75.835299931   16.343668917
    1.808795770   -0.349065850   50.414122787   70.326669371   15.093501411
    1.999195325   -0.349065850   62.166740021   51.183335882   13.501045912
    2.189594880   -0.349065850   69.386265288   23.745935211   11.929947341
    2.379994435   -0.349065850   71.083418846   -5.800073832   10.485672576
    2.570393989   -0.349065850   67.422718554  -31.644476987    9.032413017
    2.760793544   -0.349065850   59.570227769  -49.230513907    7.323812333
    2.951193099   -0.349065850   49.389687140  -55.839049986    5.158020343

   -3.141592654    0.000000000   40.129298566  -56.425440248    1.580869957
   -2.951193099    0.000000000   30.496926678  -43.763241129   -1.287880321
   -2.760793544    0.000000000   23.734349583  -27.218044638   -4.078822445
   -2.570393989    0.000000000   20.014570839  -12.722569257   -6.662276839
   -2.379994435    0.000000000   18.469868560   -4.882029824   -9.049951698
   -2.189594880    0.000000000   17.656809095   -4.869289628  -11.349881227
   -1.999195325    0.000000000   16.284577045  -10.015210759  -13.595796907
   -1.808795770    0.000000000   13.841971727  -15.180632795  -15.555445112
   -1.618396215    0.000000000   10.825643428  -15.352569903  -16.697452918
   -1.427996661    0.000000000    8.478209947   -8.051697376  -16.393789985
   -1.237597106    0.000000000    8.170271492    5.602322988  -14.277129332
   -1.047197551    0.000000000   10.769164414   21.627715668  -10.534011066
   -0.856797996    0.000000000   16.238438687   34.870249953   -5.907486678
   -0.666398442    0.000000000   23.605757022   40.939244533   -1.417993748
   -0.475998887    0.000000000   31.237923282   37.431365856    2.078703143
   -0.285599332    0.000000000   37.276053358   24.452449774    4.226915914
   -0.095199777    0.000000000   40.121285550    4.522654369    5.286166726
    0.095199777    0.000000000   38.871882833  -17.607491652    5.991679338
    0.285599332    0.000000000   33.690008055  -35.678801458    7.216566402
    0.475998887    0.000000000   25.962301296  -43.417821321    9.563782745
    0.666398442    0.000000000   18.099103496  -36.760155690   13.049021743
    0.856797996    0.000000000   12.899076529  -15.928679442   17.047437392
    1.047197551    0.000000000   12.636335344   13.895896790   20.564487338
    1.237597106    0.000000000   18.238813101   44.154175683   22.694190637
    1.427996661    0.000000000   28.937949368   66.192828699   23.006630751
    1.618396215    0.000000000   42.566397895   74.319226890   21.665243667
    1.808795770    0.000000000   56.280873370   67.293298056   19.256287180
    1.999195325    0.000000000   67.395599681   47.672992266   16.453074305
    2.189594880    0.000000000   73.956350189   20.402991290   13.750797998
    2.379994435    0.000000000   75.045131856   -8.872665614   11.329554053
    2.570393989    0.000000000   70.802346318  -34.758657507    9.094244768
    2.760793544    0.000000000   62.317836599  -52.831029188    6.823020650
    2.951193099    0.000000000   51.381589329  -60.198449019    4.329229507

   -3.141592654    0.349065850   41.906453544  -60.616933295    1.345863795
   -2.951193099    0.349065850   31.440869427  -48.259479526   -0.565388979
   -2.760793544    0.349065850   23.815023413  -31.736375875   -2.295149617
   -2.570393989    0.349065850   19.248864825  -17.066211249   -3.851572657
   -2.379994435    0.349065850   16.897636516   -9.000332910   -5.314045019
   -2.189594880    0.349065850   15.324191566   -8.711618849   -6.767193565
   -1.999195325    0.349065850   13.268266073  -13.265869363   -8.179574892
   -1.808795770    0.349065850   10.316656468  -17.126290047   -9.298521093
   -1.618396215    0.349065850    7.126359814  -15.087278562   -9.686372536
   -1.427996661    0.349065850    5.091541654   -4.988044401   -8.926761990
   -1.237597106    0.349065850    5.622049251   11.219999717   -6.898511034
   -1.047197551    0.349065850    9.444388503   28.598975384   -3.938478988
   -0.856797996    0.349065850   16.233178306   41.457899360   -0.732713396
   -0.666398442    0.349065850   24.692803220   45.626210481    1.991223804
   -0.475998887    0.349065850   32.976264802   39.569797784    3.824051553
   -0.285599332    0.349065850   39.209189938   24.527115524    4.856765071
   -0.095199777    0.349065850   41.980195072    3.954123979    5.629329875
    0.095199777    0.349065850   40.704233874  -17.026748095    6.896651037
    0.285599332    0.349065850   35.862452682  -32.518178953    9.293978951
    0.475998887    0.349065850   29.025231522  -37.270427694   13.023368116
    0.666398442    0.349065850   22.555762823  -28.537644658   17.680548367
    0.856797996    0.349065850   18.971731490   -7.558967440   22.331668558
    1.047197551    0.349065850   20.142968372   20.258395786   25.862700927
    1.237597106    0.349065850   26.639933287   47.038313448   27.431680324
    1.427996661    0.349065850   37.525557932   65.334004191   26.792640303
    1.618396215    0.349065850   50.694597908   70.576571053   24.324876183
    1.808795770    0.349065850   63.533365954   62.088507497   20.790782997
    1.999195325    0.349065850   73.627884435   42.354950255   16.975677946
    2.189594880    0.349065850   79.234365308   15.777620177   13.437024517
    2.379994435    0.349065850   79.525169622  -12.655636077   10.398920206
    2.570393989    0.349065850   74.617476189  -38.042953010    7.818327083
    2.760793544    0.349065850   65.514061391  -56.136793803    5.531963311
    2.951193099    0.349065850   53.913952375  -63.907488365    3.392120550

   -3.141592654    0.698131701   43.285550139  -62.596861975    0.457056057
   -2.951193099    0.698131701   32.454249422  -50.119515339    0.118778360
   -2.760793544    0.698131701   24.476644513  -33.575534693    0.013330704
   -2.570393989    0.698131701   19.554725010  -18.966467946   -0.070097526
   -2.379994435    0.698131701   16.833102438  -10.974139612   -0.302649990
   -2.189594880    0.698131701   14.884829598  -10.633179700   -0.747918744
   -1.999195325    0.698131701   12.492384945  -14.806065702   -1.334405857
   -1.808795770    0.698131701    9.321630029  -17.800889453   -1.864643450
   -1.618396215    0.698131701    6.120981266  -14.468954104   -2.091952658
   -1.427996661    0.698131701    4.336703558   -3.004123431   -1.847137725
   -1.237597106    0.698131701    5.342130329   14.097047780   -1.143028521
   -1.047197551    0.698131701    9.727236551   31.466517928   -0.190057194
   -0.856797996    0.698131701   16.987611239   43.414521396    0.743376395
   -0.666398442    0.698131701   25.696978837   46.287455931    1.513886528
   -0.475998887    0.698131701   34.008452776   39.339588438    2.248537945
   -0.285599332    0.698131701   40.195476415   24.494433525    3.324356893
   -0.095199777    0.698131701   43.089598579    5.505296841    5.210396608
    0.095199777    0.698131701   42.354296985  -12.759597855    8.267709360
    0.285599332    0.698131701   38.620227726  -25.173990222   12.555700883
    0.475998887    0.698131701   33.425510105  -27.580116884   17.711634685
    0.666398442    0.698131701   28.891015948  -18.275607288   22.956027525
    0.856797996    0.698131701   27.134732208    0.989710866   27.268041120
    1.047197551    0.698131701   29.606882803   25.120853728   29.719666384
    1.237597106    0.698131701   36.596214397   47.314235272   29.814601564
    1.427996661    0.698131701   47.122670225   61.463677306   27.656425162
    1.618396215    0.698131701   59.268654335   63.997040738   23.861155797
    1.808795770    0.698131701   70.736110049   54.540565579   19.274005985
    1.999195325    0.698131701   79.419044061   35.262151608   14.659079542
    2.189594880    0.698131701   83.784690821    9.904877203   10.530982193
    2.379994435    0.698131701   83.088761523  -17.167341304    7.122327222
    2.570393989    0.698131701   77.432922982  -41.448059543    4.470581954
    2.760793544    0.698131701   67.757200996  -58.804587784    2.527040106
    2.951193099    0.698131701   55.694389071  -66.140173144    1.219216882

   -3.141592654    1.047197551   42.248931103  -62.601607340   -4.538934658
   -2.951193099    1.047197551   31.512511512  -49.187428837   -3.554405436
   -2.760793544    1.047197551   23.757319159  -32.259581339   -2.228475148
   -2.570393989    1.047197551   19.077949576  -17.806315488   -0.943624574
   -2.379994435    1.047197551   16.533979172  -10.289308673    0.042146984
   -2.189594880    1.047197551   14.665265901  -10.461077387    0.655580774
   -1.999195325    1.047197551   12.270398436  -14.962091651    0.953694469
   -1.808795770    1.047197551    9.058723529  -18.038432382    1.031845302
   -1.618396215    1.047197551    5.817451852  -14.653551777    0.947804427
   -1.427996661    1.047197551    3.999629211   -3.201273604    0.702403243
   -1.237597106    1.047197551    4.950743497   13.675398677    0.290194092
   -1.047197551    1.047197551    9.220786031   30.669510017   -0.230128556
   -0.856797996    1.047197551   16.303905820   42.403129728   -0.654317101
   -0.666398442    1.047197551   24.845959058   45.675173383   -0.629961495
   -0.475998887    1.047197551   33.151682414   40.063932909    0.277877736
   -0.285599332    1.047197551   39.679210278   27.477952651    2.438258887
   -0.095199777    1.047197551   43.403794420   11.282644974    5.991705449
    0.095199777    1.047197551   44.029104299   -4.332555023   10.761551154
    0.285599332    1.047197551   42.084059447  -15.022923888   16.235471379
    0.475998887    1.047197551   38.864115814  -17.293259253   21.632935232
    0.666398442    1.047197551   36.150898875   -9.752343069   26.048286751
    0.856797996    1.047197551   35.713280703    6.091477507   28.662537012
    1.047197551    1.047197551   38.752650943   25.922157284   28.984009955
    1.237597106    1.047197551   45.491382254   43.997615719   27.010860470
    1.427996661    1.047197551   55.075531563   55.114276464   23.214593594
    1.618396215    1.047197551   65.840246951   56.084252323   18.349854512
    1.808795770    1.047197551   75.760303787   46.377789669   13.177153591
    1.999195325    1.047197551   82.937993612   27.713179281    8.260090253
    2.189594880    1.047197551   85.959664893    3.372977724    3.929043317
    2.379994435    1.047197551   84.129358165  -22.535197094    0.351895831
    2.570393989    1.047197551   77.568401333  -45.566528058   -2.358449652
    2.760793544    1.047197551   67.235932250  -61.562327883   -4.095613598
    2.951193099    1.047197551   54.783500900  -67.468292713   -4.798489270

   -3.141592654    1.396263402   37.274501157  -61.568062733   -9.544014438
   -2.951193099    1.396263402   26.924205183  -46.262462530   -7.868500045
   -2.760793544    1.396263402   19.845909591  -28.212360224   -5.865314328
   -2.570393989    1.396263402   15.975265499  -13.490714303   -3.984274343
   -2.379994435    1.396263402   14.223386075   -6.368811058   -2.462713669
   -2.189594880    1.396263402   13.029716959   -7.337651152   -1.286321070
   -1.999195325    1.396263402   11.135339071  -12.860231184   -0.330199797
   -1.808795770    1.396263402    8.213217664  -17.129638600    0.465918670
   -1.618396215    1.396263402    5.020149445  -15.078764492    1.023396838
   -1.427996661    1.396263402    2.994231105   -4.943252676    1.197962092
   -1.237597106    1.396263402    3.515156110   10.982537545    0.953136357
   -1.047197551    1.396263402    7.244661319   27.850555654    0.477089086
   -0.856797996    1.396263402   13.872852892   40.648458977    0.196548942
   -0.666398442    1.396263402   22.283935111   46.242271218    0.642946646
   -0.475998887    1.396263402   30.994430691   43.846895414    2.269072663
   -0.285599332    1.396263402   38.568243072   34.637219647    5.272308097
   -0.095199777    1.396263402   43.927571596   21.104039659    9.484757821
    0.095199777    1.396263402   46.563448096    6.671326775   14.386248287
    0.285599332    1.396263402   46.675851473   -4.742742082   19.196291147
    0.475998887    1.396263402   45.193215926   -9.606734421   23.048192960
    0.666398442    1.396263402   43.582885798   -6.013719063   25.194832282
    0.856797996    1.396263402   43.435629657    5.411237729   25.211533070
    1.047197551    1.396263402   45.957848972   21.335167084   23.114151834
    1.237597106    1.396263402   51.547611117   36.756217073   19.346365608
    1.427996661    1.396263402   59.619413628   46.701918808   14.606593017
    1.618396215    1.396263402   68.767990537   47.662346064    9.603541926
    1.808795770    1.396263402   77.134326661   38.515233796    4.841060991
    1.999195325    1.396263402   82.876583857   20.479791824    0.555425506
    2.189594880    1.396263402   84.572296778   -3.329020209   -3.184986654
    2.379994435    1.396263402   81.519941062  -28.623613645   -6.327773249
    2.570393989    1.396263402   73.887489158  -50.632150489   -8.722376243
    2.760793544    1.396263402   62.735759766  -64.985770060  -10.140060549
    2.951193099    1.396263402   49.830675677  -68.728568918  -10.401633948

   -3.141592654    1.745329252   31.197178341  -59.096663305  -16.222490137
   -2.951193099    1.745329252   21.472078160  -42.323974872  -14.857603542
   -2.760793544    1.745329252   15.203027332  -23.812525968  -12.845283965
   -2.570393989    1.745329252   12.145261189   -9.458834483  -10.515808844
   -2.379994435    1.745329252   11.093864237   -3.065221941   -8.073150446
   -2.189594880    1.745329252   10.459483675   -4.749780678   -5.556033318
   -1.999195325    1.745329252    8.996923879  -10.914722232   -2.964071574
   -1.808795770    1.745329252    6.377850481  -15.931192715   -0.411066063
   -1.618396215    1.745329252    3.324494547  -14.852808197    1.838224068
   -1.427996661    1.745329252    1.243961558   -5.721487576    3.490695078
   -1.237597106    1.745329252    1.554055468    9.655578417    4.441778311
   -1.047197551    1.745329252    5.054372036   26.953680569    4.895858807
   -0.856797996    1.745329252   11.649326776   41.382082402    5.327125362
   -0.666398442    1.745329252   20.436105872   49.569476202    6.269853572
   -0.475998887    1.745329252   30.058522983   50.088738593    8.085911879
   -0.285599332    1.745329252   39.063583068   43.270075339   10.799259012
   -0.095199777    1.745329252   46.196875346   30.834630546   14.049083103
    0.095199777    1.745329252   50.650456038   15.716311193   17.178905786
    0.285599332    1.745329252   52.272828791    1.793111396   19.401613331
    0.475998887    1.745329252   51.682032674   -6.939550956   20.038164367
    0.666398442    1.745329252   50.164039739   -7.700063114   18.739246887
    0.856797996    1.745329252   49.314956958   -0.103771753   15.629375634
    1.047197551    1.745329252   50.523748246   13.317984936   11.263743351
    1.237597106    1.745329252   54.478473863   27.852161904    6.431684075
    1.427996661    1.745329252   60.880832963   38.236460814    1.861141767
    1.618396215    1.745329252   68.516433795   40.274157659   -2.013744685
    1.808795770    1.745329252   75.579386340   32.157186648   -5.142128566
    1.999195325    1.745329252   80.177674961   14.752172090   -7.752553819
    2.189594880    1.745329252   80.815808510   -8.724117549  -10.129523782
    2.379994435    1.745329252   76.773638988  -33.550526703  -12.408525706
    2.570393989    1.745329252   68.291271323  -54.498102861  -14.467911466
    2.760793544    1.745329252   56.564424191  -67.026152790  -15.990631826
    2.951193099    1.745329252   43.486406584  -68.458438924  -16.631279174

   -3.141592654    2.094395102   24.337682077  -57.996171611  -18.324455828
   -2.951193099    2.094395102   14.976970402  -39.676062158  -17.177326253
   -2.760793544    2.094395102    9.320174135  -20.122428316  -15.303478209
   -2.570393989    2.094395102    7.025596686   -5.202354540  -12.923638730
   -2.379994435    2.094395102    6.818681331    1.522635078  -10.181582051
   -2.189594880    2.094395102    7.083388561    0.090755835   -7.096787814
   -1.999195325    2.094395102    6.556060551   -5.980856238   -3.667591137
   -1.808795770    2.094395102    4.856282499  -11.296109640   -0.016853449
   -1.618396215    2.094395102    2.617292876  -11.019306144    3.556729788
   -1.427996661    2.094395102    1.165933602   -2.959947871    6.678485596
   -1.237597106    2.094395102    1.915123853   11.583218394    9.102605760
   -1.047197551    2.094395102    5.759275990   28.776220820   10.843361893
   -0.856797996    2.094395102   12.761322318   43.957330118   12.155358050
   -0.666398442    2.094395102   22.156819727   53.426485138   13.360498403
   -0.475998887    2.094395102   32.632979828   55.122857661   14.650392461
   -0.285599332    2.094395102   42.651465261   48.697708872   15.964107689
   -0.095199777    2.094395102   50.758015080   35.395972192   16.976978572
    0.095199777    2.094395102   55.885988720   18.014643105   17.198586489
    0.285599332    2.094395102   57.639918053    0.743281891   16.132780583
    0.475998887    2.094395102   56.495300146  -11.690817994   13.493598237
    0.666398442    2.094395102   53.760286337  -15.541299054    9.373679202
    0.856797996    2.094395102   51.232332771   -9.603261236    4.302052869
    1.047197551    2.094395102   50.615377912    3.931231893   -0.912094206
    1.237597106    2.094395102   52.915749423   20.046222208   -5.461242657
    1.427996661    2.094395102   58.044327966   32.701359770   -8.836838324
    1.618396215    2.094395102   64.831624784   36.801595347  -10.977401490
    1.808795770    2.094395102   71.365931627   29.911214232  -12.223776564
    1.999195325    2.094395102   75.573043851   12.746347249  -13.104523788
    2.189594880    2.094395102   75.793538132  -11.164784882  -14.074322163
    2.379994435    2.094395102   71.232699976  -36.506218178  -15.328743405
    2.570393989    2.094395102   62.174081322  -57.465531961  -16.740828949
    2.760793544    2.094395102   49.943696748  -69.195505392  -17.958143760
    2.951193099    2.094395102   36.586337466  -69.130824757  -18.573608663

   -3.141592654    2.443460953   18.106152304  -57.858315884  -12.382864404
   -2.951193099    2.443460953    8.889921762  -38.317628444  -11.083176875
   -2.760793544    2.443460953    3.601638295  -17.637992862   -9.265695217
   -2.570393989    2.443460953    1.879439581   -1.692460948   -7.024087067
   -2.379994435    2.443460953    2.440033854    6.078279767   -4.394063811
   -2.189594880    2.443460953    3.677610245    5.753686185   -1.322591247
   -1.999195325    2.443460953    4.328680214    0.688795098    2.247926153
   -1.808795770    2.443460953    3.964183547   -4.041194430    6.244142010
   -1.618396215    2.443460953    3.109852178   -3.859338729   10.387436968
   -1.427996661    2.443460953    2.959371920    3.451370601   14.251018162
   -1.237597106    2.443460953    4.828629137   16.911989851   17.432039122
   -1.047197551    2.443460953    9.588072747   33.095375404   19.699064473
   -0.856797996    2.443460953   17.338538895   47.541969864   21.023696754
   -0.666398442    2.443460953   27.360855768   56.422142141   21.485630156
   -0.475998887    2.443460953   38.338373375   57.320310717   21.137827212
   -0.285599332    2.443460953   48.655588067   49.511789274   19.929486807
   -0.095199777    2.443460953   56.723397401   34.042657052   17.712853414
    0.095199777    2.443460953   61.330505794   13.803852557   14.324522795
    0.285599332    2.443460953   61.987273641   -6.558723637    9.711714550
    0.475998887    2.443460953   59.191643227  -21.580546075    4.080095626
    0.666398442    2.443460953   54.424010208  -26.718547803   -2.033032454
    0.856797996    2.443460953   49.784673093  -20.284340335   -7.818038912
    1.047197551    2.443460953   47.319151185   -4.560763982  -12.441588511
    1.237597106    2.443460953   48.297103939   14.734504833  -15.348706685
    1.427996661    2.443460953   52.723122906   30.554464365  -16.464228653
    1.618396215    2.443460953   59.336241232   36.924627523  -16.182136209
    1.808795770    2.443460953   66.005457644   30.987102634  -15.166142427
    1.999195325    2.443460953   70.407980080   13.566388269  -14.072887338
    2.189594880    2.443460953   70.697597716  -11.316608045  -13.338009671
    2.379994435    2.443460953   66.002933843  -37.713028591  -13.090010548
    2.570393989    2.443460953   56.645638729  -59.285674993  -13.176819611
    2.760793544    2.443460953   44.064581956  -70.928223489  -13.289322321
    2.951193099    2.443460953   30.439027799  -70.125490011  -13.097748203

   -3.141592654    2.792526803   15.079515093  -56.888044244    1.702542452
   -2.951193099    2.792526803    6.107083318  -36.719110779    3.563794736
   -2.760793544    2.792526803    1.194019023  -15.285921653    5.190188893
   -2.570393989    2.792526803    0.000000000    1.513469200    6.632636738
   -2.379994435    2.792526803    1.263128353   10.267901438    8.125044609
   -2.189594880    2.792526803    3.403377414   11.057148462   10.020792460
   -1.999195325    2.792526803    5.173097428    7.116072135   12.629682383
   -1.808795770    2.792526803    6.121575017    3.251241923   16.018474296
   -1.618396215    2.792526803    6.695656344    3.732748533   19.900509583
   -1.427996661    2.792526803    7.960781435   10.600990078   23.693249261
   -1.237597106    2.792526803   11.091858372   22.913445664   26.730942295
   -1.047197551    2.792526803   16.841746569   37.428121402   28.497548743
   -0.856797996    2.792526803   25.230102125   49.865441171   28.742534286
   -0.666398442    2.792526803   35.482269075   56.470239277   27.458049271
   -0.475998887    2.792526803   46.232897023   54.845377529   24.756144035
   -0.285599332    2.792526803   55.821892633   44.313511079   20.781906472
   -0.095199777    2.792526803   62.635024814   26.079085660   15.687757823
    0.095199777    2.792526803   65.481182798    3.349240573    9.675748945
    0.285599332    2.792526803   63.965833084  -18.751688498    3.074614683
    0.475998887    2.792526803   58.781257948  -34.228182040   -3.591218154
    0.666398442    2.792526803   51.691702597  -38.159818761   -9.614884991
    0.856797996    2.792526803   45.117793699  -28.919566864  -14.249968775
    1.047197551    2.792526803   41.361930448   -9.378309549  -16.957907628
    1.237597106    2.792526803   41.797305014   13.786729718  -17.627615477
    1.427996661    2.792526803   46.346411283   32.603056366  -16.609859672
    1.618396215    2.792526803   53.525761740   40.590810367  -14.555106615
    1.808795770    2.792526803   60.936516396   34.923568370  -12.135337852
    1.999195325    2.792526803   66.035346120   16.845425870   -9.814253576
    2.189594880    2.792526803   66.851572452   -9.077788583   -7.766074116
    2.379994435    2.792526803   62.486257354  -36.447262931   -5.931902638
    2.570393989    2.792526803   53.302510604  -58.661768033   -4.146535769
    2.760793544    2.792526803   40.811737766  -70.532973451   -2.276469094
    2.951193099    2.792526803   27.270652060  -69.587136387   -0.295123119
