#! FIELDS phi psi file.free der_phi der_psi
#! SET min_phi -pi
#! SET max_phi pi
#! SET nbins_phi  33
#! SET periodic_phi true
#! SET min_psi -pi
#! SET max_psi pi
#! SET nbins_psi  18
#! SET periodic_psi true
   -3.141592654   -3.141592654   18.408314373  -53.216262238   17.621576083
   -2.951193099   -3.141592654   10.011658944  -34.391631264   20.026378594
   -2.760793544   -3.141592654    5.412196644  -14.273305504   21.473709324
   -2.570393989   -3.141592654    4.326801731    1.777017292   22.149726940
   -2.379994435   -3.141592654    5.643134837   10.740620798   22.524415891
   -2.189594880   -3.141592654    7.977088875   12.779242124   23.190589197
   -1.999195325   -3.141592654   10.254233651   10.793211859   24.624154613
   -1.808795770   -3.141592654   12.097399921    8.910487119   26.945549841
   -1.618396215   -3.141592654   13.882829956   10.612467237   29.814789856
   -1.427996661   -3.141592654   16.469584045   17.356466760   32.527601767
   -1.237597106   -3.141592654   20.753330673   28.034936164   34.276322427
   -1.047197551   -3.141592654   27.218793625   39.656501437   34.438968611
   -0.856797996   -3.141592654   35.690251466   48.441985004   32.734659788
   -0.666398442   -3.141592654   45.301393659   51.175545636   29.235023948
   -0.475998887   -3.141592654   54.693880024   45.968963876   24.239694783
   -0.285599332   -3.141592654   62.306526839   32.594132814   18.163596500
   -0.095199777   -3.141592654   66.704062636   12.648770556   11.455362549
    0.095199777   -3.141592654   66.941840930  -10.358038973    4.569034470
    0.285599332   -3.141592654   62.915649807  -31.151592045   -2.021403753
    0.475998887   -3.141592654   55.615204501  -43.823617197   -7.800342073
    0.666398442   -3.141592654   47.055955527  -43.862947560  -12.230244674
    0.856797996   -3.141592654   39.799341691  -30.387843531  -14.869529393
    1.047197551   -3.141592654   36.127665428   -7.182331592  -15.539747802
    1.237597106   -3.141592654   37.227488843   18.324375707  -14.444886676
    1.427996661   -3.141592654   42.735149545   37.892881088  -12.106670914
    1.618396215   -3.141592654   50.888073599   45.388939075   -9.155465140
    1.808795770   -3.141592654   59.118207859   38.732004091   -6.069375671
    1.999195325   -3.141592654   64.862668671   19.917532049   -3.031884934
    2.189594880   -3.141592654   66.245551382   -6.074493287    0.030841449
    2.379994435   -3.141592654   62.496490810  -32.899267094    3.297603766
    2.570393989   -3.141592654   54.061305731  -54.360898291    6.872858833
    2.760793544   -3.141592654   42.442292306  -65.770790276   10.666147711
    2.951193099   -3.141592654   29.802706974  -65.015034892   14.383794499

   -3.141592654   -2.792526803   26.247149611  -48.668874226   25.550396826
   -2.951193099   -2.792526803   18.523334859  -31.893805005   27.749359779
   -2.760793544   -2.792526803   14.219104439  -13.584944516   28.734923352
   -2.570393989   -2.792526803   13.152257713    1.452539423   28.823774051
   -2.379994435   -2.792526803   14.398574697   10.521838720   28.592532186
   -2.189594880   -2.792526803   16.788198898   13.732715921   28.673959983
   -1.999195325   -2.792526803   19.410893933   13.509798779   29.515056815
   -1.808795770   -2.792526803   21.930565361   13.198871184   31.160692138
   -1.618396215   -2.792526803   24.607422847   15.467033119   33.178153274
   -1.427996661   -2.792526803   28.052701529   21.253574653   34.778811821
   -1.237597106   -2.792526803   32.861813817   29.439423090   35.104137328
   -1.047197551   -2.792526803   39.265928136   37.493879289   33.550667412
   -0.856797996   -2.792526803   46.950168086   42.354900619   29.952356305
   -0.666398442   -2.792526803   55.049582087   41.500973448   24.590317153
   -0.475998887   -2.792526803   62.324269360   33.585760500   18.024845060
   -0.285599332   -2.792526803   67.414096064   18.702894110   10.915608718
   -0.095199777   -2.792526803   69.126840635   -1.432511568    3.879184359
    0.095199777   -2.792526803   66.767460086  -23.348854852   -2.574744229
    0.285599332   -2.792526803   60.463360869  -41.913697249   -8.039938325
    0.475998887   -2.792526803   51.400527158  -51.435643402  -12.186675483
    0.666398442   -2.792526803   41.740250777  -47.744631784  -14.749758876
    0.856797996   -2.792526803   34.109061401  -30.460800749  -15.587076567
    1.047197551   -2.792526803   30.747055690   -3.984326932  -14.761550571
    1.237597106   -2.792526803   32.684907973   23.743360408  -12.590474119
    1.427996661   -2.792526803   39.337467310   44.319463532   -9.559347155
    1.618396215   -2.792526803   48.732151779   51.904122981   -6.148905976
    1.808795770   -2.792526803   58.177760584   44.983837204   -2.645810833
    1.999195325   -2.792526803   65.097910353   26.074947502    0.925271052
    2.189594880   -2.792526803   67.675903686    0.381937796    4.710368372
    2.379994435   -2.792526803   65.207654103  -25.894036330    8.857797886
    2.570393989   -2.792526803   58.151382162  -46.951956906   13.352041432
    2.760793544   -2.792526803   47.939912021  -58.527526768   17.937106793
    2.951193099   -2.792526803   36.600786602  -58.750958904   22.165919280

   -3.141592654   -2.443460953   34.837176289  -44.264748323   22.979809991
   -2.951193099   -2.443460953   27.753928113  -29.570546618   24.696572047
   -2.760793544   -2.443460953   23.715992248  -13.015777637   25.447859869
   -2.570393989   -2.443460953   22.651172236    1.065643249   25.528532877
   -2.379994435   -2.443460953   23.812174212   10.176928382   25.369976490
   -2.189594880   -2.443460953   26.210381225   14.276794594   25.381052676
   -1.999195325   -2.443460953   29.052838784   15.272141760   25.790775432
   -1.808795770   -2.443460953   31.996500180   15.756859411   26.517505716
   -1.618396215   -2.443460953   35.149363391   17.676978319   27.142070328
   -1.427996661   -2.443460953   38.862141047   21.604620942   27.025587007
   -1.237597106   -2.443460953   43.451737640   26.624889152   25.547899623
   -1.047197551   -2.443460953   48.963516368   30.922539270   22.376892631
   -0.856797996   -2.443460953   55.058062855   32.377617976   17.601300397
   -0.666398442   -2.443460953   61.016983089   29.235689386   11.703080333
   -0.475998887   -2.443460953   65.856031107   20.532224000    5.362901643
   -0.285599332   -2.443460953   68.501750360    6.312697394   -0.741502265
   -0.095199777   -2.443460953   68.009126584  -12.052036307   -6.084038120
    0.095199777   -2.443460953   63.852125367  -31.531364366  -10.351136260
    0.285599332   -2.443460953   56.246190863  -47.382770033  -13.417285773
    0.475998887   -2.443460953   46.402236782  -54.174055895  -15.281369128
    0.666398442   -2.443460953   36.468730294  -47.901490005  -15.990992811
    0.856797996   -2.443460953   29.029918465  -28.331253372  -15.613578501
    1.047197551   -2.443460953   26.253704357   -0.043560860  -14.247486405
    1.237597106   -2.443460953   29.063678239   28.866054448  -12.061022651
    1.427996661   -2.443460953   36.752127742   49.988150210   -9.284522785
    1.618396215   -2.443460953   47.242579052   57.702471201   -6.153657787
    1.808795770   -2.443460953   57.796695699   50.849724148   -2.819816086
    1.999195325   -2.443460953   65.857214329   32.233672005    0.694018398
    2.189594880   -2.443460953   69.660645119    7.126705584    4.438423027
    2.379994435   -2.443460953   68.542361645  -18.484283754    8.441690158
    2.570393989   -2.443460953   62.939604844  -39.190365862   12.604257240
    2.760793544   -2.443460953   54.188244572  -51.096923784   16.660349331
    2.951193099   -2.443460953   44.166179735  -52.492960472   20.236332853

   -3.141592654   -2.094395102   41.156436800  -40.758462204   13.652566420
   -2.951193099   -2.094395102   34.613557712  -27.393219562   14.606183225
   -2.760793544   -2.094395102   30.880447774  -11.938171709   15.106269036
   -2.570393989   -2.094395102   29.947647349    1.449525219   15.345993147
   -2.379994435   -2.094395102   31.149229132   10.279222379   15.483183283
   -2.189594880   -2.094395102   33.562269043   14.351525370   15.568473626
   -1.999195325   -2.094395102   36.414318670   15.257450532   15.523949214
   -1.808795770   -2.094395102   39.313040754   15.192665701   15.147421463
   -1.618396215   -2.094395102   42.244835744   15.776193265   14.153168816
   -1.427996661   -2.094395102   45.399702191   17.522791936   12.257381416
   -1.237597106   -2.094395102   48.959576129   19.866209373    9.292225194
   -1.047197551   -2.094395102   52.936701353   21.661247187    5.327171764
   -0.856797996   -2.094395102   57.095824214   21.523492772    0.690586864
   -0.666398442   -2.094395102   60.943125283   18.160783287   -4.101723091
   -0.475998887   -2.094395102   63.765269389   10.639452737   -8.512401750
   -0.285599332   -2.094395102   64.725115713   -1.368871739  -12.127734166
   -0.095199777   -2.094395102   63.019399226  -17.085721076  -14.738190112
    0.095199777   -2.094395102   58.148944483  -34.047645074  -16.350103128
    0.285599332   -2.094395102   50.264503645  -47.889267599  -17.124591864
    0.475998887   -2.094395102   40.466304844  -53.272640812  -17.288375881
    0.666398442   -2.094395102   30.799592405  -46.048780738  -17.024630070
    0.856797996   -2.094395102   23.784832836  -25.736075582  -16.397875560
    1.047197551   -2.094395102   21.569741481    3.263207410  -15.347939757
    1.237597106   -2.094395102   25.076612285   32.879319991  -13.767085663
    1.427996661   -2.094395102   33.590717056   54.623916566  -11.598874672
    1.618396215   -2.094395102   45.012577250   62.815721428   -8.897571423
    1.808795770   -2.094395102   56.576486718   56.324443204   -5.809855713
    1.999195325   -2.094395102   65.710538460   38.021455972   -2.503957667
    2.189594880   -2.094395102   70.646058285   13.214793556    0.861459428
    2.379994435   -2.094395102   70.710282474  -12.189995344    4.153052731
    2.570393989   -2.094395102   66.306702067  -32.957539746    7.230501866
    2.760793544   -2.094395102   58.703701095  -45.353432366    9.932203934
    2.951193099   -2.094395102   49.691433942  -47.704460373   12.102218885

   -3.141592654   -1.745329252   43.578447482  -39.140661109    5.025597363
   -2.951193099   -1.745329252   37.299251493  -26.218637078    5.371432375
   -2.760793544   -1.745329252   33.760625688  -11.055081551    5.559439766
   -2.570393989   -1.745329252   32.973527667    2.089498879    5.627344811
   -2.379994435   -1.745329252   34.264576987   10.537615640    5.493029809
   -2.189594880   -1.745329252   36.665783196   13.900092090    4.963053889
   -1.999195325   -1.745329252   39.327751819   13.629289318    3.815405291
   -1.808795770   -1.745329252   41.765046231   11.900669360    1.895197854
   -1.618396215   -1.745329252   43.882357348   10.483529974   -0.816214598
   -1.427996661   -1.745329252   45.836010752   10.237083554   -4.175345933
   -1.237597106   -1.745329252   47.854897458   11.100971698   -7.904449412
   -1.047197551   -1.745329252   50.099185521   12.429701404  -11.625919642
   -0.856797996   -1.745329252   52.557951466   13.118721651  -14.938488643
   -0.666398442   -1.745329252   54.980124958   11.763816414  -17.491953825
   -0.475998887   -1.745329252   56.835789878    6.949512835  -19.073131354
   -0.285599332   -1.745329252   57.358769202   -2.311878995  -19.651765014
   -0.095199777   -1.745329252   55.694350450  -15.839616946  -19.376410505
    0.095199777   -1.745329252   51.198535568  -31.521043519  -18.543141208
    0.285599332   -1.745329252   43.839070722  -45.047636017  -17.510901474
    0.475998887   -1.745329252   34.550480572  -50.845323056  -16.598458594
    0.666398442   -1.745329252   25.279859601  -44.317004488  -15.965508371
    0.856797996   -1.745329252   18.542563679  -24.478297863  -15.540487448
    1.047197551   -1.745329252   16.565765072    4.617743044  -15.048014881
    1.237597106   -1.745329252   20.389935052   34.941874086  -14.147613207
    1.427996661   -1.745329252   29.396583495   57.752414239  -12.608118663
    1.618396215   -1.745329252   41.517791439   66.979171764  -10.418063625
    1.808795770   -1.745329252   53.948529502   61.185275414   -7.775094243
    1.999195325   -1.745329252   64.037738474   43.101017162   -4.972535072
    2.189594880   -1.745329252   69.927401960   18.086253010   -2.296837696
    2.379994435   -1.745329252   70.875228065   -7.827192638    0.053917671
    2.570393989   -1.745329252   67.240295639  -29.271745719    1.971038005
    2.760793544   -1.745329252   60.269235530  -42.407933802    3.417469934
    2.951193099   -1.745329252   51.748519657  -45.473401360    4.410630425

   -3.141592654   -1.396263402   42.120416567  -39.606099463    1.795158917
   -2.951193099   -1.396263402   35.777528540  -26.395545548    1.368383963
   -2.760793544   -1.396263402   32.238689947  -10.908784461    0.881298273
   -2.570393989   -1.396263402   31.488456882    2.245357930    0.378517765
   -2.379994435   -1.396263402   32.762683422   10.081732290   -0.288244529
   -2.189594880   -1.396263402   34.960910041   12.107913182   -1.440637996
   -1.999195325   -1.396263402   37.107813879    9.950539207   -3.425834185
   -1.808795770   -1.396263402   38.651866747    6.223808618   -6.422079868
   -1.618396215   -1.396263402   39.530109471    3.271355693  -10.300612671
   -1.427996661   -1.396263402   40.038992236    2.465307280  -14.609184777
   -1.237597106   -1.396263402   40.624007989    4.027814552  -18.706700828
   -1.047197551   -1.396263402   41.685902091    7.260265945  -21.945535265
   -0.856797996   -1.396263402   43.411857622   10.685530265  -23.860208889
   -0.666398442   -1.396263402   45.657058911   12.328653661  -24.262816758
   -0.475998887   -1.396263402   47.883415016   10.172599989  -23.262952731
   -0.285599332   -1.396263402   49.211517463    2.757004255  -21.212897595
   -0.095199777   -1.396263402   48.601922587  -10.026802732  -18.603157524
    0.095199777   -1.396263402   45.190877989  -26.127444726  -15.965448169
    0.285599332   -1.396263402   38.736679891  -41.069816098  -13.751011269
    0.475998887   -1.396263402   30.020597094  -48.856617613  -12.233115506
    0.666398442   -1.396263402   20.939233516  -44.252334822  -11.433010501
    0.856797996   -1.396263402   14.085436865  -25.607737149  -11.119499226
    1.047197551   -1.396263402   11.870400836    3.436719626  -10.899434656
    1.237597106   -1.396263402   15.555052922   34.795197543  -10.379102411
    1.427996661   -1.396263402   24.685611047   59.228763509   -9.319991828
    1.618396215   -1.396263402   37.241234647   69.978214073   -7.710840968
    1.808795770   -1.396263402   50.340135968   65.059959014   -5.730046314
    1.999195325   -1.396263402   61.182254367   46.981617720   -3.635030766
    2.189594880   -1.396263402   67.751867008   21.244741044   -1.678647972
    2.379994435   -1.396263402   69.198377348   -5.787062791   -0.047789639
    2.570393989   -1.396263402   65.841090522  -28.373317008    1.134589726
    2.760793544   -1.396263402   58.951232052  -42.389880226    1.811903207
    2.951193099   -1.396263402   50.382402562  -45.912973325    1.997383793

   -3.141592654   -1.047197551   39.293835155  -42.409341729    2.835332061
   -2.951193099   -1.047197551   32.448454354  -28.793051176    1.604773294
   -2.760793544   -1.047197551   28.519826094  -12.595005198    0.215080320
   -2.570393989   -1.047197551   27.506597016    1.091737161   -1.244167168
   -2.379994435   -1.047197551   28.560045842    8.766416736   -2.871597793
   -2.189594880   -1.047197551   30.419048409    9.709238242   -4.947872742
   -1.999195325   -1.047197551   31.947914749    5.792059114   -7.778093590
   -1.808795770   -1.047197551   32.526263932    0.307629126  -11.463093956
   -1.618396215   -1.047197551   32.170347477   -3.574817770  -15.737492927
   -1.427996661   -1.047197551   31.396866496   -3.901551784  -19.972095948
   -1.237597106   -1.047197551   30.935909006   -0.363117702  -23.377025397
   -1.047197551   -1.047197551   31.439844393    5.909342648  -25.275261818
   -0.856797996   -1.047197551   33.229719959   12.693505013  -25.335158457
   -0.666398442   -1.047197551   36.146158873   17.236039121  -23.648056584
   -0.475998887   -1.047197551   39.504232577   16.935803067  -20.655849548
   -0.285599332   -1.047197551   42.193222330   10.058663149  -16.991283847
   -0.095199777   -1.047197551   42.920240451   -3.495091716  -13.284105236
    0.095199777   -1.047197551   40.594918445  -21.392417870  -10.020232306
    0.285599332   -1.047197551   34.824082755  -38.666567909   -7.451629238
    0.475998887   -1.047197551   26.345900941  -48.693391598   -5.598313374
    0.666398442   -1.047197551   17.135563148  -45.613902930   -4.310663978
    0.856797996   -1.047197551    9.966278173  -27.371240792   -3.369399777
    1.047197551   -1.047197551    7.471716595    2.417248422   -2.575137868
    1.237597106   -1.047197551   11.098837633   35.273725790   -1.796349853
    1.427996661   -1.047197551   20.478650044   61.322745036   -0.974983406
    1.618396215   -1.047197551   33.554122346   73.216604430   -0.100644489
    1.808795770   -1.047197551   47.316992595   68.647862362    0.818766356
    1.999195325   -1.047197551   58.810368890   50.105200270    1.764949021
    2.189594880   -1.047197551   65.881141689   23.307378996    2.686298891
    2.379994435   -1.047197551   67.592631935   -5.095427362    3.485353141
    2.570393989   -1.047197551   64.232284152  -29.078392646    4.014616323
    2.760793544   -1.047197551   57.090361398  -44.275656623    4.124289081
    2.951193099   -1.047197551   48.082379126  -48.544987990    3.721349909

   -3.141592654   -0.698131701   38.803797728  -46.089618060    2.729656086
   -2.951193099   -0.698131701   31.225903272  -32.715405938    0.491599816
   -2.760793544   -0.698131701   26.562822807  -16.337079343   -1.903303833
   -2.570393989   -0.698131701   24.864185704   -2.387380809   -4.285841654
   -2.379994435   -0.698131701   25.253931228    5.182338692   -6.685497958
   -2.189594880   -0.698131701   26.371918140    5.406360255   -9.330406895
   -1.999195325   -0.698131701   26.975595886    0.349272361  -12.465485486
   -1.808795770   -0.698131701   26.419327520   -6.066009525  -16.091955403
   -1.618396215   -0.698131701   24.833852795   -9.892493670  -19.806886002
   -1.427996661   -0.698131701   22.978227903   -8.692623018  -22.863956774
   -1.237597106   -0.698131701   21.862234703   -2.263697562  -24.465968448
   -1.047197551   -0.698131701   22.340637737    7.580249950  -24.113227247
   -0.856797996   -0.698131701   24.774991909   17.667674357  -21.823168649
   -0.666398442   -0.698131701   28.871935886   24.429300109  -18.115529888
   -0.475998887   -0.698131701   33.693073060   24.844564017  -13.788471731
   -0.285599332   -0.698131701   37.839884860   17.248321860   -9.631456044
   -0.095199777   -0.698131701   39.784659499    1.989094681   -6.170123678
    0.095199777   -0.698131701   38.309995934  -17.940496381   -3.552695734
    0.285599332   -0.698131701   33.023720781  -36.933181795   -1.581479937
    0.475998887   -0.698131701   24.768764582  -47.945452370    0.112311806
    0.666398442   -0.698131701   15.673570686  -45.039124854    1.838405181
    0.856797996   -0.698131701    8.647345491  -26.396588259    3.673890922
    1.047197551   -0.698131701    6.395052129    3.968096682    5.444339600
    1.237597106   -0.698131701   10.361890280   37.232330365    6.861992998
    1.427996661   -0.698131701   20.129177743   63.371352724    7.713681122
    1.618396215   -0.698131701   33.582075565   75.093906581    7.982524899
    1.808795770   -0.698131701   47.675164827   70.225559046    7.842786567
    1.999195325   -0.698131701   59.436374701   51.330861677    7.538750777
    2.189594880   -0.698131701   66.700554282   24.091278526    7.245355279
    2.379994435   -0.698131701   68.504073689   -4.954703358    6.977403862
    2.570393989   -0.698131701   65.088036600  -29.844885879    6.584624928
    2.760793544   -0.698131701   57.696973227  -46.144328963    5.840814211
    2.951193099   -0.698131701   48.228658880  -51.477088285    4.563273873

   -3.141592654   -0.349065850   39.263693874  -50.937147025    2.500514774
   -2.951193099   -0.349065850   30.711157125  -37.992940351   -0.428124045
   -2.760793544   -0.349065850   25.046628450  -21.498009020   -3.455735615
   -2.570393989   -0.349065850   22.400336216   -7.168646719   -6.377660076
   -2.379994435   -0.349065850   21.904224336    0.599921169   -9.167297932
   -2.189594880   -0.349065850   22.134571971    0.596186256  -11.966360852
   -1.999195325   -0.349065850   21.779507636   -4.900752123  -14.903586870
   -1.808795770   -0.349065850   20.209678908  -11.324937605  -17.851064844
   -1.618396215   -0.349065850   17.707645486  -14.023923501  -20.311136890
   -1.427996661   -0.349065850   15.285616759  -10.283512696  -21.550974484
   -1.237597106   -0.349065850   14.193522675   -0.324559473  -20.951331138
   -1.047197551   -0.349065850   15.386709132   13.058476851  -18.361814330
   -0.856797996   -0.349065850   19.123118239   25.608562619  -14.231430214
   -0.666398442   -0.349065850   24.830018034   33.081319271   -9.454753078
   -0.475998887   -0.349065850   31.222508178   32.428370222   -5.000204824
   -0.285599332   -0.349065850   36.611586985   22.584702542   -1.548172481
   -0.095199777   -0.349065850   39.332498984    4.846735887    0.738047066
    0.095199777   -0.349065850   38.216271904  -16.854139327    2.215619752
    0.285599332   -0.349065850   33.067983620  -36.343152423    3.553063247
    0.475998887   -0.349065850   24.980226420  -46.615015030    5.382527968
    0.666398442   -0.349065850   16.266059205  -42.347903627    7.959723716
    0.856797996   -0.349065850    9.870492069  -22.591123743   11.011851528
    1.047197551   -0.349065850    8.380999841    7.981095797   13.873886011
    1.237597106   -0.349065850   13.048668727   40.422041051   15.840238379
    1.427996661   -0.349065850   23.290337912   65.107187154   16.512545828
    1.618396215   -0.349065850   36.930468348   75.376398687   15.952010714
    1.808795770   -0.349065850   50.974012305   69.523954314   14.583344121
    1.999195325   -0.349065850   62.554389420   50.220991010   12.928443520
    2.189594880   -0.349065850   69.597384989   22.905307585   11.366864730
    2.379994435   -0.349065850   71.165745004   -6.280336734   10.000119220
    2.570393989   -0.349065850   67.455891143  -31.679606394    8.671726230
    2.760793544   -0.349065850   59.632295692  -48.917578129    7.103905848
    2.951193099   -0.349065850   49.528352771  -55.382054068    5.063245067

   -3.141592654    0.000000000   40.363026025  -55.882670692    1.634362562
   -2.951193099    0.000000000   30.814223346  -43.427817060   -1.208853496
   -2.760793544    0.000000000   24.099120057  -27.034531462   -4.030109339
   -2.570393989    0.000000000   20.408702486  -12.575718600   -6.687687616
   -2.379994435    0.000000000   18.895079817   -4.691303813   -9.173504080
   -2.189594880    0.000000000   18.122310433   -4.643031123  -11.572449392
   -1.999195325    0.000000000   16.790174163   -9.836621076  -13.895558795
   -1.808795770    0.000000000   14.369169182  -15.145849974  -15.895685931
   -1.618396215    0.000000000   11.341537833  -15.506143512  -17.039139745
   -1.427996661    0.000000000    8.949189866   -8.356362960  -16.711284556
   -1.237597106    0.000000000    8.576669606    5.251502594  -14.569024533
   -1.047197551    0.000000000   11.113659201   21.351265711  -10.823414703
   -0.856797996    0.000000000   16.544561294   34.756200886   -6.229406303
   -0.666398442    0.000000000   23.908581486   41.020636115   -1.799349967
   -0.475998887    0.000000000   31.573511960   37.688836104    1.636533935
   -0.285599332    0.000000000   37.672727692   24.826450622    3.754472903
   -0.095199777    0.000000000   40.593635857    4.931862417    4.837521897
    0.095199777    0.000000000   39.418734751  -17.243802031    5.625547730
    0.285599332    0.000000000   34.297050409  -35.411463822    6.974879000
    0.475998887    0.000000000   26.610306468  -43.247351756    9.456380140
    0.666398442    0.000000000   18.773130067  -36.645977132   13.048201292
    0.856797996    0.000000000   13.592466725  -15.835567960   17.093953156
    1.047197551    0.000000000   13.343908894   13.942616607   20.583045831
    1.237597106    0.000000000   18.943070867   44.052873359   22.614272658
    1.427996661    0.000000000   29.598143968   65.813854959   22.782962203
    1.618396215    0.000000000   43.121713922   73.598828820   21.290902059
    1.808795770    0.000000000   56.671288449   66.311388996   18.764413231
    1.999195325    0.000000000   67.591276880   46.657605871   15.906776231
    2.189594880    0.000000000   73.978564611   19.645660813   13.225614835
    2.379994435    0.000000000   74.965687753   -9.157416106   10.893591609
    2.570393989    0.000000000   70.717794063  -34.536581716    8.792461914
    2.760793544    0.000000000   62.312296816  -52.258729966    6.667715791
    2.951193099    0.000000000   51.497944241  -59.532382190    4.300546561

   -3.141592654    0.349065850   42.148683417  -59.950543094    1.376261999
   -2.951193099    0.349065850   31.780847473  -47.899647755   -0.522984353
   -2.760793544    0.349065850   24.198069680  -31.620647469   -2.289438819
   -2.570393989    0.349065850   19.641644435  -17.051864025   -3.919621789
   -2.379994435    0.349065850   17.293229776   -8.967295069   -5.474916722
   -2.189594880    0.349065850   15.730979323   -8.626875456   -7.019364166
   -1.999195325    0.349065850   13.692359097  -13.181908333   -8.501460201
   -1.808795770    0.349065850   10.749941480  -17.127497875   -9.655447296
   -1.618396215    0.349065850    7.546280486  -15.230681618  -10.041814167
   -1.427996661    0.349065850    5.470498926   -5.267356769   -9.255975593
   -1.237597106    0.349065850    5.939813567   10.874105353   -7.197525219
   -1.047197551    0.349065850    9.697342223   28.285642732   -4.224173920
   -0.856797996    0.349065850   16.436926784   41.270650065   -1.032227694
   -0.666398442    0.349065850   24.878213879   45.629940041    1.656469723
   -0.475998887    0.349065850   33.182787475   39.789978151    3.451501855
   -0.285599332    0.349065850   39.476619764   24.940775602    4.466879014
   -0.095199777    0.349065850   42.339207019    4.489741794    5.258915178
    0.095199777    0.349065850   41.168441603  -16.473776851    6.585444606
    0.285599332    0.349065850   36.425063356  -32.048671162    9.069826618
    0.475998887    0.349065850   29.663765725  -36.944947070   12.891265354
    0.666398442    0.349065850   23.241216740  -28.365559110   17.617770087
    0.856797996    0.349065850   19.676149730   -7.529044389   22.291090229
    1.047197551    0.349065850   20.838546251   20.130875671   25.784686223
    1.237597106    0.349065850   27.291460482   46.691884412   27.261684573
    1.427996661    0.349065850   38.084106548   64.696284563   26.498919781
    1.618396215    0.349065850   51.102362003   69.641436237   23.909343897
    1.808795770    0.349065850   63.743253237   60.980230651   20.289052500
    1.999195325    0.349065850   73.629513293   41.325474837   16.446538956
    2.189594880    0.349065850   79.070831057   15.119438319   12.946194555
    2.379994435    0.349065850   79.288120906  -12.748624956   10.002064206
    2.570393989    0.349065850   74.417659687  -37.575625621    7.548333130
    2.760793544    0.349065850   65.441208867  -55.314647508    5.392340720
    2.951193099    0.349065850   54.007051105  -63.035902489    3.359071040

   -3.141592654    0.698131701   43.537996382  -61.892810128    0.429931329
   -2.951193099    0.698131701   32.804906507  -49.791869168    0.081251781
   -2.760793544    0.698131701   24.858241205  -33.552781053   -0.070688860
   -2.570393989    0.698131701   19.924159558  -19.084977308   -0.224550732
   -2.379994435    0.698131701   17.178514965  -11.085427686   -0.537767061
   -2.189594880    0.698131701   15.215321283  -10.673813765   -1.060004992
   -1.999195325    0.698131701   12.820054394  -14.805443904   -1.705832431
   -1.808795770    0.698131701    9.647478462  -17.834509544   -2.267180584
   -1.618396215    0.698131701    6.431617883  -14.602321382   -2.493610953
   -1.427996661    0.698131701    4.610694385   -3.251930495   -2.222167655
   -1.237597106    0.698131701    5.561013928   13.780265107   -1.479960782
   -1.047197551    0.698131701    9.885419780   31.166229978   -0.494600263
   -0.856797996    0.698131701   17.097612803   43.226861277    0.453011782
   -0.666398442    0.698131701   25.788449894   46.292877192    1.216839729
   -0.475998887    0.698131701   34.123017808   39.581563494    1.931122368
   -0.285599332    0.698131701   40.377876712   24.959413517    2.985948399
   -0.095199777    0.698131701   43.375943936    6.117688907    4.863793125
    0.095199777    0.698131701   42.761723216  -12.119985162    7.934727529
    0.285599332    0.698131701   39.141862005  -24.629018937   12.259308632
    0.475998887    0.698131701   34.034616973  -27.212541366   17.466466126
    0.666398442    0.698131701   29.550327700  -18.113971032   22.759352076
    0.856797996    0.698131701   27.805121196    0.946920916   27.095636404
    1.047197551    0.698131701   30.249067241   24.865543418   29.530344111
    1.237597106    0.698131701   37.166769491   46.811598112   29.563440069
    1.427996661    0.698131701   47.570938174   60.681103282   27.312237107
    1.618396215    0.698131701   59.542808675   62.967306781   23.420589284
    1.808795770    0.698131701   70.801318570   53.412821227   18.766078261
    1.999195325    0.698131701   79.280039557   34.293423790   14.137426794
    2.189594880    0.698131701   83.498808798    9.374504864   10.057182385
    2.379994435    0.698131701   82.758048217  -17.091532799    6.746319376
    2.570393989    0.698131701   77.172919016  -40.803645274    4.215783429
    2.760793544    0.698131701   67.656127245  -57.828995127    2.385345585
    2.951193099    0.698131701   55.784084391  -65.164866810    1.157462577

   -3.141592654    1.047197551   42.494495304  -61.908689664   -4.704162059
   -2.951193099    1.047197551   31.849382559  -48.917413499   -3.770864529
   -2.760793544    1.047197551   24.111276698  -32.322228756   -2.504317657
   -2.570393989    1.047197551   19.401984079  -18.024099188   -1.277967239
   -2.379994435    1.047197551   16.814555836  -10.504184368   -0.343378343
   -2.189594880    1.047197551   14.911744291  -10.597671617    0.231695812
   -1.999195325    1.047197551   12.497777099  -15.033882496    0.510656926
   -1.808795770    1.047197551    9.274066465  -18.104777038    0.594825454
   -1.618396215    1.047197551    6.015894685  -14.771745661    0.544525074
   -1.427996661    1.047197551    4.168560196   -3.390950139    0.356161565
   -1.237597106    1.047197551    5.078334465   13.441654532    0.012358969
   -1.047197551    1.047197551    9.304063312   30.454468499   -0.445828891
   -0.856797996    1.047197551   16.353888162   42.284076625   -0.832556151
   -0.666398442    1.047197551   24.888033470   45.722755142   -0.808027449
   -0.475998887    1.047197551   33.222204851   40.320373781    0.060168227
   -0.285599332    1.047197551   39.818095378   27.935306054    2.150657663
   -0.095199777    1.047197551   43.643882972   11.876057797    5.624335293
    0.095199777    1.047197551   44.386680045   -3.709207265   10.330353705
    0.285599332    1.047197551   42.554121888  -14.478225048   15.778917213
    0.475998887    1.047197551   39.423585038  -16.906032154   21.199162057
    0.666398442    1.047197551   36.765400138   -9.563439181   25.676567684
    0.856797996    1.047197551   36.342722493    6.057024491   28.367417709
    1.047197551    1.047197551   39.351441927   25.629186066   28.750349537
    1.237597106    1.047197551   46.006052953   43.401914683   26.802595808
    1.427996661    1.047197551   55.446213775   54.202225479   22.992944129
    1.618396215    1.047197551   66.012002104   54.931863241   18.091905214
    1.808795770    1.047197551   75.704386394   45.183251335   12.885951390
    1.999195325    1.047197551   82.673287385   26.765705149    7.961241567
    2.189594880    1.047197551   85.560736833    2.951342938    3.656515818
    2.379994435    1.047197551   83.712089450  -22.297565841    0.130060045
    2.570393989    1.047197551   77.253654744  -44.758738454   -2.527049618
    2.760793544    1.047197551   67.107641237  -60.467313997   -4.231051954
    2.951193099    1.047197551   54.862528009  -66.440053550   -4.933271266

   -3.141592654    1.396263402   37.496785617  -60.980633036   -9.826398302
   -2.951193099    1.396263402   27.215967458  -46.111082750   -8.214682905
   -2.760793544    1.396263402   20.132822965  -28.383845698   -6.258520097
   -2.570393989    1.396263402   16.213624138  -13.793773044   -4.407027436
   -2.379994435    1.396263402   14.404838679   -6.638819090   -2.900876896
   -2.189594880    1.396263402   13.169915401   -7.493404608   -1.728794182
   -1.999195325    1.396263402   11.256820078  -12.907734908   -0.765432675
   -1.808795770    1.396263402    8.331949756  -17.122100980    0.052973613
   -1.618396215    1.396263402    5.140769359  -15.074748739    0.650865736
   -1.427996661    1.396263402    3.112189536   -4.976181350    0.882189641
   -1.237597106    1.396263402    3.622701086   10.911545135    0.701406520
   -1.047197551    1.396263402    7.336499211   27.766097234    0.280708034
   -0.856797996    1.396263402   13.950143254   40.589870527    0.027856254
   -0.666398442    1.396263402   22.355955070   46.254467762    0.459638935
   -0.475998887    1.396263402   31.078624870   43.969758239    2.024614321
   -0.285599332    1.396263402   38.688007914   34.890781771    4.930663799
   -0.095199777    1.396263402   44.107305777   21.478770575    9.035283327
    0.095199777    1.396263402   46.823017724    7.128951757   13.853003668
    0.285599332    1.396263402   47.026059308   -4.254948797   18.636250735
    0.475998887    1.396263402   45.634342124   -9.147617401   22.535964590
    0.666398442    1.396263402   44.103262952   -5.650696420   24.798458200
    0.856797996    1.396263402   44.008929474    5.589221718   24.969108160
    1.047197551    1.396263402   46.538690179   21.219741773   23.022438771
    1.237597106    1.396263402   52.070455773   36.251998950   19.366193066
    1.427996661    1.396263402   60.006428502   45.786417835   14.681436489
    1.618396215    1.396263402   68.948710504   46.444423130    9.681659827
    1.808795770    1.396263402   77.073226406   37.247001892    4.890710626
    1.999195325    1.396263402   82.595741169   19.496435100    0.567059035
    2.189594880    1.396263402   84.155479003   -3.734200943   -3.207810060
    2.379994435    1.396263402   81.091434646  -28.338795409   -6.381803600
    2.570393989    1.396263402   73.570190745  -49.787861191   -8.813851980
    2.760793544    1.396263402   62.607932167  -63.900035966  -10.283786061
    2.951193099    1.396263402   49.903029399  -67.765363212  -10.612307371

   -3.141592654    1.745329252   31.358960702  -58.670417652  -16.481026115
   -2.951193099    1.745329252   21.676255045  -42.293185598  -15.184254154
   -2.760793544    1.745329252   15.383621128  -24.060952613  -13.207537276
   -2.570393989    1.745329252   12.266225694   -9.803012713  -10.889172393
   -2.379994435    1.745329252   11.152638128   -3.350800355   -8.443233295
   -2.189594880    1.745329252   10.476120635   -4.898960784   -5.915356675
   -1.999195325    1.745329252    8.998568692  -10.928128114   -3.306356652
   -1.808795770    1.745329252    6.386592660  -15.852751877   -0.727476344
   -1.618396215    1.745329252    3.352532442  -14.737010561    1.558523147
   -1.427996661    1.745329252    1.293860457   -5.611439373    3.256013205
   -1.237597106    1.745329252    1.621648988    9.731096278    4.251489111
   -1.047197551    1.745329252    5.131336644   26.978158239    4.735395302
   -0.856797996    1.745329252   11.725530044   41.352893949    5.166488745
   -0.666398442    1.745329252   20.502791210   49.505342937    6.068623807
   -0.475998887    1.745329252   30.112787225   50.033225538    7.803588728
   -0.285599332    1.745329252   39.112714073   43.283968728   10.409740213
   -0.095199777    1.745329252   46.260027952   30.979673099   13.555248986
    0.095199777    1.745329252   50.757206591   16.035829132   16.621462091
    0.285599332    1.745329252   52.457898457    2.296738237   18.855918359
    0.475998887    1.745329252   51.977498860   -6.293651224   19.596433260
    0.666398442    1.745329252   50.588013699   -7.017357054   18.483879732
    0.856797996    1.745329252   49.859247455    0.447214299   15.607590969
    1.047197551    1.745329252   51.144475548   13.539505094   11.474827075
    1.237597106    1.745329252   55.096404122   27.583096660    6.830801042
    1.427996661    1.745329252   61.395835833   37.431253104    2.376173766
    1.618396215    1.745329252   68.835339255   39.058577801   -1.460733291
    1.808795770    1.745329252   75.649565093   30.820872604   -4.617638825
    1.999195325    1.745329252   80.011366027   13.665541191   -7.303589506
    2.189594880    1.745329252   80.492112579   -9.249851612   -9.784710548
    2.379994435    1.745329252   76.413789593  -33.403583678  -12.184202360
    2.570393989    1.745329252   68.014286695  -53.814615569  -14.373248186
    2.760793544    1.745329252   56.444269032  -66.121214760  -16.027323400
    2.951193099    1.745329252   43.531411059  -67.678407767  -16.790139060

   -3.141592654    2.094395102   24.433739455  -57.741131914  -18.511505693
   -2.951193099    2.094395102   15.090810298  -39.732598148  -17.409331003
   -2.760793544    2.094395102    9.400692222  -20.389525197  -15.542980665
   -2.570393989    2.094395102    7.047393814   -5.522629403  -13.147180401
   -2.379994435    2.094395102    6.784836022    1.279035576  -10.379072544
   -2.189594880    2.094395102    7.015919796   -0.011515508   -7.266974202
   -1.999195325    2.094395102    6.482795216   -5.943758873   -3.812289432
   -1.808795770    2.094395102    4.800403147  -11.159295992   -0.138201632
   -1.618396215    2.094395102    2.592685090  -10.836383226    3.455630840
   -1.427996661    2.094395102    1.176125848   -2.783664135    6.590963641
   -1.237597106    2.094395102    1.953957836   11.703322581    9.015507837
   -1.047197551    2.094395102    5.811827985   28.796763378   10.736391194
   -0.856797996    2.094395102   12.805894445   43.853047365   12.002568514
   -0.666398442    2.094395102   22.170123710   53.209565235   13.135532056
   -0.475998887    2.094395102   32.598582939   54.855046965   14.334140274
   -0.285599332    2.094395102   42.569394769   48.486847451   15.554350669
   -0.095199777    2.094395102   50.651422856   35.373292772   16.497041488
    0.095199777    2.094395102   55.802425799   18.297074306   16.701250466
    0.285599332    2.094395102   57.644399813    1.391180831   15.694630560
    0.475998887    2.094395102   56.655734788  -10.714423512   13.198391043
    0.666398442    2.094395102   54.126492505  -14.389640092    9.290390494
    0.856797996    2.094395102   51.814664572   -8.530919936    4.465773296
    1.047197551    2.094395102   51.370744384    4.631165307   -0.508206222
    1.237597106    2.094395102   53.749022056   20.136458476   -4.861539914
    1.427996661    2.094395102   58.828228102   32.095845650   -8.110287184
    1.618396215    2.094395102   65.441701085   35.622223284  -10.202137468
    1.808795770    2.094395102   71.720279566   28.470502049  -11.474354186
    1.999195325    2.094395102   75.660415123   11.450032787  -12.443458595
    2.189594880    2.094395102   75.676490608  -11.969537133  -13.547704224
    2.379994435    2.094395102   71.022368447  -36.676208754  -14.964402984
    2.570393989    2.094395102   61.985024041  -57.107486392  -16.547527890
    2.760793544    2.094395102   49.851146089  -68.593768764  -17.924808967
    2.951193099    2.094395102   36.605886580  -68.599812999  -18.671292162

   -3.141592654    2.443460953   18.150869660  -57.670003044  -12.478936335
   -2.951193099    2.443460953    8.946781401  -38.368625012  -11.195411154
   -2.760793544    2.443460953    3.631429503  -17.849097545   -9.356571263
   -2.570393989    2.443460953    1.863832992   -1.932629126   -7.071449504
   -2.379994435    2.443460953    2.384458570    5.916425469   -4.389865141
   -2.189594880    2.443460953    3.602932703    5.721160279   -1.269944211
   -1.999195325    2.443460953    4.259731294    0.776604034    2.337842141
   -1.808795770    2.443460953    3.920106076   -3.877196360    6.353390123
   -1.618396215    2.443460953    3.099554292   -3.678206913   10.492515174
   -1.427996661    2.443460953    2.980228652    3.589750833   14.325422147
   -1.237597106    2.443460953    4.866987838   16.952174718   17.449745912
   -1.047197551    2.443460953    9.620761064   32.992013068   19.639249263
   -0.856797996    2.443460953   17.335858134   47.275346533   20.873950596
   -0.666398442    2.443460953   27.293563632   56.020867574   21.244128275
   -0.475998887    2.443460953   38.188344513   56.874921675   20.814516477
   -0.285599332    2.443460953   48.427922217   49.171264815   19.547722585
   -0.095199777    2.443460953   56.454823901   33.984943598   17.310554802
    0.095199777    2.443460953   61.090482661   14.184132783   13.953094082
    0.285599332    2.443460953   61.867832740   -5.667657488    9.429800672
    0.475998887    2.443460953   59.286715636  -20.239052196    3.942082735
    0.666398442    2.443460953   54.801809376  -25.134803648   -1.988749998
    0.856797996    2.443460953   50.461654192  -18.783593807   -7.576246114
    1.047197551    2.443460953   48.244985216   -3.502530183  -12.010641535
    1.237597106    2.443460953   49.358417292   15.065188369  -14.756745220
    1.427996661    2.443460953   53.767634822   30.048934148  -15.755182578
    1.618396215    2.443460953   60.212589767   35.706634620  -15.412425890
    1.808795770    2.443460953   66.607150885   29.391075686  -14.400636937
    1.999195325    2.443460953   70.704662092   12.032181476  -13.377269137
    2.189594880    2.443460953   70.739751429  -12.403925764  -12.768277866
    2.379994435    2.443460953   65.896705697  -38.174330193  -12.682250825
    2.570393989    2.443460953   56.506995935  -59.195509738  -12.940555986
    2.760793544    2.443460953   43.975867594  -70.543817360  -13.206577022
    2.951193099    2.443460953   30.427525142  -69.740652548  -13.129385504

   -3.141592654    2.792526803   15.107782622  -56.738938131    1.579295202
   -2.951193099    2.792526803    6.147971998  -36.730456492    3.442241347
   -2.760793544    2.792526803    1.220429890  -15.409415825    5.110402058
   -2.570393989    2.792526803    0.000000000    1.381511967    6.620294097
   -2.379994435    2.792526803    1.244081310   10.215106073    8.192077208
   -2.189594880    2.792526803    3.384752063   11.118901699   10.165624595
   -1.999195325    2.792526803    5.175365914    7.266269227   12.836053263
   -1.808795770    2.792526803    6.156065636    3.427171280   16.254798538
   -1.618396215    2.792526803    6.760163116    3.860870899   20.123175810
   -1.427996661    2.792526803    8.039819586   10.618093289   23.856090022
   -1.237597106    2.792526803   11.159725444   22.776945698   26.797248803
   -1.047197551    2.792526803   16.867027229   37.118549991   28.450684850
   -0.856797996    2.792526803   25.180503650   49.395409397   28.589336948
   -0.666398442    2.792526803   35.332142434   55.899962090   27.224753029
   -0.475998887    2.792526803   45.973281584   54.292228254   24.479616091
   -0.285599332    2.792526803   55.471709183   43.947773906   20.500943654
   -0.095199777    2.792526803   62.248166969   26.092333187   15.436589644
    0.095199777    2.792526803   65.145733737    3.897443965    9.480147824
    0.285599332    2.792526803   63.790921090  -17.613111494    2.949445712
    0.475998887    2.792526803   58.872968339  -32.592958252   -3.642585535
    0.666398442    2.792526803   52.123441861  -36.273616391   -9.596600889
    0.856797996    2.792526803   45.904756435  -27.136031310  -14.165544161
    1.047197551    2.792526803   42.448474124   -8.071414992  -16.802613727
    1.237597106    2.792526803   43.062796780   14.323751579  -17.388117203
    1.427996661    2.792526803   47.629343867   32.247457731  -16.274258162
    1.618396215    2.792526803   54.661817431   39.441371708  -14.127902077
    1.808795770    2.792526803   61.801065846   33.288267422  -11.648090362
    1.999195325    2.792526803   66.576039516   15.153083950   -9.323422263
    2.189594880    2.792526803   67.097507099  -10.424317342   -7.338041767
    2.379994435    2.792526803   62.528484858  -37.221286844   -5.622214184
    2.570393989    2.792526803   53.252673944  -58.874888106   -3.982403054
    2.760793544    2.792526803   40.759591163  -70.386113335   -2.249873112
    2.951193099    2.792526803   27.259518534  -69.341594539   -0.369253422
