#! FIELDS phi psi file.free der_phi der_psi
#! SET min_phi -pi
#! SET max_phi pi
#! SET nbins_phi  33
#! SET periodic_phi true
#! SET min_psi -pi
#! SET max_psi pi
#! SET nbins_psi  18
#! SET periodic_psi true
   -3.141592654   -3.141592654   18.322000568  -53.106146504   17.432778646
   -2.951193099   -3.141592654    9.946855723  -34.274222292   19.877585652
   -2.760793544   -3.141592654    5.370530707  -14.149390084   21.370590312
   -2.570393989   -3.141592654    4.308118544    1.890549515   22.086629727
   -2.379994435   -3.141592654    5.643321001   10.822314017   22.487031666
   -2.189594880   -3.141592654    7.988889300   12.819524687   23.160420526
   -1.999195325   -3.141592654   10.270399805   10.801871606   24.583218030
   -1.808795770   -3.141592654   12.114038902    8.911175510   26.880127145
   -1.618396215   -3.141592654   13.900806479   10.628747720   29.717698074
   -1.427996661   -3.141592654   16.493009283   17.397918276   32.398655827
   -1.237597106   -3.141592654   20.786269384   28.090193110   34.121216371
   -1.047197551   -3.141592654   27.261410905   39.697442338   34.267662069
   -0.856797996   -3.141592654   35.736580362   48.434769252   32.559936832
   -0.666398442   -3.141592654   45.339714323   51.096478056   29.071546813
   -0.475998887   -3.141592654   54.709976104   45.816934495   24.102621568
   -0.285599332   -3.141592654   62.288416765   32.392716244   18.065722298
   -0.095199777   -3.141592654   66.645715893   12.434229808   11.403125132
    0.095199777   -3.141592654   66.843825472  -10.556047841    4.559366651
    0.285599332   -3.141592654   62.782504744  -31.322365486   -2.001090255
    0.475998887   -3.141592654   55.451767948  -43.972613917   -7.768166350
    0.666398442   -3.141592654   46.865278108  -44.001248241  -12.203509730
    0.856797996   -3.141592654   39.582890303  -30.519854975  -14.859347881
    1.047197551   -3.141592654   35.886961347   -7.302959500  -15.549018200
    1.237597106   -3.141592654   36.965758690   18.226936685  -14.470510949
    1.427996661   -3.141592654   42.458206179   37.833555876  -12.144070199
    1.618396215   -3.141592654   50.604655351   45.382840755   -9.203314027
    1.808795770   -3.141592654   58.839610100   38.790614862   -6.131945045
    1.999195325   -3.141592654   64.601487863   20.040435543   -3.118226199
    2.189594880   -3.141592654   66.012723917   -5.903718829   -0.089039766
    2.379994435   -3.141592654   62.298402320  -32.710661495    3.139012791
    2.570393989   -3.141592654   53.898251988  -54.185888370    6.679557537
    2.760793544   -3.141592654   42.309730788  -65.626119358   10.452461265
    2.951193099   -3.141592654   29.694961995  -64.896736960   14.171342948

   -3.141592654   -2.792526803   26.129973723  -48.519921052   25.385956882
   -2.951193099   -2.792526803   18.436403028  -31.725625522   27.627249610
   -2.760793544   -2.792526803   14.165044479  -13.411911995   28.655718124
   -2.570393989   -2.792526803   13.129265124    1.599965532   28.777975472
   -2.379994435   -2.792526803   14.398676444   10.612990806   28.564669104
   -2.189594880   -2.792526803   16.799122490   13.755349337   28.647147665
   -1.999195325   -2.792526803   19.420506644   13.477541134   29.474566630
   -1.808795770   -2.792526803   21.931274349   13.143540747   31.095852035
   -1.618396215   -2.792526803   24.598130207   15.421739069   33.082935627
   -1.427996661   -2.792526803   28.037295345   21.236372543   34.651666049
   -1.237597106   -2.792526803   32.845608487   29.445993436   34.947567568
   -1.047197551   -2.792526803   39.251621369   37.502944306   33.371526608
   -0.856797996   -2.792526803   46.935709501   42.340281601   29.762304918
   -0.666398442   -2.792526803   55.028623179   41.446091392   24.405896987
   -0.475998887   -2.792526803   62.288937357   33.491666588   17.865573841
   -0.285599332   -2.792526803   67.358316765   18.585937920   10.799436328
   -0.095199777   -2.792526803   69.048121122   -1.553227604    3.816718959
    0.095199777   -2.792526803   66.666090167  -23.465450022   -2.584295043
    0.285599332   -2.792526803   60.339732208  -42.032720605   -8.008575481
    0.475998887   -2.792526803   51.253062879  -51.568401623  -12.132738010
    0.666398442   -2.792526803   41.565716817  -47.895480089  -14.691110043
    0.856797996   -2.792526803   33.904726750  -30.620083590  -15.535938381
    1.047197551   -2.792526803   30.513000444   -4.133409025  -14.723206629
    1.237597106   -2.792526803   32.424939584   23.623563830  -12.565917280
    1.427996661   -2.792526803   39.058624407   44.243344107   -9.549333637
    1.618396215   -2.792526803   48.443758384   51.881332057   -6.157343563
    1.808795770   -2.792526803   57.890540589   45.019751155   -2.680456957
    1.999195325   -2.792526803   64.822960973   26.166403426    0.854760519
    2.189594880   -2.792526803   67.422621679    0.514757896    4.596823502
    2.379994435   -2.792526803   64.981801115  -25.742628856    8.701090323
    2.570393989   -2.792526803   57.954327633  -46.803490354   13.162081191
    2.760793544   -2.792526803   47.770051092  -58.389635419   17.733010255
    2.951193099   -2.792526803   36.456729191  -58.615333897   21.971218396

   -3.141592654   -2.443460953   34.686774323  -44.052475008   22.876672097
   -2.951193099   -2.443460953   27.646488657  -29.335150192   24.624021885
   -2.760793544   -2.443460953   23.653227043  -12.788347726   25.404037645
   -2.570393989   -2.443460953   22.627656410    1.243539733   25.505076175
   -2.379994435   -2.443460953   23.814953532   10.271279812   25.355718899
   -2.189594880   -2.443460953   26.222193668   14.278298644   25.365229008
   -1.999195325   -2.443460953   29.057484858   15.200606187   25.764722367
   -1.808795770   -2.443460953   31.983563544   15.650639035   26.474735766
   -1.618396215   -2.443460953   35.116082951   17.574763217   27.077693820
   -1.427996661   -2.443460953   38.811743891   21.529414810   26.936141756
   -1.237597106   -2.443460953   43.389879878   26.578663369   25.432053438
   -1.047197551   -2.443460953   48.894667926   30.892663833   22.237276062
   -0.856797996   -2.443460953   54.983838426   32.348938519   17.446399583
   -0.666398442   -2.443460953   60.936772876   29.201577541   11.547850230
   -0.475998887   -2.443460953   65.769055179   20.496942466    5.226644914
   -0.285599332   -2.443460953   68.408621255    6.284811860   -0.840180582
   -0.095199777   -2.443460953   67.911491035  -12.071794379   -6.133275384
    0.095199777   -2.443460953   63.750407126  -31.557464365  -10.349693155
    0.285599332   -2.443460953   56.137022609  -47.438629108  -13.374174533
    0.475998887   -2.443460953   46.278121296  -54.276414271  -15.211150806
    0.666398442   -2.443460953   36.320635871  -48.048655420  -15.907969023
    0.856797996   -2.443460953   28.851064160  -28.502420467  -15.527980076
    1.047197551   -2.443460953   26.042151617   -0.211169654  -14.165252709
    1.237597106   -2.443460953   28.822322773   28.723755945  -11.986410635
    1.427996661   -2.443460953   36.487022619   49.882395927   -9.222836986
    1.618396215   -2.443460953   46.961214027   57.638046780   -6.112514962
    1.808795770   -2.443460953   57.507234168   50.829705161   -2.808034512
    1.999195325   -2.443460953   65.568246001   32.258488049    0.668813679
    2.189594880   -2.443460953   69.380375705    7.192056697    4.373031391
    2.379994435   -2.443460953   68.277706893  -18.386876618    8.339653704
    2.570393989   -2.443460953   62.695876586  -39.068512369   12.476658596
    2.760793544   -2.443460953   53.969946462  -50.950326809   16.523967222
    2.951193099   -2.443460953   43.978623713  -52.315389088   20.109357970

   -3.141592654   -2.094395102   40.985333668  -40.500560859   13.612708879
   -2.951193099   -2.094395102   34.494125554  -27.114217872   14.582453684
   -2.760793544   -2.094395102   30.812861354  -11.680285001   15.094788004
   -2.570393989   -2.094395102   29.923428517    1.640221179   15.340912929
   -2.379994435   -2.094395102   31.152190865   10.370816515   15.479612838
   -2.189594880   -2.094395102   33.572664894   14.339867593   15.563839412
   -1.999195325   -2.094395102   36.414403002   15.166457265   15.517326727
   -1.808795770   -2.094395102   39.291341610   15.061649496   15.137481697
   -1.618396215   -2.094395102   42.197462069   15.642504736   14.136381542
   -1.427996661   -2.094395102   45.328516706   17.408710831   12.227980121
   -1.237597106   -2.094395102   48.869044591   19.776894405    9.244129733
   -1.047197551   -2.094395102   52.831203769   21.592463806    5.257335959
   -0.856797996   -2.094395102   56.978897277   21.472281783    0.601995507
   -0.666398442   -2.094395102   60.818429541   18.132059408   -4.199026685
   -0.475998887   -2.094395102   63.637960362   10.642418168   -8.603266234
   -0.285599332   -2.094395102   64.601728588   -1.330973042  -12.196471472
   -0.095199777   -2.094395102   62.905553205  -17.026575971  -14.773652795
    0.095199777   -2.094395102   58.045894275  -33.999147148  -16.348699174
    0.285599332   -2.094395102   50.166721540  -47.887486888  -17.089907479
    0.475998887   -2.094395102   40.362537121  -53.338404109  -17.227775744
    0.666398442   -2.094395102   30.677052944  -46.176955026  -16.945746066
    0.856797996   -2.094395102   23.633924926  -25.900306218  -16.306920892
    1.047197551   -2.094395102   21.386573249    3.093283472  -15.250444463
    1.237597106   -2.094395102   24.862251528   32.724214349  -13.669794954
    1.427996661   -2.094395102   33.348921579   54.491609248  -11.510561483
    1.618396215   -2.094395102   44.747995435   62.709225429   -8.828112999
    1.808795770   -2.094395102   56.294459534   56.248823616   -5.767771012
    1.999195325   -2.094395102   65.417626807   37.983830965   -2.494077827
    2.189594880   -2.094395102   70.350101150   13.221138764    0.839754911
    2.379994435   -2.094395102   70.419963537  -12.136397733    4.105987832
    2.570393989   -2.094395102   66.031209069  -32.854669414    7.168725268
    2.760793544   -2.094395102   58.452739244  -45.197350598    9.868239091
    2.951193099   -2.094395102   49.475431744  -47.493496334   12.047034207

   -3.141592654   -1.745329252   43.399787494  -38.865915108    5.044048360
   -2.951193099   -1.745329252   37.175056432  -25.927872525    5.389707621
   -2.760793544   -1.745329252   33.689806377  -10.792798616    5.573918780
   -2.570393989   -1.745329252   32.946374825    2.279774034    5.636908628
   -2.379994435   -1.745329252   34.264493907   10.629413655    5.500301295
   -2.189594880   -1.745329252   36.673606378   13.893613770    4.973406387
   -1.999195325   -1.745329252   39.326763725   13.548428648    3.834050974
   -1.808795770   -1.745329252   41.744332943   11.780075276    1.923631358
   -1.618396215   -1.745329252   43.837460895   10.354116542   -0.782519618
   -1.427996661   -1.745329252   45.767179474   10.117071009   -4.146458014
   -1.237597106   -1.745329252   47.764659357   10.996511815   -7.892779311
   -1.047197551   -1.745329252   49.990648404   12.342288016  -11.641445738
   -0.856797996   -1.745329252   52.434716997   13.053055673  -14.984421167
   -0.666398442   -1.745329252   54.847271472   11.730836331  -17.562882209
   -0.475998887   -1.745329252   56.700649113    6.960000596  -19.156525853
   -0.285599332   -1.745329252   57.229894815   -2.257715276  -19.732287892
   -0.095199777   -1.745329252   55.578506724  -15.761066533  -19.440797005
    0.095199777   -1.745329252   51.097077984  -31.454942162  -18.583259112
    0.285599332   -1.745329252   43.745896910  -45.031655481  -17.523991602
    0.475998887   -1.745329252   34.453786207  -50.898948510  -16.585098138
    0.666398442   -1.745329252   25.166707545  -44.432729396  -15.927807160
    0.856797996   -1.745329252   18.403493514  -24.629443592  -15.481612214
    1.047197551   -1.745329252   16.396766725    4.458442302  -14.973035017
    1.237597106   -1.745329252   20.191133286   34.789823019  -14.064308223
    1.427996661   -1.745329252   29.169857601   57.611312253  -12.526245306
    1.618396215   -1.745329252   41.265370047   66.851127626  -10.347106873
    1.808795770   -1.745329252   53.673561969   61.078406189   -7.721455285
    1.999195325   -1.745329252   63.745485058   43.028639125   -4.937925443
    2.189594880   -1.745329252   69.625747112   18.061805829   -2.278093873
    2.379994435   -1.745329252   70.574261527   -7.793879680    0.063151251
    2.570393989   -1.745329252   66.951605110  -29.175035246    1.977844838
    2.760793544   -1.745329252   60.005228859  -42.244674397    3.427290226
    2.951193099   -1.745329252   51.521749013  -45.246792533    4.425500220

   -3.141592654   -1.396263402   41.956309222  -39.347351825    1.835726226
   -2.951193099   -1.396263402   35.664238209  -26.126238017    1.397618176
   -2.760793544   -1.396263402   32.174639541  -10.667192461    0.896035621
   -2.570393989   -1.396263402   31.464793621    2.423169766    0.381491495
   -2.379994435   -1.396263402   32.764986534   10.175045536   -0.288766019
   -2.189594880   -1.396263402   34.972860966   12.117835072   -1.434006607
   -1.999195325   -1.396263402   37.115101291    9.895418759   -3.403502740
   -1.808795770   -1.396263402   38.644406580    6.127733659   -6.381505176
   -1.618396215   -1.396263402   39.502076783    3.153648787  -10.246903233
   -1.427996661   -1.396263402   39.987380002    2.336667947  -14.553618365
   -1.237597106   -1.396263402   40.547323884    3.894131055  -18.662911820
   -1.047197551   -1.396263402   41.583923299    7.130308055  -21.924865880
   -0.856797996   -1.396263402   43.286726665   10.575675013  -23.868060839
   -0.666398442   -1.396263402   45.514667832   12.261246430  -24.297305428
   -0.475998887   -1.396263402   47.733708736   10.165359052  -23.316124518
   -0.285599332   -1.396263402   49.066423128    2.811213909  -21.273650035
   -0.095199777   -1.396263402   48.471317020   -9.933747063  -18.660253483
    0.095199777   -1.396263402   45.078434705  -26.036970001  -16.009346532
    0.285599332   -1.396263402   38.637829708  -41.022715071  -13.774335546
    0.475998887   -1.396263402   29.924645958  -48.874161431  -12.230425351
    0.666398442   -1.396263402   20.834015752  -44.329111326  -11.401306818
    0.856797996   -1.396263402   13.961658923  -25.721435041  -11.059443655
    1.047197551   -1.396263402   11.723162187    3.306756206  -10.816505646
    1.237597106   -1.396263402   15.382327066   34.658349163  -10.283379423
    1.427996661   -1.396263402   24.486315748   59.086744522   -9.223898641
    1.618396215   -1.396263402   37.014782050   69.836775380   -7.625498670
    1.808795770   -1.396263402   50.088000326   64.934869893   -5.661816622
    1.999195325   -1.396263402   60.909558536   46.894229190   -3.584031241
    2.189594880   -1.396263402   67.467621312   21.213071605   -1.639498771
    2.379994435   -1.396263402   68.914190203   -5.753669687   -0.012591478
    2.570393989   -1.396263402   65.569549674  -28.273675589    1.172456355
    2.760793544   -1.396263402   58.704734392  -42.226802916    1.854849074
    2.951193099   -1.396263402   50.172447424  -45.693949449    2.042450565

   -3.141592654   -1.047197551   39.139100394  -42.162761534    2.908138019
   -2.951193099   -1.047197551   32.341174238  -28.545655523    1.655217843
   -2.760793544   -1.047197551   28.457410613  -12.375361541    0.240108930
   -2.570393989   -1.047197551   27.481371706    1.259992490   -1.239002034
   -2.379994435   -1.047197551   28.560911166    8.871496656   -2.873955415
   -2.189594880   -1.047197551   30.433965496    9.752968082   -4.943462739
   -1.999195325   -1.047197551   31.966091394    5.784325627   -7.756108733
   -1.808795770   -1.047197551   32.538898157    0.258242608  -11.420075386
   -1.618396215   -1.047197551   32.170041675   -3.661146921  -15.678379087
   -1.427996661   -1.047197551   31.376684455   -4.023695236  -19.908137724
   -1.237597106   -1.047197551   30.889313072   -0.516982121  -23.321694887
   -1.047197551   -1.047197551   31.361968494    5.738163488  -25.239726573
   -0.856797996   -1.047197551   33.119648882   12.531864637  -25.325098613
   -0.666398442   -1.047197551   36.008904031   17.118047882  -23.662783602
   -0.475998887   -1.047197551   39.350951407   16.889021229  -20.689579408
   -0.285599332   -1.047197551   42.038613286   10.090751720  -17.035231129
   -0.095199777   -1.047197551   42.777830700   -3.403752561  -13.328149320
    0.095199777   -1.047197551   40.472345323  -21.282806718  -10.053705451
    0.285599332   -1.047197551   34.720612133  -38.581142256   -7.463924255
    0.475998887   -1.047197551   26.254100451  -48.658123085   -5.580153115
    0.666398442   -1.047197551   17.045292536  -45.631754645   -4.256513426
    0.856797996   -1.047197551    9.868338771  -27.431491550   -3.279923921
    1.047197551   -1.047197551    7.358997906    2.323263857   -2.458253048
    1.237597106   -1.047197551   10.965120104   35.147247532   -1.665710005
    1.427996661   -1.047197551   20.317763992   61.164606254   -0.846070894
    1.618396215   -1.047197551   33.360979406   73.039452579    0.014223150
    1.808795770   -1.047197551   47.090435391   68.479420484    0.914264458
    1.999195325   -1.047197551   58.555295729   49.979530660    1.843687988
    2.189594880   -1.047197551   65.608473891   23.251491197    2.756721282
    2.379994435   -1.047197551   67.317013494   -5.069710352    3.557252675
    2.570393989   -1.047197551   63.969121276  -28.974267971    4.094124914
    2.760793544   -1.047197551   56.853528017  -44.105390577    4.210669930
    2.951193099   -1.047197551   47.882917692  -48.325805811    3.806715626

   -3.141592654   -0.698131701   38.678289154  -45.879826954    2.843373269
   -2.951193099   -0.698131701   31.139532291  -32.516013802    0.568517342
   -2.760793544   -0.698131701   26.512362599  -16.160612841   -1.866061834
   -2.570393989   -0.698131701   24.844372877   -2.242586111   -4.279696761
   -2.379994435   -0.698131701   25.258266105    5.290828495   -6.693813873
   -2.189594880   -0.698131701   26.393351244    5.477370547   -9.334672319
   -1.999195325   -0.698131701   27.006894719    0.381315156  -12.451180974
   -1.808795770   -0.698131701   26.452666095   -6.078065111  -16.052215457
   -1.618396215   -0.698131701   24.860025320   -9.957309390  -19.743438456
   -1.427996661   -0.698131701   22.986453017   -8.816585941  -22.785494891
   -1.237597106   -0.698131701   21.841413704   -2.442747251  -24.384793958
   -1.047197551   -0.698131701   22.282018770    7.367399893  -24.041383143
   -0.856797996   -0.698131701   24.675485698   17.458268961  -21.769216746
   -0.666398442   -0.698131701   28.736408819   24.267734511  -18.083060163
   -0.475998887   -0.698131701   33.534256635   24.766077167  -13.776298765
   -0.285599332   -0.698131701   37.675245018   17.265519551   -9.634337649
   -0.095199777   -0.698131701   39.631262220    2.085736635   -6.179370566
    0.095199777   -0.698131701   38.179556747  -17.803199979   -3.556577695
    0.285599332   -0.698131701   32.919785554  -36.798057534   -1.566543151
    0.475998887   -0.698131701   24.687681086  -47.843774626    0.158458778
    0.666398442   -0.698131701   15.607404355  -44.985035389    1.923168323
    0.856797996   -0.698131701    8.586556644  -26.394281425    3.796495586
    1.047197551   -0.698131701    6.329349623    3.913346301    5.595087513
    1.237597106   -0.698131701   10.279779631   37.114330588    7.024990830
    1.427996661   -0.698131701   20.018712984   63.193523413    7.872092609
    1.618396215   -0.698131701   33.433790823   74.880536707    8.124547119
    1.808795770   -0.698131701   47.486260005   70.020327928    7.965593605
    1.999195325   -0.698131701   59.213047792   51.181750662    7.648722118
    2.189594880   -0.698131701   66.457015536   24.031544669    7.354413216
    2.379994435   -0.698131701   68.258502902   -4.917029587    7.096815839
    2.570393989   -0.698131701   64.857803078  -29.724809926    6.718746369
    2.760793544   -0.698131701   57.495312965  -45.968778560    5.983858844
    2.951193099   -0.698131701   48.063489071  -51.273392340    4.700536696

   -3.141592654   -0.349065850   39.188776507  -50.793867051    2.689657048
   -2.951193099   -0.349065850   30.660742127  -37.876692988   -0.287996929
   -2.760793544   -0.349065850   25.016613710  -21.397352779   -3.369472604
   -2.570393989   -0.349065850   22.388861449   -7.072702669   -6.336394509
   -2.379994435   -0.349065850   21.910912073    0.694708047   -9.152915942
   -2.189594880   -0.349065850   22.158886164    0.685026555  -11.958225387
   -1.999195325   -0.349065850   21.819199919   -4.830922624  -14.884276747
   -1.808795770   -0.349065850   20.259364738  -11.293673704  -17.809865212
   -1.618396215   -0.349065850   17.757849450  -14.053314382  -20.245403209
   -1.427996661   -0.349065850   15.323059618  -10.389422528  -21.465601251
   -1.237597106   -0.349065850   14.203329680   -0.506863050  -20.856450541
   -1.047197551   -0.349065850   15.356212018   12.823510396  -18.269476544
   -0.856797996   -0.349065850   19.046254349   25.365187447  -14.152065227
   -0.666398442   -0.349065850   24.710254089   32.882871423   -9.394914076
   -0.475998887   -0.349065850   31.072850799   32.318739160   -4.961925932
   -0.285599332   -0.349065850   36.451336284   22.584105189   -1.528952156
   -0.095199777   -0.349065850   39.181911391    4.945581650    0.745170346
    0.095199777   -0.349065850   38.091347537  -16.690185727    2.221966932
    0.285599332   -0.349065850   32.976996630  -36.157193414    3.572925742
    0.475998887   -0.349065850   24.923559516  -46.445564083    5.429889431
    0.666398442   -0.349065850   16.237759766  -42.222985124    8.043653410
    0.856797996   -0.349065850    9.860021972  -22.531510473   11.132798869
    1.047197551   -0.349065850    8.374109258    7.956751045   14.022876357
    1.237597106   -0.349065850   13.028136736   40.302807098   16.002117341
    1.427996661   -0.349065850   23.238641300   64.903038600   16.671902866
    1.618396215   -0.349065850   36.834737967   75.127195265   16.099685319
    1.808795770   -0.349065850   50.831422803   69.292032730   14.720310782
    1.999195325   -0.349065850   62.374354160   50.068371387   13.065357765
    2.189594880   -0.349065850   69.399016799   22.868155772   11.518999909
    2.379994435   -0.349065850   70.971390836   -6.204623277   10.179599984
    2.570393989   -0.349065850   67.284011006  -31.526391677    8.880198994
    2.760793544   -0.349065850   59.493079261  -48.735282000    7.329436273
    2.951193099   -0.349065850   49.423320733  -55.210050450    5.283171135

   -3.141592654    0.000000000   40.366748497  -55.816191670    1.884484718
   -2.951193099    0.000000000   30.825087482  -43.412461133   -1.013087320
   -2.760793544    0.000000000   24.111045469  -27.031716181   -3.896155821
   -2.570393989    0.000000000   20.422649207  -12.552625356   -6.608400790
   -2.379994435    0.000000000   18.916602455   -4.634193859   -9.131760399
   -2.189594880    0.000000000   18.157621386   -4.557767128  -11.547535613
   -1.999195325    0.000000000   16.842783324   -9.744862836  -13.868440890
   -1.808795770    0.000000000   14.437413595  -15.079497202  -15.852453555
   -1.618396215    0.000000000   11.417146048  -15.500957008  -16.973041139
   -1.427996661    0.000000000    9.017550454   -8.440486418  -16.623453579
   -1.237597106    0.000000000    8.619613989    5.070074664  -14.467297007
   -1.047197551    0.000000000   11.114325045   21.095238464  -10.719575066
   -0.856797996    0.000000000   16.493152687   34.475346448   -6.135343537
   -0.666398442    0.000000000   23.806314608   40.777677307   -1.723950232
   -0.475998887    0.000000000   31.433006927   37.537655571    1.688945130
   -0.285599332    0.000000000   37.514710545   24.796085849    3.784627569
   -0.095199777    0.000000000   40.441337651    5.020231691    4.851121355
    0.095199777    0.000000000   39.292390075  -17.065704404    5.632796746
    0.285599332    0.000000000   34.209815511  -35.185704061    6.988868205
    0.475998887    0.000000000   26.567025926  -43.018164900    9.489819749
    0.666398442    0.000000000   18.770509286  -36.454229046   13.109301732
    0.856797996    0.000000000   13.619783863  -15.718258836   17.183444905
    1.047197551    0.000000000   13.383786900   13.953459536   20.693955508
    1.237597106    0.000000000   18.973414871   43.941789568   22.735361341
    1.427996661    0.000000000   29.596789572   65.598089633   22.904121850
    1.618396215    0.000000000   43.073490219   73.334664216   21.408684989
    1.808795770    0.000000000   56.574566141   66.080163829   18.884801058
    1.999195325    0.000000000   67.459848178   46.534296484   16.043913494
    2.189594880    0.000000000   73.837222418   19.666307103   13.396183455
    2.379994435    0.000000000   74.840965305   -9.010847997   11.108781629
    2.570393989    0.000000000   70.628273393  -34.325188534    9.050722683
    2.760793544    0.000000000   62.263229262  -52.056365478    6.952165999
    2.951193099    0.000000000   51.482070016  -59.391492840    4.582954841

   -3.141592654    0.349065850   42.241405691  -59.957227976    1.635950390
   -2.951193099    0.349065850   31.863633929  -47.986051654   -0.313761390
   -2.760793544    0.349065850   24.261908569  -31.722035860   -2.139501535
   -2.570393989    0.349065850   19.689206473  -17.113980024   -3.824585201
   -2.379994435    0.349065850   17.334928314   -8.965128995   -5.421181546
   -2.189594880    0.349065850   15.779096079   -8.564389704   -6.989275271
   -1.999195325    0.349065850   13.756185781  -13.085168347   -8.477520432
   -1.808795770    0.349065850   10.832354307  -17.036781133   -9.623224549
   -1.618396215    0.349065850    7.641676867  -15.192818063   -9.992051084
   -1.427996661    0.349065850    5.564696141   -5.322225237   -9.185963604
   -1.237597106    0.349065850    6.013021138   10.708921139   -7.110993831
   -1.047197551    0.349065850    9.729744655   28.028845107   -4.129894977
   -0.856797996    0.349065850   16.415594936   40.973928603   -0.941429196
   -0.666398442    0.349065850   24.802022161   45.361907386    1.732615649
   -0.475998887    0.349065850   33.063261526   39.611481967    3.503893011
   -0.285599332    0.349065850   39.334664891   24.887058886    4.490253447
   -0.095199777    0.349065850   42.199319955    4.563898554    5.253456310
    0.095199777    0.349065850   41.052993165  -16.296888263    6.557575882
    0.285599332    0.349065850   36.349865911  -31.809890635    9.031178219
    0.475998887    0.349065850   29.636177949  -36.691328473   12.855228338
    0.666398442    0.349065850   23.259474564  -28.145199618   17.595039686
    0.856797996    0.349065850   19.729468209   -7.388019164   22.286489881
    1.047197551    0.349065850   20.907888169   20.153865583   25.796873183
    1.237597106    0.349065850   27.352382402   46.580946168   27.286276994
    1.427996661    0.349065850   38.112751505   64.476168842   26.532872297
    1.618396215    0.349065850   51.083899598   69.381545074   23.954938102
    1.808795770    0.349065850   63.679041611   60.775673821   20.355262589
    1.999195325    0.349065850   73.538496411   41.258946632   16.547299597
    2.189594880    0.349065850   78.983379435   15.223089188   13.095358875
    2.379994435    0.349065850   79.234304677  -12.510189390   10.206792927
    2.570393989    0.349065850   74.415318567  -37.289871132    7.803348158
    2.760793544    0.349065850   65.489750993  -55.080556891    5.678356255
    2.951193099    0.349065850   54.089621798  -62.918555630    3.647012607

   -3.141592654    0.698131701   43.716625535  -61.962648092    0.635435217
   -2.951193099    0.698131701   32.958719411  -49.967860460    0.247795503
   -2.760793544    0.698131701   24.975198676  -33.749476974    0.050300256
   -2.570393989    0.698131701   20.007524376  -19.231556002   -0.146622685
   -2.379994435    0.698131701   17.241774630  -11.147353036   -0.494472518
   -2.189594880    0.698131701   15.275072973  -10.651220916   -1.040096641
   -1.999195325    0.698131701   12.890253120  -14.724314669   -1.697364173
   -1.808795770    0.698131701    9.735387836  -17.738122504   -2.258764842
   -1.618396215    0.698131701    6.535145040  -14.543741592   -2.475554950
   -1.427996661    0.698131701    4.717699528   -3.279662767   -2.187820708
   -1.237597106    0.698131701    5.652036328   13.639304444   -1.426668552
   -1.047197551    0.698131701    9.939345779   30.923256844   -0.424347615
   -0.856797996    0.698131701   17.099036516   42.928704849    0.533715280
   -0.666398442    0.698131701   25.733093674   46.005961983    1.297647426
   -0.475998887    0.698131701   34.019108237   39.367589728    1.999467619
   -0.285599332    0.698131701   40.243550861   24.858559607    3.029733914
   -0.095199777    0.698131701   43.234306423    6.142265857    4.874739965
    0.095199777    0.698131701   42.635755647  -11.983774689    7.910814422
    0.285599332    0.698131701   39.049988742  -24.413321379   12.205034749
    0.475998887    0.698131701   33.987891451  -26.962047162   17.390392683
    0.666398442    0.698131701   29.550420469  -17.881456515   22.670667819
    0.856797996    0.698131701   27.843412155    1.107371598   27.001836316
    1.047197551    0.698131701   30.307235334   24.909098817   29.437102049
    1.237597106    0.698131701   37.220437055   46.721662311   29.476578558
    1.427996661    0.698131701   47.596750016   60.487688265   27.239605294
    1.618396215    0.698131701   59.527806058   62.748258990   23.372887520
    1.808795770    0.698131701   70.750299589   53.270680291   18.755774043
    1.999195325    0.698131701   79.216350626   34.312557451   14.176378105
    2.189594880    0.698131701   83.456698122    9.579611214   10.153056292
    2.379994435    0.698131701   82.769094878  -16.753061098    6.899050738
    2.570393989    0.698131701   77.252575978  -40.441826467    4.415158709
    2.760793544    0.698131701   67.797257264  -57.562271790    2.611520078
    2.951193099    0.698131701   55.960575024  -65.066232780    1.385263790

   -3.141592654    1.047197551   42.727554594  -62.024023595   -4.614904178
   -2.951193099    1.047197551   32.047205877  -49.155206900   -3.701305607
   -2.760793544    1.047197551   24.259939748  -32.584564285   -2.455894422
   -2.570393989    1.047197551   19.504987838  -18.230660155   -1.249464147
   -2.379994435    1.047197551   16.887091333  -10.614143662   -0.332677086
   -2.189594880    1.047197551   14.973119869  -10.606783673    0.227277101
   -1.999195325    1.047197551   12.565387925  -14.964837073    0.494986491
   -1.808795770    1.047197551    9.359094881  -17.999307084    0.573850912
   -1.618396215    1.047197551    6.120198405  -14.684380342    0.526548179
   -1.427996661    1.047197551    4.283295687   -3.375396776    0.350888911
   -1.237597106    1.047197551    5.186010205   13.349612085    0.028901340
   -1.047197551    1.047197551    9.383613196   30.254931282   -0.402013874
   -0.856797996    1.047197551   16.387764962   42.012396818   -0.762751150
   -0.666398442    1.047197551   24.867779644   45.436021912   -0.721980428
   -0.475998887    1.047197551   33.150547851   40.076214735    0.145375137
   -0.285599332    1.047197551   39.707580086   27.777217963    2.214772540
   -0.095199777    1.047197551   43.513360035   11.826608424    5.649809326
    0.095199777    1.047197551   44.257216888   -3.650147837   10.306986199
    0.285599332    1.047197551   42.444741582  -14.331055739   15.705429166
    0.475998887    1.047197551   39.347711678  -16.708744835   21.081276128
    0.666398442    1.047197551   36.727823307   -9.367215497   25.523871220
    0.856797996    1.047197551   36.338017840    6.197740294   28.191178857
    1.047197551    1.047197551   39.364473908   25.670406471   28.563095552
    1.237597106    1.047197551   46.015998207   43.329724236   26.618737348
    1.427996661    1.047197551   55.433830723   54.049518652   22.828332172
    1.618396215    1.047197551   65.968808299   54.776989800   17.961920161
    1.808795770    1.047197551   75.639382445   45.125403232   12.802482455
    1.999195325    1.047197551   82.612985314   26.881383856    7.930284443
    2.189594880    1.047197551   85.540660714    3.253572471    3.676762234
    2.379994435    1.047197551   83.762596741  -21.875639498    0.193227779
    2.570393989    1.047197551   77.386256945  -44.340836153   -2.434631946
    2.760793544    1.047197551   67.309038751  -60.180633316   -4.125693320
    2.951193099    1.047197551   55.099538873  -66.358093291   -4.830293604

   -3.141592654    1.396263402   37.740234697  -61.107027676   -9.878909470
   -2.951193099    1.396263402   27.422244685  -46.358014412   -8.266169355
   -2.760793544    1.396263402   20.288409788  -28.653567046   -6.305304972
   -2.570393989    1.396263402   16.322130212  -14.008559881   -4.449579425
   -2.379994435    1.396263402   14.481056580   -6.759820568   -2.943550405
   -2.189594880    1.396263402   13.232633144   -7.515663193   -1.777049320
   -1.999195325    1.396263402   11.323351942  -12.850111218   -0.822436523
   -1.808795770    1.396263402    8.414343867  -17.020416436   -0.010888926
   -1.618396215    1.396263402    5.242955327  -14.977204740    0.588237532
   -1.427996661    1.396263402    3.228430521   -4.932293591    0.833946202
   -1.237597106    1.396263402    3.738965639   10.864891066    0.682322601
   -1.047197551    1.396263402    7.434266933   27.620183993    0.301945814
   -0.856797996    1.396263402   14.012015637   40.364194693    0.091565836
   -0.666398442    1.396263402   22.370249966   45.987778762    0.555948151
   -0.475998887    1.396263402   31.041725477   43.706344218    2.132927074
   -0.285599332    1.396263402   38.604560112   34.671923157    5.025110291
   -0.095199777    1.396263402   43.989028632   21.336816844    9.092016960
    0.095199777    1.396263402   46.686508494    7.080967685   13.855828636
    0.285599332    1.396263402   46.889269362   -4.212110453   18.578769418
    0.475998887    1.396263402   45.512495412   -9.039453714   22.420227965
    0.666398442    1.396263402   44.004778799   -5.521357054   24.632642082
    0.856797996    1.396263402   43.933046328    5.689544992   24.765846572
    1.047197551    1.396263402   46.475675195   21.250848959   22.798165058
    1.237597106    1.396263402   52.005544415   36.202634281   19.140322217
    1.427996661    1.396263402   59.926607778   45.688197389   14.473837154
    1.618396215    1.396263402   68.850922602   46.368241236    9.508604963
    1.808795770    1.396263402   76.969909173   37.279231536    4.760739030
    1.999195325    1.396263402   82.514152628   19.698454804    0.479103093
    2.189594880    1.396263402   84.129146168   -3.362191925   -3.263513476
    2.379994435    1.396263402   81.146751271  -27.871119601   -6.419750107
    2.570393989    1.396263402   73.713925242  -49.348963053   -8.848131888
    2.760793544    1.396263402   62.822508508  -63.611607584  -10.323707375
    2.951193099    1.396263402   50.152414534  -67.692139586  -10.660223620

   -3.141592654    1.745329252   31.562655325  -58.784250088  -16.647918135
   -2.951193099    1.745329252   21.846999348  -42.510073289  -15.327943535
   -2.760793544    1.745329252   15.510182618  -24.294705007  -13.319573416
   -2.570393989    1.745329252   12.352122064   -9.988403586  -10.971244940
   -2.379994435    1.745329252   11.210557424   -3.456599530   -8.505360679
   -2.189594880    1.745329252   10.522004691   -4.920441401   -5.970843394
   -1.999195325    1.745329252    9.047530246  -10.877431071   -3.366258055
   -1.808795770    1.745329252    6.450234323  -15.754407441   -0.796167772
   -1.618396215    1.745329252    3.436683481  -14.626617146    1.485575795
   -1.427996661    1.745329252    1.396845933   -5.529233017    3.191437778
   -1.237597106    1.745329252    1.734551741    9.749272934    4.211942555
   -1.047197551    1.745329252    5.239860770   26.912889562    4.735195961
   -0.856797996    1.745329252   11.813434544   41.202999630    5.211034327
   -0.666398442    1.745329252   20.555171817   49.285848577    6.150752603
   -0.475998887    1.745329252   30.118799224   49.771504659    7.904787334
   -0.285599332    1.745329252   39.067771888   43.017813260   10.505641390
   -0.095199777    1.745329252   46.167291625   30.751241217   13.622650112
    0.095199777    1.745329252   50.627390802   15.879452710   16.643463979
    0.285599332    1.745329252   52.306471203    2.226412300   18.823840097
    0.475998887    1.745329252   51.820114316   -6.290004383   19.508935596
    0.666398442    1.745329252   50.435702912   -6.974149369   18.345720033
    0.856797996    1.745329252   49.715549146    0.488027129   15.428957863
    1.047197551    1.745329252   51.005445387   13.544955718   11.271023044
    1.237597106    1.745329252   54.954138079   27.545398342    6.620685842
    1.427996661    1.745329252   61.244175685   37.377970409    2.178504741
    1.618396215    1.745329252   68.676467808   39.047711659   -1.632451292
    1.808795770    1.745329252   75.498049953   30.920032933   -4.759630950
    1.999195325    1.745329252   79.892959538   13.917487577   -7.422959299
    2.189594880    1.745329252   80.435862239   -8.856287969   -9.896718553
    2.379994435    1.745329252   76.440493619  -32.942726321  -12.305788956
    2.570393989    1.745329252   68.126224747  -53.399874839  -14.515629417
    2.760793544    1.745329252   56.622153644  -65.857091776  -16.190898682
    2.951193099    1.745329252   43.740732683  -67.614392785  -16.964021068

   -3.141592654    2.094395102   24.565677010  -57.815291724  -18.743586831
   -2.951193099    2.094395102   15.200343815  -39.881637443  -17.603472963
   -2.760793544    2.094395102    9.480027399  -20.548025140  -15.688095721
   -2.570393989    2.094395102    7.099458931   -5.645614392  -13.245395047
   -2.379994435    2.094395102    6.818524693    1.210495837  -10.443096328
   -2.189594880    2.094395102    7.042061609   -0.022491508   -7.314280857
   -1.999195325    2.094395102    6.512049482   -5.901180518   -3.858899057
   -1.808795770    2.094395102    4.842144841  -11.073079105   -0.193577407
   -1.618396215    2.094395102    2.653571057  -10.725600252    3.391523542
   -1.427996661    2.094395102    1.258176172   -2.676100501    6.527463254
   -1.237597106    2.094395102    2.053477679   11.774810488    8.967465589
   -1.047197551    2.094395102    5.919125740   28.803177937   10.717951945
   -0.856797996    2.094395102   12.906487081   43.773876475   12.020755286
   -0.666398442    2.094395102   22.246813377   53.038130175   13.186818473
   -0.475998887    2.094395102   32.634616625   54.603694435   14.405525666
   -0.285599332    2.094395102   42.552506932   48.190157782   15.627991851
   -0.095199777    2.094395102   50.577585623   35.081102837   16.555601518
    0.095199777    2.094395102   55.677241194   18.056967906   16.731356871
    0.285599332    2.094395102   57.480811110    1.230107494   15.687885587
    0.475998887    2.094395102   56.469101357  -10.797961261   13.150856152
    0.666398442    2.094395102   53.929379454  -14.421205857    9.202574301
    0.856797996    2.094395102   51.613787350   -8.543938693    4.343168187
    1.047197551    2.094395102   51.166905468    4.611208838   -0.654809718
    1.237597106    2.094395102   53.540098356   20.104674727   -5.017742948
    1.427996661    2.094395102   58.613645500   32.074277039   -8.261950548
    1.618396215    2.094395102   65.227304164   35.654337720  -10.340584247
    1.808795770    2.094395102   71.520935639   28.604370533  -11.600390166
    1.999195325    2.094395102   75.498558836   11.710990912  -12.567789109
    2.189594880    2.094395102   75.575369783  -11.599962575  -13.687206219
    2.379994435    2.094395102   70.996944036  -36.265182177  -15.134744090
    2.570393989    2.094395102   62.034397692  -56.748561487  -16.755250875
    2.760793544    2.094395102   49.957237464  -68.366851949  -18.162620598
    2.951193099    2.094395102   36.739642140  -68.536337295  -18.919134335

   -3.141592654    2.443460953   18.199166668  -57.684429938  -12.717758826
   -2.951193099    2.443460953    8.987621067  -38.424282287  -11.389218231
   -2.760793544    2.443460953    3.661120213  -17.905267605   -9.494845583
   -2.570393989    2.443460953    1.884652424   -1.968230985   -7.157374330
   -2.379994435    2.443460953    2.400793671    5.904734664   -4.437423619
   -2.189594880    2.443460953    3.619203095    5.732162127   -1.298306078
   -1.999195325    2.443460953    4.280418411    0.812751521    2.310238872
   -1.808795770    2.443460953    3.950449501   -3.811436199    6.313767138
   -1.618396215    2.443460953    3.145217411   -3.584284598   10.436810229
   -1.427996661    2.443460953    3.045414201    3.698555719   14.258570951
   -1.237597106    2.443460953    4.952194547   17.049127442   17.382785513
   -1.047197551    2.443460953    9.720604228   33.043223150   19.584472794
   -0.856797996    2.443460953   17.438378437   47.247359546   20.840018239
   -0.666398442    2.443460953   27.381343304   55.892277182   21.233521515
   -0.475998887    2.443460953   38.241966771   56.647861413   20.824035543
   -0.285599332    2.443460953   48.431167017   48.876933692   19.570783469
   -0.095199777    2.443460953   56.399588227   33.674805303   17.339268211
    0.095199777    2.443460953   60.978793614   13.908939758   13.979068907
    0.285599332    2.443460953   61.709664222   -5.877957723    9.444236157
    0.475998887    2.443460953   59.095094761  -20.381740525    3.936329609
    0.666398442    2.443460953   54.588056713  -25.228096867   -2.021116874
    0.856797996    2.443460953   50.232952797  -18.850475840   -7.636964611
    1.047197551    2.443460953   48.004665969   -3.558255110  -12.095338339
    1.237597106    2.443460953   49.108372927   15.020611767  -14.856347523
    1.427996661    2.443460953   53.511398489   30.033087705  -15.859756938
    1.618396215    2.443460953   59.958379465   35.749590108  -15.516346723
    1.808795770    2.443460953   66.369149547   29.523423335  -14.506331663
    1.999195325    2.443460953   70.501498081   12.265167750  -13.495415761
    2.189594880    2.443460953   70.589114207  -12.091928461  -12.913833882
    2.379994435    2.443460953   65.808783708  -37.838942522  -12.867286542
    2.570393989    2.443460953   56.479551988  -58.906862191  -13.166935864
    2.760793544    2.443460953   43.994384610  -70.355565392  -13.462266884
    2.951193099    2.443460953   30.470844519  -69.666989900  -13.390580594

   -3.141592654    2.792526803   15.083252067  -56.686846778    1.356173122
   -2.951193099    2.792526803    6.131651120  -36.691770115    3.264293696
   -2.760793544    2.792526803    1.211746031  -15.366533770    4.987008680
   -2.570393989    2.792526803    0.000000000    1.428172601    6.547962609
   -2.379994435    2.792526803    1.252449838   10.254520392    8.157037227
   -2.189594880    2.792526803    3.399346524   11.144847703   10.148781505
   -1.999195325    2.792526803    5.194057401    7.285527894   12.818297571
   -1.808795770    2.792526803    6.179060792    3.456034185   16.221434980
   -1.618396215    2.792526803    6.790798383    3.913684718   20.066761730
   -1.427996661    2.792526803    8.082961649   10.696147088   23.777030846
   -1.237597106    2.792526803   11.218823110   22.862605322   26.702050312
   -1.047197551    2.792526803   16.940643253   37.179317497   28.348997236
   -0.856797996    2.792526803   25.260279448   49.393406925   28.491066414
   -0.666398442    2.792526803   35.403171745   55.807313135   27.138448783
   -0.475998887    2.792526803   46.017501793   54.105630691   24.412021000
   -0.285599332    2.792526803   55.473353984   43.694222797   20.456416270
   -0.095199777    2.792526803   62.198772664   25.818737970   15.415696475
    0.095199777    2.792526803   65.045975050    3.648712418    9.478056020
    0.285599332    2.792526803   63.648293380  -17.812713942    2.955717321
    0.475998887    2.792526803   58.697189351  -32.743112569   -3.641661680
    0.666398442    2.792526803   51.922570637  -36.389629132   -9.613477208
    0.856797996    2.792526803   45.683723048  -27.233496092  -14.207038180
    1.047197551    2.792526803   42.209941213   -8.157307618  -16.867811009
    1.237597106    2.792526803   42.809250656   14.254130064  -17.470052254
    1.427996661    2.792526803   47.365222438   32.209803103  -16.364333980
    1.618396215    2.792526803   54.395296697   39.458007367  -14.221326035
    1.808795770    2.792526803   61.544531894   33.379995377  -11.747425713
    1.999195325    2.792526803   66.344709071   15.325048504   -9.438549843
    2.189594880    2.792526803   66.905270292  -10.191014312   -7.482015563
    2.379994435    2.792526803   62.383304316  -36.968530414   -5.804615925
    2.570393989    2.792526803   53.153525781  -58.651563253   -4.202906430
    2.760793544    2.792526803   40.697305875  -70.225098735   -2.495470846
    2.951193099    2.792526803   27.221439028  -69.246329442   -0.616720249
