#! FIELDS phi psi file.free der_phi der_psi
#! SET min_phi -pi
#! SET max_phi pi
#! SET nbins_phi  33
#! SET periodic_phi true
#! SET min_psi -pi
#! SET max_psi pi
#! SET nbins_psi  18
#! SET periodic_psi true
   -3.141592654   -3.141592654   19.241609364  -54.584075032   16.405381001
   -2.951193099   -3.141592654   10.539463584  -36.078404157   18.795477249
   -2.760793544   -3.141592654    5.650510182  -15.489193194   20.344846582
   -2.570393989   -3.141592654    4.424846078    1.601249331   21.195284842
   -2.379994435   -3.141592654    5.815909669   11.692078210   21.756816521
   -2.189594880   -3.141592654    8.409701812   14.468844458   22.564777166
   -1.999195325   -3.141592654   11.026066710   12.553596631   24.041771998
   -1.808795770   -3.141592654   13.154203322   10.046484073   26.263192360
   -1.618396215   -3.141592654   15.052856993   10.621412476   28.860764462
   -1.427996661   -3.141592654   17.511747408   16.005424581   31.136157448
   -1.237597106   -3.141592654   21.408951686   25.369780743   32.332948863
   -1.047197551   -3.141592654   27.260103349   35.939990673   31.926157930
   -0.856797996   -3.141592654   34.956578300   44.113024016   29.763828752
   -0.666398442   -3.141592654   43.729999849   46.827007444   26.050132808
   -0.475998887   -3.141592654   52.346825302   42.300912878   21.181632392
   -0.285599332   -3.141592654   59.382857643   30.328852492   15.591974604
   -0.095199777   -3.141592654   63.529945433   12.369271038    9.644865192
    0.095199777   -3.141592654   63.925655801   -8.396446772    3.614226191
    0.285599332   -3.141592654   60.473181996  -27.145270348   -2.248005741
    0.475998887   -3.141592654   54.081109307  -38.412766720   -7.612558543
    0.666398442   -3.141592654   46.609847971  -38.008694089  -12.019290107
    0.856797996   -3.141592654   40.423091209  -25.171893953  -14.968173021
    1.047197551   -3.141592654   37.603627302   -3.570588089  -16.113967630
    1.237597106   -3.141592654   39.185820706   19.738576366  -15.459743847
    1.427996661   -3.141592654   44.747490736   37.114578406  -13.373510062
    1.618396215   -3.141592654   52.592055958   43.104112592  -10.431401513
    1.808795770   -3.141592654   60.332804572   36.094269864   -7.161988910
    1.999195325   -3.141592654   65.634913014   18.075796836   -3.866611762
    2.189594880   -3.141592654   66.797341404   -6.508988282   -0.600225078
    2.379994435   -3.141592654   63.090156966  -32.113498482    2.729256777
    2.570393989   -3.141592654   54.857909240  -53.171558530    6.209045422
    2.760793544   -3.141592654   43.426442247  -65.112162586    9.801269736
    2.951193099   -3.141592654   30.813154407  -65.425691648   13.305314968

   -3.141592654   -2.792526803   26.682148105  -49.745138165   24.039916482
   -2.951193099   -2.792526803   18.721429107  -33.163817768   26.357478335
   -2.760793544   -2.792526803   14.212905821  -14.338934827   27.510644856
   -2.570393989   -2.792526803   13.090706492    1.690201986   27.765235892
   -2.379994435   -2.792526803   14.479276392   11.756170657   27.645561635
   -2.189594880   -2.792526803   17.164076632   15.497319349   27.745563588
   -1.999195325   -2.792526803   20.114298434   15.059353629   28.484602651
   -1.808795770   -2.792526803   22.846455614   13.775911633   29.893554530
   -1.618396215   -2.792526803   25.496195668   14.567229336   31.547354974
   -1.427996661   -2.792526803   28.614342624   18.744874401   32.702303146
   -1.237597106   -2.792526803   32.809121481   25.582564945   32.586605463
   -1.047197551   -2.792526803   38.392009041   32.846886870   30.710779687
   -0.856797996   -2.792526803   45.173281962   37.657111536   27.022350599
   -0.666398442   -2.792526803   52.435979074   37.554748555   21.880790875
   -0.475998887   -2.792526803   59.089088743   31.120448406   15.857961450
   -0.285599332   -2.792526803   63.893409077   18.239918731    9.537417206
   -0.095199777   -2.792526803   65.724739393    0.280336036    3.374077462
    0.095199777   -2.792526803   63.880352126  -19.713424677   -2.337197125
    0.285599332   -2.792526803   58.401975934  -36.992224417   -7.392261000
    0.475998887   -2.792526803   50.330298358  -46.079102133  -11.576656590
    0.666398442   -2.792526803   41.660422810  -42.820198618  -14.602243069
    0.856797996   -2.792526803   34.865427089  -26.694943642  -16.172272649
    1.047197551   -2.792526803   32.067201519   -1.875987337  -16.120831991
    1.237597106   -2.792526803   34.229373911   24.001127323  -14.553382773
    1.427996661   -2.792526803   40.766913128   42.934190574  -11.833429023
    1.618396215   -2.792526803   49.789701592   49.535915986   -8.438004277
    1.808795770   -2.792526803   58.765882869   42.598019017   -4.745013933
    1.999195325   -2.792526803   65.304746655   24.583892515   -0.910925834
    2.189594880   -2.792526803   67.723349241    0.217666673    3.094720046
    2.379994435   -2.792526803   65.334298259  -24.985409786    7.358901868
    2.570393989   -2.792526803   58.492925833  -45.742927321   11.866630436
    2.760793544   -2.792526803   48.471196932  -57.843132485   16.411816872
    2.951193099   -2.792526803   37.172338377  -59.025685066   20.614964607

   -3.141592654   -2.443460953   34.950991400  -45.119151060   22.231083949
   -2.951193099   -2.443460953   27.674999558  -30.607897341   24.008606876
   -2.760793544   -2.443460953   23.474174439  -13.579011818   24.814901120
   -2.570393989   -2.443460953   22.381721665    1.392753919   24.919474428
   -2.379994435   -2.443460953   23.688977837   11.357723134   24.729625235
   -2.189594880   -2.443460953   26.356485279   15.819257214   24.641287380
   -1.999195325   -2.443460953   29.467103830   16.419510071   24.879389295
   -1.808795770   -2.443460953   32.530475891   15.765645056   25.370475727
   -1.618396215   -2.443460953   35.537187983   16.111123956   25.722632973
   -1.427996661   -2.443460953   38.797350446   18.474228764   25.352879403
   -1.237597106   -2.443460953   42.673977419   22.389213660   23.722295888
   -1.047197551   -2.443460953   47.331993856   26.342301470   20.581118207
   -0.856797996   -2.443460953   52.590083672   28.323823082   16.072727686
   -0.666398442   -2.443460953   57.890743728   26.505878864   10.680889803
   -0.475998887   -2.443460953   62.381990980   19.683543158    5.022641810
   -0.285599332   -2.443460953   65.063231396    7.541479255   -0.349643518
   -0.095199777   -2.443460953   64.986122943   -8.982219043   -5.075288663
    0.095199777   -2.443460953   61.539778597  -27.250946273   -9.007437631
    0.285599332   -2.443460953   54.795883141  -42.740796468  -12.132750217
    0.475998887   -2.443460953   45.803090519  -49.977007161  -14.458841558
    0.666398442   -2.443460953   36.577594084  -44.717104892  -15.921547385
    0.856797996   -2.443460953   29.623919954  -26.432877049  -16.392466207
    1.047197551   -2.443460953   27.079846826    0.510817028  -15.758452890
    1.237597106   -2.443460953   29.872549664   28.167099388  -14.039506345
    1.427996661   -2.443460953   37.327257772   48.302448765  -11.420508269
    1.618396215   -2.443460953   47.441660797   55.556678852   -8.188706667
    1.808795770   -2.443460953   57.600421048   48.977999113   -4.600705941
    1.999195325   -2.443460953   65.387019559   31.324179882   -0.788993476
    2.189594880   -2.443460953   69.135361557    7.461515947    3.218128493
    2.379994435   -2.443460953   68.178042139  -17.215662267    7.412183664
    2.570393989   -2.443460953   62.846409032  -37.739688546   11.692024165
    2.760793544   -2.443460953   54.324192275  -50.227446081   15.814471326
    2.951193099   -2.443460953   44.377274224  -52.577530292   19.436683172

   -3.141592654   -2.094395102   41.306753402  -41.645253133   14.333904609
   -2.951193099   -2.094395102   34.557947478  -28.534726464   15.186895915
   -2.760793544   -2.094395102   30.636781543  -12.661591298   15.524164366
   -2.570393989   -2.094395102   29.640846409    1.561762482   15.565031548
   -2.379994435   -2.094395102   30.942658840   11.190727412   15.490668732
   -2.189594880   -2.094395102   33.568822665   15.573638684   15.373128099
   -1.999195325   -2.094395102   36.624268939   16.048796851   15.152100071
   -1.808795770   -2.094395102   39.574697584   14.852623162   14.644336384
   -1.618396215   -2.094395102   42.301288513   13.956349981   13.590402124
   -1.427996661   -2.094395102   44.974214425   14.363709041   11.744320387
   -1.237597106   -2.094395102   47.847589968   15.957217059    8.980132520
   -1.047197551   -2.094395102   51.073562258   17.835974104    5.388147686
   -0.856797996   -2.094395102   54.578764148   18.615494382    1.275621975
   -0.666398442   -2.094395102   58.010883647   16.801285076   -2.912307504
   -0.475998887   -2.094395102   60.746875806   11.118570476   -6.749913712
   -0.285599332   -2.094395102   61.966475441    0.837046738   -9.951883442
   -0.095199777   -2.094395102   60.806731116  -13.660509297  -12.423276893
    0.095199777   -2.094395102   56.642231459  -30.183544977  -14.239878055
    0.285599332   -2.094395102   49.468217246  -44.401311796  -15.556497089
    0.475998887   -2.094395102   40.247950296  -50.738708835  -16.504126140
    0.666398442   -2.094395102   30.952261568  -44.676540216  -17.098592404
    0.856797996   -2.094395102   24.093938849  -25.420211241  -17.219665586
    1.047197551   -2.094395102   21.854839943    2.740552641  -16.665515158
    1.237597106   -2.094395102   25.197544561   31.716105152  -15.277265039
    1.427996661   -2.094395102   33.444468958   53.030492858  -13.035707459
    1.618396215   -2.094395102   44.548742432   61.162042056  -10.084466325
    1.808795770   -2.094395102   55.834262229   55.160359674   -6.661334803
    1.999195325   -2.094395102   64.836483913   37.875095118   -2.998270400
    2.189594880   -2.094395102   69.857640737   14.251098139    0.713134243
    2.379994435   -2.094395102   70.204015540  -10.356812745    4.319910374
    2.570393989   -2.094395102   66.162550965  -31.116507363    7.659199228
    2.760793544   -2.094395102   58.846155067  -44.267851363   10.543885456
    2.951193099   -2.094395102   49.935793110  -47.717435580   12.798611912

   -3.141592654   -1.745329252   44.186795901  -40.416809572    6.592689824
   -2.951193099   -1.745329252   37.612262345  -27.895301716    6.703018302
   -2.760793544   -1.745329252   33.777932904  -12.359142639    6.564897445
   -2.570393989   -1.745329252   32.819677072    1.658095271    6.281884732
   -2.379994435   -1.745329252   34.115914322   11.002298232    5.832995363
   -2.189594880   -1.745329252   36.657733854   14.813298781    5.073845442
   -1.999195325   -1.745329252   39.480359849   14.287692837    3.815211387
   -1.808795770   -1.745329252   41.964556030   11.652028809    1.922469499
   -1.618396215   -1.745329252   43.920396846    9.041612750   -0.611608698
   -1.427996661   -1.745329252   45.495908272    7.799599028   -3.641026184
   -1.237597106   -1.745329252   46.998969438    8.258602995   -6.899135577
   -1.047197551   -1.745329252   48.721281981    9.920049075  -10.049177571
   -0.856797996   -1.745329252   50.784639609   11.568843626  -12.767729048
   -0.666398442   -1.745329252   53.032140396   11.523220401  -14.812087122
   -0.475998887   -1.745329252   54.969418736    8.029924096  -16.086272168
   -0.285599332   -1.745329252   55.801005132   -0.215078742  -16.655098287
   -0.095199777   -1.745329252   54.589035007  -13.281805944  -16.709576640
    0.095199777   -1.745329252   50.570196976  -29.161354519  -16.515165464
    0.285599332   -1.745329252   43.594843855  -43.427748536  -16.322956786
    0.475998887   -1.745329252   34.522466147  -50.179221061  -16.286258670
    0.666398442   -1.745329252   25.296209187  -44.456312926  -16.388224924
    0.856797996   -1.745329252   18.482305054  -25.070926228  -16.428437793
    1.047197551   -1.745329252   16.373002124    3.858624119  -16.088362818
    1.237597106   -1.745329252   20.044872031   34.111261349  -15.076157586
    1.427996661   -1.745329252   28.885788929   56.855196865  -13.261248678
    1.618396215   -1.745329252   40.839389303   66.176489394  -10.731828101
    1.808795770   -1.745329252   53.156100230   60.881434837   -7.742955015
    1.999195325   -1.745329252   63.271964677   43.754576840   -4.599892229
    2.189594880   -1.745329252   69.391031993   19.829977899   -1.579517966
    2.379994435   -1.745329252   70.743725145   -5.419618593    1.115943187
    2.570393989   -1.745329252   67.562523210  -27.053324656    3.342324040
    2.760793544   -1.745329252   60.926231749  -41.202870288    5.005402393
    2.951193099   -1.745329252   52.503808858  -45.642419842    6.070189061

   -3.141592654   -1.396263402   43.371340594  -41.476282516    2.996401009
   -2.951193099   -1.396263402   36.605776214  -28.796425944    2.366020744
   -2.760793544   -1.396263402   32.630803595  -12.943314613    1.556308993
   -2.570393989   -1.396263402   31.578526523    1.185928823    0.686535085
   -2.379994435   -1.396263402   32.754757800   10.102815637   -0.309515016
   -2.189594880   -1.396263402   35.031710381   12.823543966   -1.680451022
   -1.999195325   -1.396263402   37.329389678   10.711362015   -3.720760881
   -1.808795770   -1.396263402   38.972078761    6.422991803   -6.579784017
   -1.618396215   -1.396263402   39.808908107    2.642481836  -10.124212777
   -1.427996661   -1.396263402   40.126885384    1.171941159  -13.925494187
   -1.237597106   -1.396263402   40.436188541    2.536991762  -17.394175285
   -1.047197551   -1.396263402   41.236565457    6.092611991  -19.967815828
   -0.856797996   -1.396263402   42.799749736   10.189895268  -21.294394972
   -0.666398442   -1.396263402   45.021492215   12.581192387  -21.309542937
   -0.475998887   -1.396263402   47.354323148   11.000763628  -20.230341443
   -0.285599332   -1.396263402   48.868189985    3.825980976  -18.465702409
   -0.095199777   -1.396263402   48.452203113   -9.119301382  -16.485424892
    0.095199777   -1.396263402   45.168965159  -25.721924508  -14.715365457
    0.285599332   -1.396263402   38.730756790  -41.291005464  -13.436367123
    0.475998887   -1.396263402   29.923694175  -49.517981862  -12.731624548
    0.666398442   -1.396263402   20.704987991  -44.948713549  -12.473246809
    0.856797996   -1.396263402   13.745917606  -25.960054581  -12.369636880
    1.047197551   -1.396263402   11.505427198    3.512575341  -12.066555434
    1.237597106   -1.396263402   15.227137184   35.061292229  -11.281351873
    1.427996661   -1.396263402   24.399520955   59.372760732   -9.901169846
    1.618396215   -1.396263402   36.964541294   69.980721137   -8.003411746
    1.808795770   -1.396263402   50.077717360   65.309546277   -5.790855195
    1.999195325   -1.396263402   61.034375152   48.025106412   -3.493539977
    2.189594880   -1.396263402   67.899339871   23.302441395   -1.319051695
    2.379994435   -1.396263402   69.804968471   -3.128461112    0.568391446
    2.570393989   -1.396263402   66.938348593  -26.033657888    2.024924098
    2.760793544   -1.396263402   60.386855841  -41.283819710    2.934613992
    2.951193099   -1.396263402   51.872497589  -46.445728200    3.239416525

   -3.141592654   -1.047197551   41.164266176  -44.579525725    3.082739426
   -2.951193099   -1.047197551   33.813130643  -31.751358756    1.874755210
   -2.760793544   -1.047197551   29.327028859  -15.321176354    0.350087588
   -2.570393989   -1.047197551   27.879661115   -0.636487522   -1.356551860
   -2.379994435   -1.047197551   28.722116621    8.293255790   -3.263730095
   -2.189594880   -1.047197551   30.592203742   10.225088591   -5.561272713
   -1.999195325   -1.047197551   32.268376143    6.724393941   -8.475279428
   -1.808795770   -1.047197551   33.015598028    1.072536614  -12.056846294
   -1.618396215   -1.047197551   32.760424086   -3.290965286  -16.029084430
   -1.427996661   -1.047197551   31.993738418   -4.056843737  -19.794674961
   -1.237597106   -1.047197551   31.479951615   -0.686176351  -22.632162256
   -1.047197551   -1.047197551   31.928495612    5.698611071  -23.962891619
   -0.856797996   -1.047197551   33.698719636   12.710162771  -23.568754911
   -0.666398442   -1.047197551   36.632618129   17.386122704  -21.647936876
   -0.475998887   -1.047197551   40.014019646   16.996304177  -18.717816192
   -0.285599332   -1.047197551   42.685941186    9.794454406  -15.427127616
   -0.095199777   -1.047197551   43.317449552   -4.239311159  -12.346936984
    0.095199777   -1.047197551   40.802336354  -22.610423828   -9.834859402
    0.285599332   -1.047197551   34.769929598  -40.125686173   -7.978266409
    0.475998887   -1.047197551   26.023437049  -49.951333776   -6.644089462
    0.666398442   -1.047197551   16.630267538  -46.199588153   -5.593886411
    0.856797996   -1.047197551    9.433923954  -27.052175131   -4.611813910
    1.047197551   -1.047197551    7.072285476    3.430605924   -3.586947155
    1.237597106   -1.047197551   10.914397558   36.425889171   -2.521970722
    1.427996661   -1.047197551   20.481370080   62.086346122   -1.481880843
    1.618396215   -1.047197551   33.653862490   73.529280807   -0.523563600
    1.808795770   -1.047197551   47.468104580   69.005105036    0.352881523
    1.999195325   -1.047197551   59.090727911   51.225576434    1.196850975
    2.189594880   -1.047197551   66.479820723   25.544404778    2.048937150
    2.379994435   -1.047197551   68.697508869   -2.128088203    2.884549780
    2.570393989   -1.047197551   65.892870646  -26.387044306    3.578333319
    2.760793544   -1.047197551   59.148747630  -42.925722913    3.941721069
    2.951193099   -1.047197551   50.220299387  -49.076924049    3.797179023

   -3.141592654   -0.698131701   40.841338834  -47.801956890    2.219870643
   -2.951193099   -0.698131701   32.817161015  -35.518234406    0.278475901
   -2.760793544   -0.698131701   27.595928970  -19.215267326   -2.024947097
   -2.570393989   -0.698131701   25.412762919   -4.466922578   -4.500979365
   -2.379994435   -0.698131701   25.519120248    4.330196509   -7.100959116
   -2.189594880   -0.698131701   26.587301977    5.686645037   -9.950655023
   -1.999195325   -0.698131701   27.316882533    1.304304585  -13.201580035
   -1.808795770   -0.698131701   26.961385020   -4.991550396  -16.797434402
   -1.618396215   -0.698131701   25.558727823   -9.074810627  -20.325418686
   -1.427996661   -0.698131701   23.823260663   -8.217117941  -23.079000324
   -1.237597106   -0.698131701   22.771116878   -2.019154914  -24.334056814
   -1.047197551   -0.698131701   23.283683637    7.719787292  -23.676008610
   -0.856797996   -0.698131701   25.734674020   17.702025856  -21.197563167
   -0.666398442   -0.698131701   29.816034220   24.212889270  -17.465906257
   -0.475998887   -0.698131701   34.556057381   24.187949331  -13.289673369
   -0.285599332   -0.698131701   38.525170964   16.042168458   -9.426249555
   -0.095199777   -0.698131701   40.189228919    0.279982960   -6.331480419
    0.095199777   -0.698131701   38.357247506  -19.917429747   -4.058903728
    0.285599332   -0.698131701   32.700070779  -38.758265764   -2.318473909
    0.475998887   -0.698131701   24.151624014  -49.102005025   -0.679766255
    0.666398442   -0.698131701   14.932967346  -45.126032876    1.169724570
    0.856797996   -0.698131701    7.997669256  -25.376182033    3.245084126
    1.047197551   -0.698131701    6.011283659    5.635607942    5.261227360
    1.237597106   -0.698131701   10.295235182   38.775018562    6.809327656
    1.427996661   -0.698131701   20.288933799   64.149871711    7.590466072
    1.618396215   -0.698131701   33.806731519   75.070267291    7.570030586
    1.808795770   -0.698131701   47.864261427   70.038161783    6.982826335
    1.999195325   -0.698131701   59.647523358   51.907310971    6.193672696
    2.189594880   -0.698131701   67.143312081   25.990927205    5.519820776
    2.379994435   -0.698131701   69.420087329   -1.983729238    5.092710063
    2.570393989   -0.698131701   66.595170326  -26.795365307    4.812785067
    2.760793544   -0.698131701   59.695627950  -44.198618440    4.417024862
    2.951193099   -0.698131701   50.427157623  -51.378015415    3.608808828

   -3.141592654   -0.349065850   41.188944330  -51.604289481    1.712152026
   -2.951193099   -0.349065850   32.353994027  -40.144423255   -0.647544924
   -2.760793544   -0.349065850   26.211384927  -24.180786331   -3.357632255
   -2.570393989   -0.349065850   23.080850222   -9.413292973   -6.215598011
   -2.379994435   -0.349065850   22.250056556   -0.592350924   -9.119362860
   -2.189594880   -0.349065850   22.364861633    0.554320429  -12.102255957
   -1.999195325   -0.349065850   22.087426579   -4.117185048  -15.195278025
   -1.808795770   -0.349065850   20.704096264  -10.230957162  -18.217389218
   -1.618396215   -0.349065850   18.403432923  -13.047982782  -20.671076731
   -1.427996661   -0.349065850   16.136867281   -9.618675289  -21.866551935
   -1.237597106   -0.349065850   15.138469599    0.026285518  -21.240878192
   -1.047197551   -0.349065850   16.371564804   13.145348591  -18.681748820
   -0.856797996   -0.349065850   20.097883404   25.420093574  -14.641086158
   -0.666398442   -0.349065850   25.734310651   32.524703516   -9.983443697
   -0.475998887   -0.349065850   31.977289132   31.412590885   -5.630955984
   -0.285599332   -0.349065850   37.127554373   21.114946530   -2.219062473
   -0.095199777   -0.349065850   39.534878560    3.071172757    0.118840130
    0.095199777   -0.349065850   38.072671177  -18.641029502    1.751323050
    0.285599332   -0.349065850   32.614347406  -37.725608921    3.336010526
    0.475998887   -0.349065850   24.335731937  -47.156041525    5.472629138
    0.666398442   -0.349065850   15.620661632  -41.790953133    8.359075710
    0.856797996   -0.349065850    9.426913189  -21.081217504   11.645797535
    1.047197551   -0.349065850    8.267613822    9.808172141   14.583193463
    1.237597106   -0.349065850   13.241105133   41.674371307   16.396921566
    1.427996661   -0.349065850   23.608428509   65.124203194   16.661139040
    1.618396215   -0.349065850   37.130762592   74.222338823   15.468685997
    1.808795770   -0.349065850   50.904982820   68.055514110   13.338782779
    1.999195325   -0.349065850   62.271990874   49.656394779   10.937133127
    2.189594880   -0.349065850   69.366076675   24.091740058    8.805936847
    2.379994435   -0.349065850   71.329368943   -3.399392929    7.184958233
    2.570393989   -0.349065850   68.256437260  -28.071639248    5.986825323
    2.760793544   -0.349065850   61.080380313  -45.934623334    4.899683839
    2.951193099   -0.349065850   51.395382068  -54.075466455    3.554668022

   -3.141592654    0.000000000   42.072311792  -55.118040648    0.845377070
   -2.951193099    0.000000000   32.477646410  -44.559480871   -1.315218049
   -2.760793544    0.000000000   25.429140351  -29.217614580   -3.718179001
   -2.570393989    0.000000000   21.304392238  -14.771079985   -6.226592891
   -2.379994435    0.000000000   19.436368329   -6.107738956   -8.760613456
   -2.189594880    0.000000000   18.494853471   -4.992791195  -11.306376149
   -1.999195325    0.000000000   17.184331841   -9.323413022  -13.792485772
   -1.808795770    0.000000000   14.904386884  -14.264837994  -15.935022850
   -1.618396215    0.000000000   12.038464579  -14.750930863  -17.209348727
   -1.427996661    0.000000000    9.752123262   -8.006529698  -17.036241695
   -1.237597106    0.000000000    9.401155610    5.159400760  -15.100116552
   -1.047197551    0.000000000   11.885519174   20.928623120  -11.600711603
   -0.856797996    0.000000000   17.214095147   34.138776549   -7.237606151
   -0.666398442    0.000000000   24.447603953   40.290011850   -2.945873509
   -0.475998887    0.000000000   31.964780029   36.879920702    0.508356653
   -0.285599332    0.000000000   37.903516308   23.967414507    2.824930629
   -0.095199777    0.000000000   40.659296510    4.083820995    4.262425534
    0.095199777    0.000000000   39.332280581  -17.954281670    5.502420185
    0.285599332    0.000000000   34.103953574  -35.766640470    7.326327468
    0.475998887    0.000000000   26.402157675  -42.997881648   10.228783376
    0.666398442    0.000000000   18.679926201  -35.681902786   14.114142696
    0.856797996    0.000000000   13.734089366  -14.397178147   18.261438345
    1.047197551    0.000000000   13.753290205   15.184766751   21.610808239
    1.237597106    0.000000000   19.499930467   44.237869108   23.242102827
    1.427996661    0.000000000   30.039158627   64.384203166   22.773251075
    1.618396215    0.000000000   43.146895071   70.793897556   20.474590103
    1.808795770    0.000000000   56.111912679   63.224718876   17.081902259
    1.999195325    0.000000000   66.534901198   44.777269317   13.437856393
    2.189594880    0.000000000   72.772334925   20.074434642   10.198570765
    2.379994435    0.000000000   74.078148294   -6.300968656    7.661398626
    2.570393989    0.000000000   70.535360286  -30.199778663    5.768892465
    2.760793544    0.000000000   62.975507476  -47.967301087    4.226162762
    2.951193099    0.000000000   52.858876942  -56.667663550    2.671115500

   -3.141592654    0.349065850   43.525497344  -57.650479773    0.572163160
   -2.951193099    0.349065850   33.370563201  -47.880781445   -0.752607315
   -2.760793544    0.349065850   25.626738171  -33.145699857   -2.161703361
   -2.570393989    0.349065850   20.717655027  -19.027875197   -3.647764826
   -2.379994435    0.349065850   18.026189421  -10.459223288   -5.213368408
   -2.189594880    0.349065850   16.264726524   -9.202199999   -6.850815769
   -1.999195325    0.349065850   14.197607585  -12.965025986   -8.455064363
   -1.808795770    0.349065850   11.333694859  -16.613796674   -9.743300850
   -1.618396215    0.349065850    8.211588559  -14.960622909  -10.287735799
   -1.427996661    0.349065850    6.136041808   -5.546463208   -9.703006274
   -1.237597106    0.349065850    6.497575974   10.069005910   -7.886458620
   -1.047197551    0.349065850   10.070659929   27.225837970   -5.152442882
   -0.856797996    0.349065850   16.610620362   40.305151799   -2.121010170
   -0.666398442    0.349065850   24.897402493   45.017544475    0.560581102
   -0.475998887    0.349065850   33.126719229   39.621902779    2.537346284
   -0.285599332    0.349065850   39.425278792   25.149083783    3.901297394
   -0.095199777    0.349065850   42.350026848    4.920893347    5.139068566
    0.095199777    0.349065850   41.270014859  -15.955837363    6.921531462
    0.285599332    0.349065850   36.629459730  -31.466890276    9.791244291
    0.475998887    0.349065850   29.989161455  -36.225857197   13.863108452
    0.666398442    0.349065850   23.718467672  -27.490095534   18.654515075
    0.856797996    0.349065850   20.317197943   -6.742071931   23.174441504
    1.047197551    0.349065850   21.575314180   20.235874324   26.288035820
    1.237597106    0.349065850   27.923761694   45.394370833   27.188164074
    1.427996661    0.349065850   38.299440176   61.615884401   25.718321841
    1.618396215    0.349065850   50.586535395   65.203483337   22.382311525
    1.808795770    0.349065850   62.348302153   56.461116149   18.072269368
    1.999195325    0.349065850   71.498152025   38.392624166   13.687796642
    2.189594880    0.349065850   76.639125261   15.046227686    9.874611037
    2.379994435    0.349065850   77.142607312   -9.716167989    6.908740306
    2.570393989    0.349065850   73.077605156  -32.370682739    4.747416697
    2.760793544    0.349065850   65.167233284  -49.614458985    3.154144478
    2.951193099    0.349065850   54.727263751  -58.523071236    1.838703954

   -3.141592654    0.698131701   44.564257094  -58.604444263   -0.726144618
   -2.951193099    0.698131701   34.211376922  -49.021680833   -0.746508844
   -2.760793544    0.698131701   26.218802928  -34.621027056   -0.667489303
   -2.570393989    0.698131701   20.992735827  -20.871063850   -0.689464264
   -2.379994435    0.698131701   17.920378614  -12.586111880   -0.950111670
   -2.189594880    0.698131701   15.742864889  -11.391318531   -1.476501644
   -1.999195325    0.698131701   13.282364040  -14.830350066   -2.164534542
   -1.808795770    0.698131701   10.133540315  -17.654943823   -2.795688642
   -1.618396215    0.698131701    6.927339524  -14.751375667   -3.111193906
   -1.427996661    0.698131701    5.022058543   -3.990601386   -2.935398534
   -1.237597106    0.698131701    5.781535512   12.583183188   -2.271954987
   -1.047197551    0.698131701    9.865399536   29.937140547   -1.313392197
   -0.856797996    0.698131701   16.878406026   42.453796160   -0.306782403
   -0.666398442    0.698131701   25.490700464   46.283602558    0.611981192
   -0.475998887    0.698131701   33.898176706   40.342244248    1.551968447
   -0.285599332    0.698131701   40.350496173   26.224845908    2.850246237
   -0.095199777    0.698131701   43.605334311    7.498936716    4.932577538
    0.095199777    0.698131701   43.236407124  -10.954548703    8.132819982
    0.285599332    0.698131701   39.804103732  -23.815809569   12.499372749
    0.475998887    0.698131701   34.819226786  -26.710580943   17.658568186
    0.666398442    0.698131701   30.404641842  -17.874030239   22.804642026
    0.856797996    0.698131701   28.668252473    0.757437311   26.883352400
    1.047197551    0.698131701   30.998797329   23.772712150   28.949336042
    1.237597106    0.698131701   37.574496689   44.241004243   28.533448836
    1.427996661    0.698131701   47.323960506   56.398071355   25.812026091
    1.618396215    0.698131701   58.351910573   57.510885284   21.496614884
    1.808795770    0.698131701   68.561153050   48.133897450   16.515614100
    1.999195325    0.698131701   76.187348396   30.909357966   11.683791788
    2.189594880    0.698131701   80.052680367    9.203235204    7.533108648
    2.379994435    0.698131701   79.616070507  -13.767592065    4.288212687
    2.570393989    0.698131701   74.928845579  -34.926723904    1.960231512
    2.760793544    0.698131701   66.635621852  -51.168762791    0.449455238
    2.951193099    0.698131701   55.954529868  -59.577966876   -0.389010722

   -3.141592654    1.047197551   43.243580902  -58.340562286   -6.098010999
   -2.951193099    1.047197551   33.030190555  -47.886984696   -5.269790766
   -2.760793544    1.047197551   25.293458333  -33.155260139   -4.031302515
   -2.570393989    1.047197551   20.333949114  -19.609904882   -2.758763816
   -2.379994435    1.047197551   17.452950424  -11.863895993   -1.730747759
   -2.189594880    1.047197551   15.354889630  -11.259697795   -1.052109934
   -1.999195325    1.047197551   12.877361979  -15.095228069   -0.682706694
   -1.808795770    1.047197551    9.663874116  -18.022171165   -0.519745844
   -1.618396215    1.047197551    6.396314616  -15.010311881   -0.479179935
   -1.427996661    1.047197551    4.455010952   -4.128357006   -0.535260069
   -1.237597106    1.047197551    5.188909277   12.408909607   -0.689402449
   -1.047197551    1.047197551    9.223556914   29.580630910   -0.908976555
   -0.856797996    1.047197551   16.157242951   42.014524160   -1.043661576
   -0.666398442    1.047197551   24.714282427   46.251303072   -0.811576805
   -0.475998887    1.047197551   33.214827112   41.499149938    0.158595931
   -0.285599332    1.047197551   40.065469450   29.368169623    2.206691515
   -0.095199777    1.047197551   44.151357903   13.125784386    5.498866355
    0.095199777    1.047197551   45.089321671   -2.922158827    9.936909719
    0.285599332    1.047197551   43.357536037  -14.177730333   15.107055471
    0.475998887    1.047197551   40.247853313  -16.943895288   20.299826682
    0.666398442    1.047197551   37.558850138   -9.835113455   24.621704627
    0.856797996    1.047197551   37.050849672    5.387253039   27.214073441
    1.047197551    1.047197551   39.856812390   24.077378779   27.528412870
    1.237597106    1.047197551   46.084734300   40.405081761   25.532407474
    1.427996661    1.047197551   54.795146461   49.565024112   21.707240222
    1.618396215    1.047197551   64.359878626   49.234448882   16.842925489
    1.808795770    1.047197551   72.969461234   39.793614707   11.727285734
    1.999195325    1.047197551   79.076141391   23.388285282    6.919990741
    2.189594880    1.047197551   81.620374840    2.876711897    2.714100786
    2.379994435    1.047197551   80.101153545  -18.806838646   -0.775960088
    2.570393989    1.047197551   74.578132084  -38.657441697   -3.480065794
    2.760793544    1.047197551   65.702772973  -53.539949183   -5.306239657
    2.951193099    1.047197551   54.701692905  -60.567689296   -6.170939861

   -3.141592654    1.396263402   38.217684141  -58.273869515  -11.470615842
   -2.951193099    1.396263402   28.222525333  -45.730003666  -10.195019141
   -2.760793544    1.396263402   21.044973476  -29.570108622   -8.328743283
   -2.570393989    1.396263402   16.835524016  -15.458356937   -6.352118832
   -2.379994435    1.396263402   14.737165296   -7.895895409   -4.591678564
   -2.189594880    1.396263402   13.335980642   -7.965272589   -3.135350365
   -1.999195325    1.396263402   11.400211038  -12.729193883   -1.924453333
   -1.808795770    1.396263402    8.537911219  -16.718366408   -0.908544804
   -1.618396215    1.396263402    5.411280838  -14.845423903   -0.134128831
   -1.427996661    1.396263402    3.395107278   -5.061738006    0.290697759
   -1.237597106    1.396263402    3.868873577   10.673592781    0.329814553
   -1.047197551    1.396263402    7.546462456   27.694535308    0.121970492
   -0.856797996    1.396263402   14.181566413   40.925675188    0.007687728
   -0.666398442    1.396263402   22.690230561   46.987081605    0.430455859
   -0.475998887    1.396263402   31.569196723   44.828893891    1.796250590
   -0.285599332    1.396263402   39.323507562   35.507693444    4.327393734
   -0.095199777    1.396263402   44.814124806   21.603430407    7.959378366
    0.095199777    1.396263402   47.503703399    6.767223994   12.327405747
    0.285599332    1.396263402   47.608875496   -4.853788171   16.804728351
    0.475998887    1.396263402   46.104826098   -9.671478354   20.615847063
    0.666398442    1.396263402   44.492206129   -5.978001624   23.010711894
    0.856797996    1.396263402   44.336068959    5.200434025   23.480436500
    1.047197551    1.396263402   46.738379079   20.158944863   21.921586826
    1.237597106    1.396263402   51.948873019   33.860170755   18.679290480
    1.427996661    1.396263402   59.277060337   41.821606296   14.399150508
    1.618396215    1.396263402   67.350482256   41.459216489    9.775575555
    1.808795770    1.396263402   74.527782590   32.558849203    5.304249924
    1.999195325    1.396263402   79.313190168   16.713120946    1.193770828
    2.189594880    1.396263402   80.622409238   -3.451405947   -2.538617189
    2.379994435    1.396263402   77.923917819  -24.841731562   -5.891643352
    2.570393989    1.396263402   71.301725790  -44.075675313   -8.728820717
    2.760793544    1.396263402   61.502475658  -57.695160595  -10.770673144
    2.951193099    1.396263402   49.884555122  -62.788850474  -11.721279827

   -3.141592654    1.745329252   31.892931403  -57.291518410  -17.474470344
   -2.951193099    1.745329252   22.287198159  -42.747041885  -16.647967459
   -2.760793544    1.745329252   15.795757418  -25.512164543  -14.817897457
   -2.570393989    1.745329252   12.385735429  -11.253681690  -12.369269177
   -2.379994435    1.745329252   11.053701993   -4.108724033   -9.629685221
   -2.189594880    1.745329252   10.317489886   -4.775309522   -6.771976860
   -1.999195325    1.745329252    8.930678093  -10.160108935   -3.885193924
   -1.808795770    1.745329252    6.491968865  -14.867887959   -1.105601692
   -1.618396215    1.745329252    3.635611042  -13.890422491    1.327274903
   -1.427996661    1.745329252    1.711149352   -5.039278506    3.150397279
   -1.237597106    1.745329252    2.125084409   10.103833869    4.249783145
   -1.047197551    1.745329252    5.697007208   27.295991334    4.770056607
   -0.856797996    1.745329252   12.350172625   41.662107280    5.097789545
   -0.666398442    1.745329252   21.175131441   49.673953853    5.699397653
   -0.475998887    1.745329252   30.783493986   49.814718617    6.936656930
   -0.285599332    1.745329252   39.688410863   42.502176853    8.923797919
   -0.095199777    1.745329252   46.634973017   29.703345707   11.468099359
    0.095199777    1.745329252   50.866910913   14.617975818   14.110313809
    0.285599332    1.745329252   52.323130728    1.244077673   16.223534070
    0.475998887    1.745329252   51.709838982   -6.582164556   17.191894600
    0.666398442    1.745329252   50.342998567   -6.514597517   16.613877053
    0.856797996    1.745329252   49.750732811    1.270449628   14.473336770
    1.047197551    1.745329252   51.156712587   13.839823791   11.153539514
    1.237597106    1.745329252   55.045938600   26.524920800    7.299325019
    1.427996661    1.745329252   60.980511641   34.675142588    3.548387918
    1.618396215    1.745329252   67.764946614   35.103523839    0.293703143
    1.808795770    1.745329252   73.806391111   26.922569262   -2.435246833
    1.999195325    1.745329252   77.550850803   11.330000286   -4.893489199
    2.189594880    1.745329252   77.823792131   -8.987708887   -7.404173991
    2.379994435    1.745329252   74.054756220  -30.487057580  -10.131551202
    2.570393989    1.745329252   66.390927962  -49.225285213  -12.937326596
    2.760793544    1.745329252   55.730810784  -61.412649796  -15.411535290
    2.951193099    1.745329252   43.607328400  -64.278204457  -17.043415014

   -3.141592654    2.094395102   24.862637040  -57.611453074  -18.504301286
   -2.951193099    2.094395102   15.414171709  -40.834282292  -17.900948223
   -2.760793544    2.094395102    9.461631187  -21.874922669  -16.229183633
   -2.570393989    2.094395102    6.856360730   -6.546544997  -13.762124688
   -2.379994435    2.094395102    6.481491263    1.170427332  -10.757412600
   -2.189594880    2.094395102    6.779614327    0.765858603   -7.358464449
   -1.999195325    2.094395102    6.451170527   -4.641998052   -3.653791451
   -1.808795770    2.094395102    5.029715717   -9.782449018    0.193622001
   -1.618396215    2.094395102    3.062908646   -9.709203811    3.878394969
   -1.427996661    2.094395102    1.823987713   -2.038795555    7.022787695
   -1.237597106    2.094395102    2.705943029   12.075236545    9.352781203
   -1.047197551    2.094395102    6.600014772   28.818837961   10.832698512
   -0.856797996    2.094395102   13.559763821   43.463666898   11.672667111
   -0.666398442    2.094395102   22.798565167   52.266999068   12.197790288
   -0.475998887    2.094395102   32.984243758   53.249482897   12.680126269
   -0.285599332    2.094395102   42.590606704   46.314526590   13.213001682
   -0.095199777    2.094395102   50.233520923   33.038350554   13.663031761
    0.095199777    2.094395102   54.973253947   16.443797129   13.708253538
    0.285599332    2.094395102   56.560356994    0.674177775   12.941469216
    0.475998887    2.094395102   55.574486174   -9.935753779   11.051897290
    0.666398442    2.094395102   53.325649361  -12.290215357    8.006125180
    0.856797996    2.094395102   51.482508675   -5.863503460    4.152636025
    1.047197551    2.094395102   51.512364718    6.758745550    0.126018829
    1.237597106    2.094395102   54.158890904   20.706305066   -3.388340608
    1.427996661    2.094395102   59.156258552   30.676094993   -5.941435056
    1.618396215    2.094395102   65.337661045   32.667369299   -7.486291410
    1.808795770    2.094395102   70.998301166   25.188477116   -8.366735837
    1.999195325    2.094395102   74.396063985    9.268894043   -9.127438884
    2.189594880    2.094395102   74.182972537  -12.099932387  -10.256885544
    2.379994435    2.094395102   69.708133624  -34.732729065  -11.977267623
    2.570393989    2.094395102   61.171945090  -53.983781872  -14.144846884
    2.760793544    2.094395102   49.639641372  -65.609193679  -16.314711018
    2.951193099    2.094395102   36.857149914  -66.849057481  -17.917186699

   -3.141592654    2.443460953   18.715337488  -58.465974326  -11.922261006
   -2.951193099    2.443460953    9.275018511  -39.906935811  -11.020951884
   -2.760793544    2.443460953    3.659939499  -19.304908146   -9.333800002
   -2.570393989    2.443460953    1.679734057   -2.600966014   -6.997340980
   -2.379994435    2.443460953    2.171445050    6.299822095   -4.136133078
   -2.189594880    2.443460953    3.549810451    6.960691382   -0.797228044
   -1.999195325    2.443460953    4.487654237    2.409100021    2.990915909
   -1.808795770    2.443460953    4.455616883   -2.343385045    7.094052212
   -1.618396215    2.443460953    3.887631288   -2.585862932   11.193852845
   -1.427996661    2.443460953    3.918139237    4.069676854   14.838927393
   -1.237597106    2.443460953    5.831624707   16.764235032   17.609254099
   -1.047197551    2.443460953   10.481938272   32.099162632   19.274100391
   -0.856797996    2.443460953   17.954731285   45.624921173   19.839672358
   -0.666398442    2.443460953   27.523411782   53.603655086   19.472882395
   -0.475998887    2.443460953   37.894128135   53.840649071   18.367065568
   -0.285599332    2.443460953   47.527613069   45.944082449   16.636968710
   -0.095199777    2.443460953   54.974191106   31.260199745   14.276673329
    0.095199777    2.443460953   59.201018613   12.756416654   11.188440566
    0.285599332    2.443460953   59.880024937   -5.189960204    7.281157344
    0.475998887    2.443460953   57.586037699  -17.715229251    2.626056563
    0.666398442    2.443460953   53.742035533  -21.046536695   -2.418989769
    0.856797996    2.443460953   50.248773787  -14.174713267   -7.205741549
    1.047197551    2.443460953   48.854005597    0.317551428  -10.995523239
    1.237597106    2.443460953   50.526025801   16.985653848  -13.249937086
    1.427996661    2.443460953   55.076572608   29.624927161  -13.860827285
    1.618396215    2.443460953   61.246506436   33.407862861  -13.183198574
    1.808795770    2.443460953   67.115980011   26.424790116  -11.873515166
    1.999195325    2.443460953   70.696644532    9.792695155  -10.624127931
    2.189594880    2.443460953   70.452320923  -13.012484126   -9.933624508
    2.379994435    2.443460953   65.656423384  -37.138690329   -9.981130731
    2.570393989    2.443460953   56.560014643  -57.325131327  -10.613753382
    2.760793544    2.443460953   44.373762508  -68.961355407  -11.445115401
    2.951193099    2.443460953   31.028040081  -69.275329524  -12.005779719

   -3.141592654    2.792526803   15.949349219  -58.085590207    1.652377983
   -2.951193099    2.792526803    6.673379218  -38.550148961    3.282798768
   -2.760793544    2.792526803    1.418086469  -16.886373516    4.880000804
   -2.570393989    2.792526803    0.000000000    0.876250278    6.457964506
   -2.379994435    2.792526803    1.255350594   10.841941891    8.181792822
   -2.189594880    2.792526803    3.601532651   12.578896775   10.325502119
   -1.999195325    2.792526803    5.705431304    9.003588091   13.116940352
   -1.808795770    2.792526803    6.995942725    4.866940575   16.546668360
   -1.618396215    2.792526803    7.809782703    4.588847417   20.266815121
   -1.427996661    2.792526803    9.139561878   10.409780243   23.666300002
   -1.237597106    2.792526803   12.122977449   21.566085535   26.094808426
   -1.047197551    2.792526803   17.504482283   34.930008332   27.104925022
   -0.856797996    2.792526803   25.315050668   46.337966125   26.563335359
   -0.666398442    2.792526803   34.818990437   52.222055654   24.612421317
   -0.475998887    2.792526803   44.733864885   50.444104004   21.516693291
   -0.285599332    2.792526803   53.534511121   40.602541784   17.531269206
   -0.095199777    2.792526803   59.783632019   24.040528600   12.833362771
    0.095199777    2.792526803   62.468472171    3.821201935    7.542126277
    0.285599332    2.792526803   61.315017753  -15.397474833    1.813802699
    0.475998887    2.792526803   57.022804000  -28.309356985   -4.033395992
    0.666398442    2.792526803   51.225935501  -30.710158573   -9.452764583
    0.856797996    2.792526803   46.094305534  -21.489979262  -13.753031240
    1.047197551    2.792526803   43.615810748   -3.635186379  -16.333924456
    1.237597106    2.792526803   44.876049680   16.572486539  -16.950549877
    1.427996661    2.792526803   49.632088824   32.025023721  -15.824397225
    1.618396215    2.792526803   56.425324598   37.327222035  -13.545395387
    1.808795770    2.792526803   63.075293407   30.506668125  -10.818518601
    1.999195325    2.792526803   67.363869600   13.028406368   -8.210648763
    2.189594880    2.792526803   67.612552884  -11.098325768   -6.018233142
    2.379994435    2.792526803   63.053840698  -36.517255783   -4.265824792
    2.570393989    2.792526803   53.982169609  -57.599916859   -2.796924249
    2.760793544    2.792526803   41.703207516  -69.554738324   -1.403840339
    2.951193099    2.792526803   28.261493671  -69.609016919    0.067618820
