#! FIELDS phi psi file.free der_phi der_psi
#! SET min_phi -pi
#! SET max_phi pi
#! SET nbins_phi  33
#! SET periodic_phi true
#! SET min_psi -pi
#! SET max_psi pi
#! SET nbins_psi  18
#! SET periodic_psi true
   -3.141592654   -3.141592654   19.296329368  -53.126543508   14.027907833
   -2.951193099   -3.141592654   10.693854893  -36.330296696   16.480355867
   -2.760793544   -3.141592654    5.672919931  -16.425602375   18.275570075
   -2.570393989   -3.141592654    4.284023710    0.976799428   19.468947967
   -2.379994435   -3.141592654    5.631432119   11.910344057   20.374746884
   -2.189594880   -3.141592654    8.344902687   15.453882605   21.438799161
   -1.999195325   -3.141592654   11.179515677   13.742989245   23.011042940
   -1.808795770   -3.141592654   13.492482912   10.672100628   25.122641181
   -1.618396215   -3.141592654   15.402161282   10.036344744   27.396781726
   -1.427996661   -3.141592654   17.606584678   13.921085630   29.162834375
   -1.237597106   -3.141592654   20.970566770   21.933695808   29.727644490
   -1.047197551   -3.141592654   26.072574121   31.619268971   28.666899747
   -0.856797996   -3.141592654   32.908286656   39.504316854   25.964493336
   -0.666398442   -3.141592654   40.820054450   42.478283708   21.979016381
   -0.475998887   -3.141592654   48.667127560   38.636877553   17.237240243
   -0.285599332   -3.141592654   55.096372952   27.681003462   12.221065755
   -0.095199777   -3.141592654   58.857012681   11.011359370    7.216397302
    0.095199777   -3.141592654   59.131239285   -8.284217233    2.301367942
    0.285599332   -3.141592654   55.840465949  -25.566866018   -2.516188478
    0.475998887   -3.141592654   49.865767565  -35.669626696   -7.103057527
    0.666398442   -3.141592654   42.979281536  -34.724453281  -11.072532882
    0.856797996   -3.141592654   37.400588561  -22.210618109  -13.862188856
    1.047197551   -3.141592654   35.040397963   -1.828758553  -14.984989141
    1.237597106   -3.141592654   36.784349223   19.641376256  -14.311858502
    1.427996661   -3.141592654   42.144286506   35.163726634  -12.159895856
    1.618396215   -3.141592654   49.493977564   40.056648825   -9.158261953
    1.808795770   -3.141592654   56.656814140   33.342707377   -5.950192427
    1.999195325   -3.141592654   61.585000071   17.130913153   -2.940714938
    2.189594880   -3.141592654   62.820923542   -4.712688721   -0.211557052
    2.379994435   -3.141592654   59.713242349  -27.735923666    2.398522844
    2.570393989   -3.141592654   52.468843508  -47.436853886    5.114877175
    2.760793544   -3.141592654   42.121843016  -59.729951156    8.048783114
    2.951193099   -3.141592654   30.383612664  -61.772523193   11.109962118

   -3.141592654   -2.792526803   25.757083952  -47.965339194   20.992798506
   -2.951193099   -2.792526803   17.992032664  -32.763110947   23.576552902
   -2.760793544   -2.792526803   13.490440191  -14.503822414   25.101916249
   -2.570393989   -2.792526803   12.347447715    1.760560866   25.714246971
   -2.379994435   -2.792526803   13.804954179   12.443516427   25.844303573
   -2.189594880   -2.792526803   16.668831869   16.626232702   26.028796952
   -1.999195325   -2.792526803   19.829673192   16.021428558   26.663795976
   -1.808795770   -2.792526803   22.668505082   13.813979126   27.792723726
   -1.618396215   -2.792526803   25.188691367   13.109514163   29.039649584
   -1.427996661   -2.792526803   27.870012333   15.644238671   29.738753975
   -1.237597106   -2.792526803   31.340271007   21.190561753   29.212554024
   -1.047197551   -2.792526803   36.017450458   27.880090030   27.071629702
   -0.856797996   -2.792526803   41.865422582   32.972613048   23.358485351
   -0.666398442   -2.792526803   48.323215294   33.900486799   18.509023294
   -0.475998887   -2.792526803   54.417617182   28.968947944   13.124685546
   -0.285599332   -2.792526803   58.968574846   17.740857507    7.737923572
   -0.095199777   -2.792526803   60.852521832    1.303204481    2.654299493
    0.095199777   -2.792526803   59.321403850  -17.499895684   -2.048772530
    0.285599332   -2.792526803   54.342205005  -34.025689347   -6.376117303
    0.475998887   -2.792526803   46.866851635  -42.850263177  -10.228350464
    0.666398442   -2.792526803   38.795154780  -39.838615054  -13.290055456
    0.856797996   -2.792526803   32.501432348  -24.486919280  -15.114904532
    1.047197551   -2.792526803   30.007616364   -0.950810475  -15.345051009
    1.237597106   -2.792526803   32.192167488   23.281690714  -13.948430061
    1.427996661   -2.792526803   38.432212360   40.582485247  -11.267051538
    1.618396215   -2.792526803   46.892388806   46.135197350   -7.877871589
    1.808795770   -2.792526803   55.208302374   39.292997527   -4.316112703
    1.999195325   -2.792526803   61.234920682   22.725660290   -0.863910789
    2.189594880   -2.792526803   63.519518581    0.770595601    2.490232595
    2.379994435   -2.792526803   61.477741408  -21.964948580    5.938510019
    2.570393989   -2.792526803   55.378705043  -41.177515520    9.651720522
    2.760793544   -2.792526803   46.257563026  -53.188452150   13.606563987
    2.951193099   -2.792526803   35.747189171  -55.548952210   17.531623567

   -3.141592654   -2.443460953   33.135672733  -42.888510542   20.041670280
   -2.951193099   -2.443460953   26.165019826  -29.550158966   22.089855382
   -2.760793544   -2.443460953   22.095868944  -13.127180768   23.182153306
   -2.570393989   -2.443460953   21.081303265    1.859132456   23.482077496
   -2.379994435   -2.443460953   22.503546329   12.124866531   23.339664497
   -2.189594880   -2.443460953   25.332616579   16.686876717   23.140044492
   -1.999195325   -2.443460953   28.574438292   16.820214329   23.130148239
   -1.808795770   -2.443460953   31.616981047   15.048745084   23.286947161
   -1.618396215   -2.443460953   34.344953217   13.871474933   23.295367370
   -1.427996661   -2.443460953   37.033120936   14.767693601   22.663795072
   -1.237597106   -2.443460953   40.102909229   17.767605825   20.942221126
   -1.047197551   -2.443460953   43.860378884   21.679213508   17.949801782
   -0.856797996   -2.443460953   48.301302115   24.561966049   13.865730915
   -0.666398442   -2.443460953   53.031349907   24.376793867    9.169752440
   -0.475998887   -2.443460953   57.301005808   19.510153622    4.423666690
   -0.285599332   -2.443460953   60.125955138    9.173128848    0.062432094
   -0.095199777   -2.443460953   60.489975635   -6.080618701   -3.727094053
    0.095199777   -2.443460953   57.658948224  -23.798047989   -6.984761397
    0.285599332   -2.443460953   51.570060608  -39.392039453   -9.826822678
    0.475998887   -2.443460953   43.166830701  -47.168775575  -12.271916155
    0.666398442   -2.443460953   34.405825053  -42.653555725  -14.134474369
    0.856797996   -2.443460953   27.764694647  -25.221449553  -15.083215938
    1.047197551   -2.443460953   25.356768118    0.704703757  -14.811764746
    1.237597106   -2.443460953   28.069933631   27.107820334  -13.243228023
    1.427996661   -2.443460953   35.191208727   45.872099151  -10.598615077
    1.618396215   -2.443460953   44.730190254   52.043360886   -7.313386777
    1.808795770   -2.443460953   54.179514654   45.226365432   -3.823199800
    1.999195325   -2.443460953   61.323936798   28.542627384   -0.379326133
    2.189594880   -2.443460953   64.722628116    6.709485030    2.995431674
    2.379994435   -2.443460953   63.850003792  -15.585643859    6.424302993
    2.570393989   -2.443460953   59.016285748  -34.293215065   10.003035925
    2.760793544   -2.443460953   51.229254914  -46.161171879   13.660264473
    2.951193099   -2.443460953   42.015526967  -49.101032205   17.128937252

   -3.141592654   -2.094395102   39.030135843  -39.126437882   13.573134607
   -2.951193099   -2.094395102   32.649618794  -27.141916435   14.608179158
   -2.760793544   -2.094395102   28.913000637  -12.012689958   15.073439768
   -2.570393989   -2.094395102   28.011593842    1.998495495   15.128323782
   -2.379994435   -2.094395102   29.400358645   11.700169040   14.950587767
   -2.189594880   -2.094395102   32.121039090   16.007756355   14.646536277
   -1.999195325   -2.094395102   35.215559168   15.933432344   14.203485144
   -1.808795770   -2.094395102   38.049266569   13.670309928   13.491722684
   -1.618396215   -2.094395102   40.426325999   11.466269930   12.311397551
   -1.427996661   -2.094395102   42.513700810   10.788410081   10.472822957
   -1.237597106   -2.094395102   44.651918807   11.970118965    7.892063893
   -1.047197551   -2.094395102   47.149636956   14.344373233    4.674126977
   -0.856797996   -2.094395102   50.106881462   16.488942083    1.109791017
   -0.666398442   -2.094395102   53.310186307   16.588328167   -2.399914218
   -0.475998887   -2.094395102   56.194742746   12.863791630   -5.502040553
   -0.285599332   -2.094395102   57.896966231    4.051053842   -8.016365309
   -0.095199777   -2.094395102   57.421733744   -9.830663832   -9.976972354
    0.095199777   -2.094395102   53.970761833  -26.640871910  -11.574122618
    0.285599332   -2.094395102   47.390433517  -41.758224295  -13.007750319
    0.475998887   -2.094395102   38.570636964  -49.147263969  -14.343751178
    0.666398442   -2.094395102   29.492689248  -43.913611627  -15.432296340
    0.856797996   -2.094395102   22.724640668  -25.188148259  -15.953651593
    1.047197551   -2.094395102   20.485725590    2.499286769  -15.562348666
    1.237597106   -2.094395102   23.716772022   30.727489450  -14.078601255
    1.427996661   -2.094395102   31.671572446   50.904959881  -11.591719476
    1.618396215   -2.094395102   42.251432985   57.818853978   -8.434640189
    1.808795770   -2.094395102   52.822102333   51.146270010   -5.023164636
    1.999195325   -2.094395102   61.081681817   34.307612358   -1.674262096
    2.189594880   -2.094395102   65.563857477   12.342988120    1.468484654
    2.379994435   -2.094395102   65.764025207   -9.933553468    4.410247845
    2.570393989   -2.094395102   62.012707446  -28.596494159    7.180487962
    2.760793544   -2.094395102   55.298609640  -40.654234424    9.730826087
    2.951193099   -2.094395102   47.080817090  -44.233639719   11.916664465

   -3.141592654   -1.745329252   41.958680250  -37.790659050    7.089755728
   -2.951193099   -1.745329252   35.767654557  -26.473820295    7.214523050
   -2.760793544   -1.745329252   32.108293244  -11.844674383    6.993926802
   -2.570393989   -1.745329252   31.203844580    1.810721918    6.535445670
   -2.379994435   -1.745329252   32.524257380   11.153939457    5.874483089
   -2.189594880   -1.745329252   35.092816728   14.909882199    4.940202577
   -1.999195325   -1.745329252   37.899832294   13.950838514    3.600587859
   -1.808795770   -1.745329252   40.243764096   10.460900248    1.752318121
   -1.618396215   -1.745329252   41.875869355    6.843035689   -0.601435132
   -1.427996661   -1.745329252   42.954946560    4.872415120   -3.323871875
   -1.237597106   -1.745329252   43.880008671    5.264831814   -6.172509515
   -1.047197551   -1.745329252   45.089378351    7.675009350   -8.849357055
   -0.856797996   -1.745329252   46.854091344   10.785733988  -11.077515501
   -0.666398442   -1.745329252   49.122830541   12.561534175  -12.662888423
   -0.475998887   -1.745329252   51.422832065   10.741655085  -13.561615102
   -0.285599332   -1.745329252   52.879864977    3.505030477  -13.898777227
   -0.095199777   -1.745329252   52.394659407   -9.526777689  -13.926663069
    0.095199777   -1.745329252   49.017989636  -26.281934261  -13.942833423
    0.285599332   -1.745329252   42.465033970  -41.880292742  -14.166205282
    0.475998887   -1.745329252   33.567152455  -49.804867487  -14.637362182
    0.666398442   -1.745329252   24.344790577  -44.664186391  -15.174947785
    0.856797996   -1.745329252   17.483581838  -25.282531411  -15.428721772
    1.047197551   -1.745329252   15.347889631    3.771304460  -15.013339393
    1.237597106   -1.745329252   18.982115243   33.701556910  -13.687336931
    1.427996661   -1.745329252   27.654848359   55.390404277  -11.468217134
    1.618396215   -1.745329252   39.188398822   63.217939395   -8.629959011
    1.808795770   -1.745329252   50.817971455   56.754900693   -5.570814194
    1.999195325   -1.745329252   60.120841482   39.580864445   -2.638255467
    2.189594880   -1.745329252   65.553541390   17.029833616   -0.036550722
    2.379994435   -1.745329252   66.586520703   -5.873893851    2.182008049
    2.570393989   -1.745329252   63.550420926  -25.147985997    4.026454478
    2.760793544   -1.745329252   57.433179639  -37.848741050    5.488756153
    2.951193099   -1.745329252   49.682431428  -42.144048839    6.521407282

   -3.141592654   -1.396263402   41.758820063  -39.007232643    3.486433287
   -2.951193099   -1.396263402   35.327366163  -27.742923226    2.888303510
   -2.760793544   -1.396263402   31.438933178  -12.973806021    2.010348263
   -2.570393989   -1.396263402   30.329630731    0.747378923    0.984673768
   -2.379994435   -1.396263402   31.425735502    9.778117607   -0.186816854
   -2.189594880   -1.396263402   33.660296679   12.688352093   -1.664917766
   -1.999195325   -1.396263402   35.927736161   10.459185978   -3.676913052
   -1.808795770   -1.396263402   37.477805049    5.646988870   -6.344678912
   -1.618396215   -1.396263402   38.098509257    1.147282944   -9.547828577
   -1.427996661   -1.396263402   38.074509757   -0.855402858  -12.906936861
   -1.237597106   -1.396263402   37.985117931    0.501195454  -15.902315328
   -1.047197551   -1.396263402   38.447843992    4.705570549  -18.048866141
   -0.856797996   -1.396263402   39.854534732   10.022465785  -19.060014792
   -0.666398442   -1.396263402   42.183491913   13.896218104  -18.915637231
   -0.475998887   -1.396263402   44.895400093   13.603025403  -17.852934574
   -0.285599332   -1.396263402   46.976573531    7.046413275  -16.281469889
   -0.095199777   -1.396263402   47.158146050   -6.208373625  -14.651066613
    0.095199777   -1.396263402   44.332487001  -23.909263667  -13.337707983
    0.285599332   -1.396263402   38.108859972  -40.816214115  -12.538262119
    0.475998887   -1.396263402   29.293663643  -49.941089862  -12.227450680
    0.666398442   -1.396263402   19.973923164  -45.427948602  -12.176474584
    0.856797996   -1.396263402   12.976290178  -25.807523606  -12.040536339
    1.047197551   -1.396263402   10.832867676    4.323144929  -11.485593742
    1.237597106   -1.396263402   14.716466201   35.792253241  -10.319462557
    1.427996661   -1.396263402   23.931157261   58.920343639   -8.560245076
    1.618396215   -1.396263402   36.231618779   67.608243937   -6.413105249
    1.808795770   -1.396263402   48.718231461   61.234095767   -4.161797474
    1.999195325   -1.396263402   58.827607898   43.473608432   -2.042758543
    2.189594880   -1.396263402   64.912271806   19.941835241   -0.193994304
    2.379994435   -1.396263402   66.394626584   -4.072135862    1.339219266
    2.570393989   -1.396263402   63.599214630  -24.405202611    2.530098612
    2.760793544   -1.396263402   57.533977167  -38.014081622    3.326203306
    2.951193099   -1.396263402   49.682687716  -42.983762093    3.653238242

   -3.141592654   -1.047197551   40.058204532  -42.084420186    3.304760685
   -2.951193099   -1.047197551   33.032473198  -30.823561485    2.241987158
   -2.760793544   -1.047197551   28.594303032  -15.618978599    0.711689247
   -2.570393989   -1.047197551   27.034185185   -1.366798317   -1.136295064
   -2.379994435   -1.047197551   27.751841979    7.820923110   -3.243609759
   -2.189594880   -1.047197551   29.576585415   10.224770336   -5.697139735
   -1.999195325   -1.047197551   31.280049029    6.941688629   -8.636279889
   -1.808795770   -1.047197551   32.052334203    1.047069198  -12.069632083
   -1.618396215   -1.047197551   31.739577256   -3.901649286  -15.729346327
   -1.427996661   -1.047197551   30.796451974   -5.264412930  -19.076968402
   -1.237597106   -1.047197551   30.017812004   -2.168308930  -21.482165809
   -1.047197551   -1.047197551   30.196487675    4.451886648  -22.469700186
   -0.856797996   -1.047197551   31.791682253   12.206592036  -21.908536290
   -0.666398442   -1.047197551   34.725023411   17.919118328  -20.048498338
   -0.475998887   -1.047197551   38.302211255   18.478019897  -17.409428456
   -0.285599332   -1.047197551   41.308525978   11.718396162  -14.592341049
   -0.095199777   -1.047197551   42.289563782   -2.601387981  -12.076534419
    0.095199777   -1.047197551   40.009127107  -21.830014456  -10.101299442
    0.285599332   -1.047197551   34.033895714  -40.243124979   -8.640016658
    0.475998887   -1.047197551   25.219204507  -50.401055748   -7.483010691
    0.666398442   -1.047197551   15.774656751  -46.142165223   -6.379021203
    0.856797996   -1.047197551    8.685268595  -25.941366109   -5.167356042
    1.047197551   -1.047197551    6.624437639    5.379804070   -3.837295340
    1.237597106   -1.047197551   10.840914698   38.209855453   -2.498041190
    1.427996661   -1.047197551   20.624764284   62.388766008   -1.292593899
    1.618396215   -1.047197551   33.638383985   71.504968657   -0.308774776
    1.808795770   -1.047197551   46.853649436   64.883302333    0.466976666
    1.999195325   -1.047197551   57.591070203   46.348051318    1.131762122
    2.189594880   -1.047197551   64.124787184   21.752985535    1.794027430
    2.379994435   -1.047197551   65.841250656   -3.433842682    2.503381030
    2.570393989   -1.047197551   63.054967235  -24.943106126    3.193300626
    2.760793544   -1.047197551   56.780232313  -39.659030031    3.692129626
    2.951193099   -1.047197551   48.524525295  -45.533386898    3.780268217

   -3.141592654   -0.698131701   39.975739918  -44.698316994    2.088317680
   -2.951193099   -0.698131701   32.368151354  -34.258971095    0.417054808
   -2.760793544   -0.698131701   27.227086061  -19.500519327   -1.783463018
   -2.570393989   -0.698131701   24.909642453   -5.411454716   -4.323868817
   -2.379994435   -0.698131701   24.842951130    3.597792970   -7.091742744
   -2.189594880   -0.698131701   25.826891791    5.565004046  -10.110622091
   -1.999195325   -0.698131701   26.583538900    1.650677450  -13.433744016
   -1.808795770   -0.698131701   26.302747628   -4.632826554  -16.948818159
   -1.618396215   -0.698131701   24.932514301   -9.149110312  -20.247711025
   -1.427996661   -0.698131701   23.123927404   -8.908117091  -22.686638936
   -1.237597106   -0.698131701   21.888441062   -3.194102891  -23.639094921
   -1.047197551   -0.698131701   22.157531529    6.423639255  -22.793402218
   -0.856797996   -0.698131701   24.383750804   16.723325575  -20.318231753
   -0.666398442   -0.698131701   28.334951127   23.875835014  -16.811232963
   -0.475998887   -0.698131701   33.077068483   24.534970282  -13.054892216
   -0.285599332   -0.698131701   37.155963419   16.781825986   -9.725043383
   -0.095199777   -0.698131701   38.959481668    0.938555426   -7.153597375
    0.095199777   -0.698131701   37.213561335  -19.688662591   -5.261987297
    0.285599332   -0.698131701   31.559138455  -38.890309224   -3.670008175
    0.475998887   -0.698131701   22.987655720  -49.086493139   -1.939742951
    0.666398442   -0.698131701   13.835872167  -44.336056801    0.157001267
    0.856797996   -0.698131701    7.149919666  -23.548636989    2.493060668
    1.047197551   -0.698131701    5.579369715    8.046889309    4.647698086
    1.237597106   -0.698131701   10.291602923   40.658599361    6.143451818
    1.427996661   -0.698131701   20.488824385   64.230856348    6.702616425
    1.618396215   -0.698131701   33.785570274   72.642041340    6.382118823
    1.808795770   -0.698131701   47.162866310   65.493064074    5.525218631
    1.999195325   -0.698131701   57.989535255   46.722216796    4.576780769
    2.189594880   -0.698131701   64.590220159   22.102259588    3.886886854
    2.379994435   -0.698131701   66.372178507   -3.119978093    3.585312224
    2.570393989   -0.698131701   63.624704234  -24.904908400    3.555356860
    2.760793544   -0.698131701   57.301771458  -40.270877503    3.507968751
    2.951193099   -0.698131701   48.841369773  -47.104038539    3.099557975

   -3.141592654   -0.349065850   40.280359242  -47.676414776    1.463436768
   -2.951193099   -0.349065850   31.996064471  -38.322537135   -0.486183055
   -2.760793544   -0.349065850   26.008384278  -24.247089069   -2.979911326
   -2.570393989   -0.349065850   22.754483521  -10.446689178   -5.824987542
   -2.379994435   -0.349065850   21.715383395   -1.578670036   -8.867694121
   -2.189594880   -0.349065850   21.696476739    0.195208208  -12.045507301
   -1.999195325   -0.349065850   21.413956630   -3.855708071  -15.288873524
   -1.808795770   -0.349065850   20.107622673   -9.766867697  -18.354629963
   -1.618396215   -0.349065850   17.872677752  -12.898021951  -20.743052898
   -1.427996661   -0.349065850   15.575966501  -10.110197304  -21.814725242
   -1.237597106   -0.349065850   14.417437106   -1.130856933  -21.082234234
   -1.047197551   -0.349065850   15.384139763   11.577448880  -18.502587868
   -0.856797996   -0.349065850   18.803608472   23.856140256  -14.567674837
   -0.666398442   -0.349065850   24.173457639   31.363217703  -10.145316906
   -0.475998887   -0.349065850   30.251193463   30.861407611   -6.122823129
   -0.285599332   -0.349065850   35.351204255   21.112292704   -3.065861801
   -0.095199777   -0.349065850   37.789974874    3.371378996   -1.013057324
    0.095199777   -0.349065850   36.394047446  -18.251674367    0.492007171
    0.285599332   -0.349065850   31.017096062  -37.215506742    2.141207551
    0.475998887   -0.349065850   22.866731716  -46.245292702    4.481277408
    0.666398442   -0.349065850   14.385689478  -40.201654634    7.575910314
    0.856797996   -0.349065850    8.557166284  -18.880264405   10.912177507
    1.047197551   -0.349065850    7.829017436   11.998374945   13.627348794
    1.237597106   -0.349065850   13.135325277   42.804587585   14.946105276
    1.427996661   -0.349065850   23.531490614   64.177245546   14.561321863
    1.618396215   -0.349065850   36.636971344   70.817789022   12.756698361
    1.808795770   -0.349065850   49.571551021   62.844496187   10.227418241
    1.999195325   -0.349065850   59.894966290   44.229414031    7.732572351
    2.189594880   -0.349065850   66.087670837   20.367577902    5.805702834
    2.379994435   -0.349065850   67.620051200   -4.045470825    4.610490770
    2.570393989   -0.349065850   64.742178291  -25.449819266    3.967990827
    2.760793544   -0.349065850   58.298398443  -41.118973124    3.493775782
    2.951193099   -0.349065850   49.596832881  -48.868941378    2.759611072

   -3.141592654    0.000000000   41.077345321  -50.206689449    0.433347513
   -2.951193099    0.000000000   32.193145958  -42.060574001   -1.303812765
   -2.760793544    0.000000000   25.392528368  -28.990150607   -3.458862113
   -2.570393989    0.000000000   21.164679784  -15.874328721   -5.906859141
   -2.379994435    0.000000000   19.049976600   -7.403542867   -8.531729864
   -2.189594880    0.000000000   17.907101022   -5.725339783  -11.243791771
   -1.999195325    0.000000000   16.526351108   -9.355464158  -13.887961553
   -1.808795770    0.000000000   14.280467183  -13.959061077  -16.126889672
   -1.618396215    0.000000000   11.460326866  -14.665531542  -17.430479284
   -1.427996661    0.000000000    9.133110999   -8.563574677  -17.247874394
   -1.237597106    0.000000000    8.602568544    3.851618829  -15.299016652
   -1.047197551    0.000000000   10.781157023   19.096946576  -11.803553553
   -0.856797996    0.000000000   15.743975373   32.230115242   -7.462400932
   -0.666398442    0.000000000   22.642819126   38.775246694   -3.205136719
   -0.475998887    0.000000000   29.933643508   36.057624698    0.205923455
   -0.285599332    0.000000000   35.786155855   23.874465703    2.478134749
   -0.095199777    0.000000000   38.579799737    4.551038392    3.892731677
    0.095199777    0.000000000   37.376550972  -17.136358876    5.160483876
    0.285599332    0.000000000   32.327926502  -34.683893886    7.067135836
    0.475998887    0.000000000   24.858652273  -41.612753623   10.054225931
    0.666398442    0.000000000   17.427797822  -34.011646287   13.914209409
    0.856797996    0.000000000   12.806436867  -12.726993665   17.798092147
    1.047197551    0.000000000   13.094079839   16.214816198   20.576213847
    1.237597106    0.000000000   18.908940336   43.802280449   21.376324679
    1.427996661    0.000000000   29.171132372   61.862248256   19.985716534
    1.618396215    0.000000000   41.594510964   66.213762205   16.908704727
    1.808795770    0.000000000   53.556635947   57.500688319   13.079190508
    1.999195325    0.000000000   62.906170681   39.538288374    9.424214261
    2.189594880    0.000000000   68.334079878   17.092586135    6.551007926
    2.379994435    0.000000000   69.385809749   -5.870031836    4.623468603
    2.570393989    0.000000000   66.259606977  -26.353130404    3.439808033
    2.760793544    0.000000000   59.668836970  -41.905971438    2.604845101
    2.951193099    0.000000000   50.767062401  -50.290975894    1.700881784

   -3.141592654    0.349065850   42.200904672  -51.781152489   -0.106467300
   -2.951193099    0.349065850   32.918803145  -44.648196760   -1.081449838
   -2.760793544    0.349065850   25.534899480  -32.484809885   -2.277546243
   -2.570393989    0.349065850   20.574699253  -20.017302317   -3.699183950
   -2.379994435    0.349065850   17.632837622  -11.895237979   -5.331538696
   -2.189594880    0.349065850   15.628958556  -10.206621458   -7.116923649
   -1.999195325    0.349065850   13.436814994  -13.285667063   -8.885381253
   -1.808795770    0.349065850   10.556152177  -16.549495493  -10.301412321
   -1.618396215    0.349065850    7.439745129  -15.054861914  -10.911540420
   -1.427996661    0.349065850    5.295031660   -6.219978006  -10.320502598
   -1.237597106    0.349065850    5.462855469    8.735038231   -8.417117101
   -1.047197551    0.349065850    8.738064011   25.510450629   -5.503775036
   -0.856797996    0.349065850   14.951187640   38.691706208   -2.201430331
   -0.666398442    0.349065850   22.975138708   43.955396216    0.806984987
   -0.475998887    0.349065850   31.073130072   39.330510230    3.094727476
   -0.285599332    0.349065850   37.386474928   25.573000964    4.674971353
   -0.095199777    0.349065850   40.440378725    5.821574497    5.990093721
    0.095199777    0.349065850   39.554662890  -14.839612051    7.715744512
    0.285599332    0.349065850   35.132122370  -30.298308038   10.423639510
    0.475998887    0.349065850   28.710238229  -35.101391140   14.236872093
    0.666398442    0.349065850   22.635289938  -26.588637283   18.636107699
    0.856797996    0.349065850   19.355043451   -6.443179237   22.569477258
    1.047197551    0.349065850   20.567796517   19.372670743   24.877071819
    1.237597106    0.349065850   26.596440105   42.838811939   24.817427243
    1.427996661    0.349065850   36.304561661   57.188307885   22.397751850
    1.618396215    0.349065850   47.599288977   59.351449543   18.333656440
    1.808795770    0.349065850   58.196475656   50.328654621   13.685698894
    1.999195325    0.349065850   66.276064283   33.569378841    9.407322545
    2.189594880    0.349065850   70.746382158   13.056829867    6.066984444
    2.379994435    0.349065850   71.214907799   -8.025379296    3.783532585
    2.570393989    0.349065850   67.812375685  -27.228386483    2.352872196
    2.760793544    0.349065850   61.111474205  -42.333286431    1.433739979
    2.951193099    0.349065850   52.108279863  -51.037882975    0.693031246

   -3.141592654    0.698131701   42.925481096  -52.033606862   -1.323008597
   -2.951193099    0.698131701   33.560823796  -45.286067001   -1.317940273
   -2.760793544    0.698131701   26.001103792  -33.706219796   -1.280460284
   -2.570393989    0.698131701   20.745745655  -21.888845123   -1.383313922
   -2.379994435    0.698131701   17.392584058  -14.307574256   -1.750505191
   -2.189594880    0.698131701   14.901025467  -12.846136995   -2.396433580
   -1.999195325    0.698131701   12.224119410  -15.638918575   -3.195307857
   -1.808795770    0.698131701    8.972576012  -17.986852872   -3.899082037
   -1.618396215    0.698131701    5.714750347  -15.033262144   -4.215271111
   -1.427996661    0.698131701    3.732751425   -4.539853827   -3.927840587
   -1.237597106    0.698131701    4.358772240   11.767760805   -3.002169873
   -1.047197551    0.698131701    8.283600950   29.156420642   -1.614357436
   -0.856797996    0.698131701   15.181207456   42.100305446   -0.047047798
   -0.666398442    0.698131701   23.784713049   46.585419540    1.461762815
   -0.475998887    0.698131701   32.306948140   41.223314006    2.875281719
   -0.285599332    0.698131701   38.957679883   27.372123635    4.398933405
   -0.095199777    0.698131701   42.425381315    8.548411370    6.402194129
    0.095199777    0.698131701   42.225280383  -10.240832623    9.256015046
    0.285599332    0.698131701   38.890336818  -23.492923752   13.104796012
    0.475998887    0.698131701   33.929341440  -26.770903593   17.665527819
    0.666398442    0.698131701   29.457418712  -18.440996466   22.173017050
    0.856797996    0.698131701   27.538019317   -0.660341711   25.565801763
    1.047197551    0.698131701   29.479256558   21.036107739   26.889879995
    1.237597106    0.698131701   35.378785485   39.855953177   25.716795715
    1.427996661    0.698131701   44.139325630   50.474599149   22.331405357
    1.618396215    0.698131701   53.944556246   50.774125819   17.592670568
    1.808795770    0.698131701   62.891691332   41.872729117   12.546956377
    1.999195325    0.698131701   69.491867671   26.655952124    8.035820525
    2.189594880    0.698131701   72.844328086    8.257065230    4.502903513
    2.379994435    0.698131701   72.593697728  -10.845223044    2.005338267
    2.570393989    0.698131701   68.802589892  -28.589299752    0.375320822
    2.760793544    0.698131701   61.933050107  -42.842053764   -0.608394714
    2.951193099    0.698131701   52.871314832  -51.219138711   -1.128189799

   -3.141592654    1.047197551   41.622277761  -51.948798769   -6.411026116
   -2.951193099    1.047197551   32.350397214  -44.439546789   -5.951914209
   -2.760793544    1.047197551   24.990876281  -32.525625768   -5.037635573
   -2.570393989    1.047197551   19.951661434  -20.872044887   -3.982595091
   -2.379994435    1.047197551   16.746540147  -13.803468928   -3.066161209
   -2.189594880    1.047197551   14.294255748  -12.922272018   -2.425836883
   -1.999195325    1.047197551   11.562740292  -16.083911574   -2.046056520
   -1.808795770    1.047197551    8.219851296  -18.439427457   -1.821158652
   -1.618396215    1.047197551    4.902239045  -15.167606009   -1.639084039
   -1.427996661    1.047197551    2.938314272   -4.212446099   -1.433605615
   -1.237597106    1.047197551    3.667463461   12.489852426   -1.179099055
   -1.047197551    1.047197551    7.753933912   30.101817835   -0.856536815
   -0.856797996    1.047197551   14.844984292   43.178045840   -0.392162272
   -0.666398442    1.047197551   23.676690879   47.949654758    0.360627321
   -0.475998887    1.047197551   32.516353736   43.283333807    1.620194636
   -0.285599332    1.047197551   39.668224907   30.666686480    3.619820232
   -0.095199777    1.047197551   43.919371904   13.538101132    6.516646310
    0.095199777    1.047197551   44.843012123   -3.450848568   10.304658855
    0.285599332    1.047197551   42.937864615  -15.405402089   14.718128915
    0.475998887    1.047197551   39.549993511  -18.589367212   19.183940430
    0.666398442    1.047197551   36.512630648  -11.857936551   22.886187403
    0.856797996    1.047197551   35.561638743    2.697213734   24.980412942
    1.047197551    1.047197551   37.754346168   20.262329057   24.901431129
    1.237597106    1.047197551   43.121935533   35.173683201   22.612042624
    1.427996661    1.047197551   50.711650448   43.123562081   18.626058350
    1.618396215    1.047197551   58.995820156   42.428209756   13.798689516
    1.808795770    1.047197551   66.378693019   33.980570942    8.975479960
    1.999195325    1.047197551   71.590537604   20.046210887    4.717635641
    2.189594880    1.047197551   73.824881201    3.111476046    1.230466892
    2.379994435    1.047197551   72.720113237  -14.714387962   -1.534732883
    2.570393989    1.047197551   68.293713877  -31.420000528   -3.689380556
    2.760793544    1.047197551   60.975191467  -44.725510892   -5.265457604
    2.951193099    1.047197551   51.647049708  -52.119416576   -6.195046368

   -3.141592654    1.396263402   36.942976498  -52.942694049  -11.211980182
   -2.951193099    1.396263402   27.680740371  -43.359739546  -10.546525267
   -2.760793544    1.396263402   20.695967515  -29.770062456   -9.143030717
   -2.570393989    1.396263402   16.282192959  -17.195625688   -7.400358047
   -2.379994435    1.396263402   13.801258119   -9.989637254   -5.665348897
   -2.189594880    1.396263402   12.040130207   -9.550573814   -4.106091277
   -1.999195325    1.396263402    9.881024071  -13.480500345   -2.740526652
   -1.808795770    1.396263402    6.948038203  -16.753669159   -1.553825276
   -1.618396215    1.396263402    3.860209366  -14.441528894   -0.586216574
   -1.427996661    1.396263402    1.948603285   -4.363908008    0.081323422
   -1.237597106    1.396263402    2.587107850   11.747320410    0.426497795
   -1.047197551    1.396263402    6.517129299   29.302413566    0.563155350
   -0.856797996    1.396263402   13.507791204   43.036507914    0.756765475
   -0.666398442    1.396263402   22.435251235   49.202268798    1.341475428
   -0.475998887    1.396263402   31.690987486   46.463581717    2.621209178
   -0.285599332    1.396263402   39.647682862   35.925277865    4.774076538
   -0.095199777    1.396263402   45.076648077   20.554689360    7.778909645
    0.095199777    1.396263402   47.442680566    4.510390611   11.391354925
    0.285599332    1.396263402   47.048334281   -7.725006090   15.137410222
    0.475998887    1.396263402   44.983594324  -12.608216160   18.370200085
    0.666398442    1.396263402   42.821289397   -8.817552876   20.407922853
    0.856797996    1.396263402   42.111440530    2.152735022   20.745750852
    1.047197551    1.396263402   43.868963466   16.352876178   19.242558761
    1.237597106    1.396263402   48.248077670   28.911432271   16.196491644
    1.427996661    1.396263402   54.531857611   35.899258031   12.223711071
    1.618396215    1.396263402   61.447325383   35.431005199    8.019221151
    1.808795770    1.396263402   67.573189383   27.814038403    4.093502536
    1.999195325    1.396263402   71.692014647   14.684346679    0.647903837
    2.189594880    1.396263402   72.951652190   -1.837173593   -2.368686365
    2.379994435    1.396263402   70.913683231  -19.598756289   -5.092593890
    2.570393989    1.396263402   65.560849406  -36.218416304   -7.551651095
    2.760793544    1.396263402   57.371344638  -48.955148146   -9.581028477
    2.951193099    1.396263402   47.349602336  -55.042875848  -10.881665541

   -3.141592654    1.745329252   31.134847275  -53.448306130  -16.695313397
   -2.951193099    1.745329252   21.989335579  -41.688857074  -16.492266144
   -2.760793544    1.745329252   15.483387513  -26.545040130  -15.087955935
   -2.570393989    1.745329252   11.764537221  -13.258156758  -12.790756064
   -2.379994435    1.745329252   10.045292918   -6.012715415   -9.963726164
   -2.189594880    1.745329252    9.013836942   -5.903287863   -6.885107132
   -1.999195325    1.745329252    7.502728708  -10.349302204   -3.751842610
   -1.808795770    1.745329252    5.102622857  -14.324890706   -0.767746221
   -1.618396215    1.745329252    2.394018333  -12.920161309    1.804775870
   -1.427996661    1.745329252    0.679185845   -3.806379891    3.706072437
   -1.237597106    1.745329252    1.352429377   11.625519273    4.822906784
   -1.047197551    1.745329252    5.244961972   29.151597020    5.281339420
   -0.856797996    1.745329252   12.270243084   43.673147643    5.428718284
   -0.666398442    1.745329252   21.451939733   51.318935141    5.690775470
   -0.475998887    1.745329252   31.280394191   50.378583167    6.416803499
   -0.285599332    1.745329252   40.143425546   41.455479351    7.762030514
   -0.095199777    1.745329252   46.730176145   27.034793218    9.628820246
    0.095199777    1.745329252   50.339494989   10.890474061   11.681484658
    0.285599332    1.745329252   51.053097762   -2.670864623   13.405375458
    0.475998887    1.745329252   49.735718226   -9.964755012   14.250348337
    0.666398442    1.745329252   47.794811055   -9.171796453   13.819681141
    0.856797996    1.745329252   46.736377308   -1.064914206   12.050421690
    1.047197551    1.745329252   47.669608395   11.096906847    9.248379107
    1.237597106    1.745329252   50.947850129   22.799623012    5.976529177
    1.427996661    1.745329252   56.074937370   30.004373828    2.810117135
    1.618396215    1.745329252   61.938008378   30.309818861    0.116521692
    1.808795770    1.745329252   67.162287711   23.408865255   -2.066202622
    1.999195325    1.745329252   70.473913523   10.516623119   -3.979659526
    2.189594880    1.745329252   70.918880064   -6.293898196   -5.969901914
    2.379994435    1.745329252   67.985080344  -24.534562805   -8.286147712
    2.570393989    1.745329252   61.670056241  -41.280006188  -10.911863928
    2.760793544    1.745329252   52.566800756  -53.317511225  -13.530148545
    2.951193099    1.745329252   41.855729826  -57.775773518  -15.621254658

   -3.141592654    2.094395102   24.521169599  -54.891566885  -17.156653115
   -2.951193099    2.094395102   15.339169493  -40.636501582  -17.085986196
   -2.760793544    2.094395102    9.252865310  -23.278689806  -15.740780111
   -2.570393989    2.094395102    6.318235052   -8.406404999  -13.335402964
   -2.379994435    2.094395102    5.621422476   -0.226242978  -10.167608098
   -2.189594880    2.094395102    5.737473657    0.282067193   -6.489376905
   -1.999195325    2.094395102    5.404259542   -4.245804370   -2.510528249
   -1.808795770    2.094395102    4.116917042   -8.835028684    1.511452605
   -1.618396215    2.094395102    2.352628198   -8.572666558    5.214499391
   -1.427996661    2.094395102    1.329507616   -0.909695915    8.195353975
   -1.237597106    2.094395102    2.422429526   13.190156607   10.172293728
   -1.047197551    2.094395102    6.527809673   29.930698842   11.115627807
   -0.856797996    2.094395102   13.685263820   44.388304134   11.260833657
   -0.666398442    2.094395102   23.045714917   52.542413610   10.989446035
   -0.475998887    2.094395102   33.174558988   52.304024361   10.666036270
   -0.285599332    2.094395102   42.454750856   43.830858565   10.502595846
   -0.095199777    2.094395102   49.489957523   29.240629875   10.481634363
    0.095199777    2.094395102   53.437485669   12.090155203   10.361019598
    0.285599332    2.094395102   54.219653308   -3.260532812    9.756844748
    0.475998887    2.094395102   52.583732450  -12.741737283    8.324225502
    0.666398442    2.094395102   49.919617649  -13.880185389    5.954964396
    0.856797996    2.094395102   47.846936056   -6.812149517    2.906883990
    1.047197551    2.094395102   47.682553707    5.522794998   -0.275793879
    1.237597106    2.094395102   50.001247218   18.421042967   -2.987368719
    1.427996661    2.094395102   54.447904346   27.247179959   -4.839991103
    1.618396215    2.094395102   59.921088750   28.871335149   -5.818428556
    1.808795770    2.094395102   64.933424941   22.459749580   -6.263679818
    1.999195325    2.094395102   68.032138090    9.081021527   -6.697175778
    2.189594880    2.094395102   68.095638744   -8.945500126   -7.592828614
    2.379994435    2.094395102   64.520935555  -28.583944017   -9.197451118
    2.570393989    2.094395102   57.334267627  -46.250999438  -11.424754736
    2.760793544    2.094395102   47.273109983  -58.201422085  -13.879421557
    2.951193099    2.094395102   35.734473174  -61.395865230  -15.974858543

   -3.141592654    2.443460953   18.900260722  -56.623468851  -11.061424967
   -2.951193099    2.443460953    9.579093937  -40.339686618  -10.524286302
   -2.760793544    2.443460953    3.748359846  -20.921295760   -8.996466870
   -2.570393989    2.443460953    1.440667498   -4.236646947   -6.587276643
   -2.379994435    2.443460953    1.684867252    5.431263083   -3.468061522
   -2.189594880    2.443460953    2.993623809    7.092887766    0.209733358
   -1.999195325    2.443460953    4.034435435    3.288057618    4.292654124
   -1.808795770    2.443460953    4.201076703   -1.224516731    8.534688692
   -1.618396215    2.443460953    3.828805805   -1.705538615   12.537966729
   -1.427996661    2.443460953    3.980288133    4.455593257   15.811106796
   -1.237597106    2.443460953    5.916012766   16.647466957   17.934658131
   -1.047197551    2.443460953   10.501124833   31.557903945   18.723225388
   -0.856797996    2.443460953   17.828447079   44.630923556   18.278169898
   -0.666398442    2.443460953   27.147610579   51.944451267   16.910055915
   -0.475998887    2.443460953   37.116064089   51.253714143   14.982916442
   -0.285599332    2.443460953   46.162603923   42.406825640   12.768068477
   -0.095199777    2.443460953   52.873462618   27.191448136   10.352220696
    0.095199777    2.443460953   56.335095341    8.948822878    7.635138356
    0.285599332    2.443460953   56.381693734   -7.890479078    4.435630745
    0.475998887    2.443460953   53.719563124  -18.838536800    0.686772020
    0.666398442    2.443460953   49.802080026  -20.770818627   -3.389855291
    0.856797996    2.443460953   46.433446100  -13.300475510   -7.242734021
    1.047197551    2.443460953   45.174122814    0.702317665  -10.186731349
    1.237597106    2.443460953   46.799615442   16.024120853  -11.711590575
    1.427996661    2.443460953   51.019805999   27.184582207  -11.732712709
    1.618396215    2.443460953   56.638681111   30.280071128  -10.630135465
    1.808795770    2.443460953   61.961285017   24.103046760   -9.075152547
    1.999195325    2.443460953   65.301698124    9.823632561   -7.754971736
    2.189594880    2.443460953   65.361389406   -9.792480692   -7.144292037
    2.379994435    2.443460953   61.461733527  -31.108962192   -7.399394592
    2.570393989    2.443460953   53.668893548  -49.969640800   -8.354143596
    2.760793544    2.443460953   42.854054164  -62.221870062   -9.611134602
    2.951193099    2.443460953   30.602787828  -64.698620571  -10.664005782

   -3.141592654    2.792526803   16.366104784  -56.630729655    1.078661524
   -2.951193099    2.792526803    7.159446409  -39.107946906    2.518577804
   -2.760793544    2.792526803    1.691905434  -18.343444759    4.122687858
   -2.570393989    2.792526803    0.000000000   -0.368754937    5.889072923
   -2.379994435    2.792526803    1.094629813   10.471891075    7.921676664
   -2.189594880    2.792526803    3.463099208   13.151241648   10.399299114
   -1.999195325    2.792526803    5.734367528   10.092119859   13.441815218
   -1.808795770    2.792526803    7.229231943    5.813881340   16.942510752
   -1.618396215    2.792526803    8.160661758    4.806962949   20.484968656
   -1.427996661    2.792526803    9.434138491    9.594601747   23.429158981
   -1.237597106    2.792526803   12.161828975   19.746716838   25.143181772
   -1.047197551    2.792526803   17.117147218   32.335875536   25.254195090
   -0.856797996    2.792526803   24.379368914   43.220740253   23.763555234
   -0.666398442    2.792526803   33.252542169   48.747173819   20.997104660
   -0.475998887    2.792526803   42.480003694   46.736064964   17.411274023
   -0.285599332    2.792526803   50.569272972   36.908830050   13.400071982
   -0.095199777    2.792526803   56.150774941   20.830637676    9.166972273
    0.095199777    2.792526803   58.317121235    1.696940326    4.725966205
    0.285599332    2.792526803   56.902403715  -15.948596909    0.037351302
    0.475998887    2.792526803   52.664025581  -27.210080295   -4.788664775
    0.666398442    2.792526803   47.198864592  -28.437835064   -9.349166510
    0.856797996    2.792526803   42.537409512  -18.994593661  -12.995250060
    1.047197551    2.792526803   40.464757648   -2.027095207  -15.089329274
    1.237597106    2.792526803   41.876349833   16.473808132  -15.325156448
    1.427996661    2.792526803   46.435111399   30.122422150  -13.891942497
    1.618396215    2.792526803   52.750116928   34.425584986  -11.398824843
    1.808795770    2.792526803   58.867682221   28.109997636   -8.601001354
    1.999195325    2.792526803   62.876032436   12.719979765   -6.108069074
    2.189594880    2.792526803   63.344414452   -8.415870037   -4.218939337
    2.379994435    2.792526803   59.567260659  -31.142863406   -2.918357514
    2.570393989    2.792526803   51.669073820  -50.944593748   -1.982622841
    2.760793544    2.792526803   40.629299134  -63.491849189   -1.131943937
    2.951193099    2.792526803   28.161407307  -65.608747292   -0.143685987
