#! FIELDS phi psi file.free der_phi der_psi
#! SET min_phi -pi
#! SET max_phi pi
#! SET nbins_phi  33
#! SET periodic_phi true
#! SET min_psi -pi
#! SET max_psi pi
#! SET nbins_psi  18
#! SET periodic_psi true
   -3.141592654   -3.141592654   18.437583460  -53.414293713   17.352550322
   -2.951193099   -3.141592654   10.014554334  -34.452189835   19.771114755
   -2.760793544   -3.141592654    5.419371701  -14.168838348   21.282457422
   -2.570393989   -3.141592654    4.364895182    1.986005762   22.046693834
   -2.379994435   -3.141592654    5.722022467   10.944796598   22.504129987
   -2.189594880   -3.141592654    8.086610444   12.886239644   23.225506139
   -1.999195325   -3.141592654   10.370856953   10.760326892   24.673805394
   -1.808795770   -3.141592654   12.193741042    8.731457498   26.963586374
   -1.618396215   -3.141592654   13.931811633   10.300672231   29.753796050
   -1.427996661   -3.141592654   16.446928754   16.920446915   32.345908709
   -1.237597106   -3.141592654   20.636930337   27.494026262   33.945154023
   -1.047197551   -3.141592654   26.992045836   39.046850172   33.950912803
   -0.856797996   -3.141592654   35.345019954   47.819033446   32.110469090
   -0.666398442   -3.141592654   44.841410437   50.606985606   28.526297397
   -0.475998887   -3.141592654   54.137043597   45.537304313   23.526009994
   -0.285599332   -3.141592654   61.688344664   32.403397274   17.538578962
   -0.095199777   -3.141592654   66.081814935   12.819012070   11.002220200
    0.095199777   -3.141592654   66.393931897   -9.732578632    4.331661816
    0.285599332   -3.141592654   62.531292500  -30.067120196   -2.058316368
    0.475998887   -3.141592654   55.471849170  -42.408959707   -7.711416854
    0.666398442   -3.141592654   47.193859746  -42.369466431  -12.125692089
    0.856797996   -3.141592654   40.204366606  -29.123188573  -14.857169727
    1.047197551   -3.141592654   36.729860776   -6.407691920  -15.688257488
    1.237597106   -3.141592654   37.918779950   18.481366358  -14.762118296
    1.427996661   -3.141592654   43.400260544   37.486494907  -12.540056497
    1.618396215   -3.141592654   51.438545306   44.639503130   -9.614363364
    1.808795770   -3.141592654   59.516801108   37.938585624   -6.461608321
    1.999195325   -3.141592654   65.126397090   19.326778133   -3.301050679
    2.189594880   -3.141592654   66.424369950   -6.376588560   -0.116321401
    2.379994435   -3.141592654   62.639390072  -32.998958647    3.219016051
    2.570393989   -3.141592654   54.190914025  -54.427212921    6.787466552
    2.760793544   -3.141592654   42.551899515  -65.921671724   10.516480793
    2.951193099   -3.141592654   29.874924706  -65.242613009   14.157616686

   -3.141592654   -2.792526803   26.227904465  -48.863958870   25.239743683
   -2.951193099   -2.792526803   18.484287260  -31.890908969   27.460576210
   -2.760793544   -2.792526803   14.200255240  -13.383005438   28.499376861
   -2.570393989   -2.792526803   13.183091935    1.754573812   28.648160582
   -2.379994435   -2.792526803   14.485000603   10.784171916   28.461105369
   -2.189594880   -2.792526803   16.911472875   13.844180650   28.558821781
   -1.999195325   -2.792526803   19.536060671   13.416165007   29.384323648
   -1.808795770   -2.792526803   22.017016443   12.886259778   30.982851665
   -1.618396215   -2.792526803   24.614082227   14.950183614   32.924659053
   -1.427996661   -2.792526803   27.943092182   20.558321164   34.429104941
   -1.237597106   -2.792526803   32.606865535   28.623287251   34.651019932
   -1.047197551   -2.792526803   38.850952178   36.647464278   33.005486700
   -0.856797996   -2.792526803   46.380019155   41.592416885   29.346834398
   -0.666398442   -2.792526803   54.351406861   40.939200685   23.974112556
   -0.475998887   -2.792526803   61.546410136   33.328276915   17.459494432
   -0.285599332   -2.792526803   66.622619006   18.831707404   10.461348710
   -0.095199777   -2.792526803   68.400777419   -0.867368810    3.575943870
    0.095199777   -2.792526803   66.189920769  -22.357767553   -2.726730858
    0.285599332   -2.792526803   60.107575300  -40.599259233   -8.089084753
    0.475998887   -2.792526803   51.310705190  -49.995035797  -12.220290625
    0.666398442   -2.792526803   41.916394548  -46.432053194  -14.865675052
    0.856797996   -2.792526803   34.502824399  -29.519907264  -15.858841878
    1.047197551   -2.792526803   31.271101787   -3.569375024  -15.212135896
    1.237597106   -2.792526803   33.235275306   23.617328138  -13.185568517
    1.427996661   -2.792526803   39.821913668   43.787729713  -10.220605376
    1.618396215   -2.792526803   49.095552608   51.211068809   -6.781667787
    1.808795770   -2.792526803   58.414761407   44.389655849   -3.171500622
    1.999195325   -2.792526803   65.245079348   25.740940768    0.542602816
    2.189594880   -2.792526803   67.784770862    0.298047744    4.453829186
    2.379994435   -2.792526803   65.312899780  -25.878656808    8.669502398
    2.570393989   -2.792526803   58.254407952  -47.012435062   13.162994797
    2.760793544   -2.792526803   48.017089443  -58.734282749   17.700745612
    2.951193099   -2.792526803   36.629418381  -59.028778646   21.876949080

   -3.141592654   -2.443460953   34.742480484  -44.428293016   22.775884053
   -2.951193099   -2.443460953   27.649961515  -29.494194653   24.499834978
   -2.760793544   -2.443460953   23.647298123  -12.736217635   25.273052575
   -2.570393989   -2.443460953   22.644321568    1.412589680   25.371142719
   -2.379994435   -2.443460953   23.864826784   10.434239141   25.212507846
   -2.189594880   -2.443460953   26.294188587   14.334341593   25.204241348
   -1.999195325   -2.443460953   29.124350129   15.084992340   25.580347296
   -1.808795770   -2.443460953   32.008546788   15.321801793   26.265882611
   -1.618396215   -2.443460953   35.056503559   17.022267243   26.848217658
   -1.427996661   -2.443460953   38.626839523   20.776177443   26.696417652
   -1.237597106   -2.443460953   43.048375607   25.707760751   25.199583451
   -1.047197551   -2.443460953   48.386204412   30.034993909   22.034702919
   -0.856797996   -2.443460953   54.325114871   31.653374829   17.296291437
   -0.666398442   -2.443460953   60.171427387   28.797531256   11.465728236
   -0.475998887   -2.443460953   64.961552870   20.470526833    5.216390026
   -0.285599332   -2.443460953   67.635106638    6.673183626   -0.789595248
   -0.095199777   -2.443460953   67.250916135  -11.278038523   -6.049797479
    0.095199777   -2.443460953   63.274514515  -30.423619050  -10.278699858
    0.285599332   -2.443460953   55.899140914  -46.099026632  -13.374185972
    0.475998887   -2.443460953   46.299709880  -52.925614748  -15.341718116
    0.666398442   -2.443460953   36.583010375  -46.902160843  -16.210935301
    0.856797996   -2.443460953   29.297064531  -27.741206116  -16.010359775
    1.047197551   -2.443460953   26.588498621    0.079094681  -14.791337211
    1.237597106   -2.443460953   29.381102341   28.582577256  -12.684539735
    1.427996661   -2.443460953   36.989530463   49.466937585   -9.903203905
    1.618396215   -2.443460953   47.375948334   57.170734984   -6.690134561
    1.808795770   -2.443460953   57.844264008   50.507574110   -3.224217648
    1.999195325   -2.443460953   65.865048057   32.159183579    0.431691632
    2.189594880   -2.443460953   69.674030680    7.233648288    4.288042990
    2.379994435   -2.443460953   68.578412128  -18.385300495    8.346542407
    2.570393989   -2.443460953   62.979869889  -39.259607035   12.505362344
    2.760793544   -2.443460953   54.196414289  -51.349333288   16.520991757
    2.951193099   -2.443460953   44.118540649  -52.792893552   20.053302529

   -3.141592654   -2.094395102   41.044421818  -40.941010045   13.653987151
   -2.951193099   -2.094395102   34.490936037  -27.315962884   14.572697093
   -2.760793544   -2.094395102   30.793223829  -11.662807557   15.041707649
   -2.570393989   -2.094395102   29.919232994    1.766361896   15.247337885
   -2.379994435   -2.094395102   31.171841512   10.478604964   15.346585556
   -2.189594880   -2.094395102   33.603385094   14.336812334   15.397095821
   -1.999195325   -2.094395102   36.429491283   15.001934895   15.330627564
   -1.808795770   -2.094395102   39.257404030   14.709525314   14.952378418
   -1.618396215   -2.094395102   42.078128780   15.107825301   13.980538992
   -1.427996661   -2.094395102   45.092307957   16.728615513   12.132756559
   -1.237597106   -2.094395102   48.496118783   19.041568589    9.240480573
   -1.047197551   -2.094395102   52.322535286   20.923938542    5.368887916
   -0.856797996   -2.094395102   56.358923234   20.990219140    0.836745667
   -0.666398442   -2.094395102   60.131335562   17.921710211   -3.855336009
   -0.475998887   -2.094395102   62.939836057   10.741907354   -8.188291049
   -0.285599332   -2.094395102   63.951862406   -0.923914699  -11.767414179
   -0.095199777   -2.094395102   62.360023889  -16.344136596  -14.399396045
    0.095199777   -2.094395102   57.651174554  -33.108406242  -16.099485520
    0.285599332   -2.094395102   49.952772000  -46.900299045  -17.024835456
    0.475998887   -2.094395102   40.334117675  -52.401707995  -17.380762272
    0.666398442   -2.094395102   30.809993060  -45.438625391  -17.313816463
    0.856797996   -2.094395102   23.879277257  -25.467054445  -16.847164087
    1.047197551   -2.094395102   21.682529401    3.196877563  -15.887182960
    1.237597106   -2.094395102   25.151460499   32.570725919  -14.312075986
    1.427996661   -2.094395102   33.596141306   54.235127598  -12.071922577
    1.618396215   -2.094395102   44.951235700   62.534351502   -9.243411049
    1.808795770   -2.094395102   56.483355239   56.287552293   -6.003568192
    1.999195325   -2.094395102   65.635225632   38.234572716   -2.552706421
    2.189594880   -2.094395102   70.624255981   13.529828025    0.922815426
    2.379994435   -2.094395102   70.740470482  -11.992050960    4.272609521
    2.570393989   -2.094395102   66.350254854  -33.023592330    7.355437433
    2.760793544   -2.094395102   58.710191075  -45.652180349   10.024829864
    2.951193099   -2.094395102   49.632701617  -48.050049978   12.147545593

   -3.141592654   -1.745329252   43.469894486  -39.448187873    5.132317623
   -2.951193099   -1.745329252   37.158105221  -26.248287160    5.408896558
   -2.760793544   -1.745329252   33.635902286  -10.873128252    5.525509706
   -2.570393989   -1.745329252   32.890922464    2.324654536    5.525959443
   -2.379994435   -1.745329252   34.219251049   10.676847329    5.337815936
   -2.189594880   -1.745329252   36.630898471   13.863714941    4.779907074
   -1.999195325   -1.745329252   39.267802898   13.406629492    3.640358925
   -1.808795770   -1.745329252   41.646576502   11.515209500    1.768413229
   -1.618396215   -1.745329252   43.677872012    9.981345382   -0.856554740
   -1.427996661   -1.745329252   45.528902575    9.675871703   -4.098192884
   -1.237597106   -1.745329252   47.441681085   10.565010194   -7.689464471
   -1.047197551   -1.745329252   49.593540654   12.009852811  -11.267473657
   -0.856797996   -1.745329252   51.989286667   12.886105761  -14.449308672
   -0.666398442   -1.745329252   54.387634715   11.750562068  -16.905346175
   -0.475998887   -1.745329252   56.260879684    7.145558611  -18.442220100
   -0.285599332   -1.745329252   56.837905899   -1.945308011  -19.045216145
   -0.095199777   -1.745329252   55.255132718  -15.356596096  -18.869737386
    0.095199777   -1.745329252   50.856710548  -30.989914990  -18.205520108
    0.285599332   -1.745329252   43.596474771  -44.548644125  -17.389234587
    0.475998887   -1.745329252   34.393424550  -50.455505920  -16.702775666
    0.666398442   -1.745329252   25.182091095  -44.087167978  -16.263509351
    0.856797996   -1.745329252   18.471748172  -24.420360551  -15.965679089
    1.047197551   -1.745329252   16.491592600    4.534490994  -15.517141429
    1.237597106   -1.745329252   20.291734123   34.789419692  -14.581996710
    1.427996661   -1.745329252   29.270839226   57.636396229  -12.948318917
    1.618396215   -1.745329252   41.382624214   67.015908627  -10.629834103
    1.808795770   -1.745329252   53.840948674   61.444409447   -7.848196810
    1.999195325   -1.745329252   63.997915115   43.536289520   -4.917508614
    2.189594880   -1.745329252   69.973802538   18.520233118   -2.141135638
    2.379994435   -1.745329252   70.985872170   -7.617624155    0.271056791
    2.570393989   -1.745329252   67.357719030  -29.413232911    2.206439794
    2.760793544   -1.745329252   60.329852637  -42.832174581    3.633073913
    2.951193099   -1.745329252   51.718392516  -45.956394821    4.579420604

   -3.141592654   -1.396263402   42.082863393  -40.099170513    1.828850992
   -2.951193099   -1.396263402   35.672473019  -26.603349524    1.323649116
   -2.760793544   -1.396263402   32.118282870  -10.879663443    0.744258301
   -2.570393989   -1.396263402   31.384660693    2.368317395    0.154711608
   -2.379994435   -1.396263402   32.679899010   10.164965668   -0.572146134
   -2.189594880   -1.396263402   34.884508263   12.087084481   -1.741218202
   -1.999195325   -1.396263402   37.017027568    9.825411468   -3.691669273
   -1.808795770   -1.396263402   38.529162074    6.020013263   -6.603159466
   -1.618396215   -1.396263402   39.363277756    3.025131670  -10.354662885
   -1.427996661   -1.396263402   39.823661223    2.212348568  -14.506076396
   -1.237597106   -1.396263402   40.363524514    3.817044131  -18.430743005
   -1.047197551   -1.396263402   41.392953883    7.136893290  -21.498975347
   -0.856797996   -1.396263402   43.105654166   10.670982569  -23.266886377
   -0.666398442   -1.396263402   45.357448082   12.410220402  -23.569811948
   -0.475998887   -1.396263402   47.605111685   10.309482990  -22.538976916
   -0.285599332   -1.396263402   48.960518995    2.902949753  -20.540833062
   -0.095199777   -1.396263402   48.376741193   -9.903050032  -18.066771190
    0.095199777   -1.396263402   44.985776980  -26.037656298  -15.631853150
    0.285599332   -1.396263402   38.545502440  -41.010175723  -13.653693203
    0.475998887   -1.396263402   29.838724364  -48.813828807  -12.361167029
    0.666398442   -1.396263402   20.765131901  -44.209031814  -11.733418364
    0.856797996   -1.396263402   13.920331475  -25.552145299  -11.513368786
    1.047197551   -1.396263402   11.717187215    3.507779566  -11.304158414
    1.237597106   -1.396263402   15.417350849   34.892492049  -10.729635322
    1.427996661   -1.396263402   24.571439734   59.389385211   -9.579694520
    1.618396215   -1.396263402   37.168472457   70.266180802   -7.871090582
    1.808795770   -1.396263402   50.337914804   65.516586275   -5.801317099
    1.999195325   -1.396263402   61.279312739   47.550129084   -3.635923038
    2.189594880   -1.396263402   67.954077568   21.744258471   -1.627766031
    2.379994435   -1.396263402   69.470643594   -5.581969310    0.039106467
    2.570393989   -1.396263402   66.112660048  -28.588053020    1.242236992
    2.760793544   -1.396263402   59.146274652  -42.946011011    1.921365020
    2.951193099   -1.396263402   50.457557171  -46.566841852    2.083482263

   -3.141592654   -1.047197551   39.299628360  -43.021439888    2.802216062
   -2.951193099   -1.047197551   32.359675666  -29.161243792    1.519433468
   -2.760793544   -1.047197551   28.384106432  -12.729964750    0.044366672
   -2.570393989   -1.047197551   27.359374763    1.090833581   -1.507320996
   -2.379994435   -1.047197551   28.416972281    8.801025455   -3.204322664
   -2.189594880   -1.047197551   30.281855671    9.733130427   -5.305003567
   -1.999195325   -1.047197551   31.813894970    5.805088692   -8.104991266
   -1.808795770   -1.047197551   32.394587832    0.322778616  -11.707878235
   -1.618396215   -1.047197551   32.042234210   -3.543611676  -15.858431251
   -1.427996661   -1.047197551   31.276394778   -3.847626329  -19.942169579
   -1.237597106   -1.047197551   30.828609408   -0.274503205  -23.185300528
   -1.047197551   -1.047197551   31.352976746    6.034759681  -24.929100079
   -0.856797996   -1.047197551   33.168765421   12.835499313  -24.861938824
   -0.666398442   -1.047197551   36.110130713   17.349365603  -23.094617653
   -0.475998887   -1.047197551   39.482394621   16.965463411  -20.085899269
   -0.285599332   -1.047197551   42.165614088    9.968135438  -16.477231971
   -0.095199777   -1.047197551   42.863741117   -3.701584809  -12.894461606
    0.095199777   -1.047197551   40.491257676  -21.667905310   -9.803922749
    0.285599332   -1.047197551   34.667138760  -38.935481751   -7.424370318
    0.475998887   -1.047197551   26.144484453  -48.877455289   -5.735946282
    0.666398442   -1.047197551   16.911681395  -45.658962920   -4.555252764
    0.856797996   -1.047197551    9.747734789  -27.269864186   -3.647516218
    1.047197551   -1.047197551    7.283349810    2.625134035   -2.820407493
    1.237597106   -1.047197551   10.955775383   35.537116338   -1.969282129
    1.427996661   -1.047197551   20.388939363   61.623617341   -1.071196946
    1.618396215   -1.047197551   33.527489654   73.590415184   -0.145618748
    1.808795770   -1.047197551   47.371994037   69.138352510    0.786356497
    1.999195325   -1.047197551   58.967908625   50.679100662    1.713752042
    2.189594880   -1.047197551   66.144325219   23.810646222    2.607196527
    2.379994435   -1.047197551   67.927561200   -4.875968616    3.393449626
    2.570393989   -1.047197551   64.569659118  -29.277970740    3.936225417
    2.760793544   -1.047197551   57.352222319  -44.841637190    4.076682136
    2.951193099   -1.047197551   48.218012953  -49.259279907    3.697215857

   -3.141592654   -0.698131701   38.820805990  -46.693655443    2.738829904
   -2.951193099   -0.698131701   31.141214755  -33.164648044    0.479564675
   -2.760793544   -0.698131701   26.409507667  -16.610319039   -1.994622498
   -2.570393989   -0.698131701   24.671984107   -2.527134411   -4.480003270
   -2.379994435   -0.698131701   25.043749592    5.130930424   -6.966922128
   -2.189594880   -0.698131701   26.158994708    5.428684443   -9.656460495
   -1.999195325   -0.698131701   26.774153525    0.449792001  -12.783702887
   -1.808795770   -0.698131701   26.244221989   -5.890198722  -16.354455931
   -1.618396215   -0.698131701   24.697786019   -9.655192322  -19.977566328
   -1.427996661   -0.698131701   22.891000001   -8.417178829  -22.922116009
   -1.237597106   -0.698131701   21.829441215   -1.967724221  -24.406038139
   -1.047197551   -0.698131701   22.364307600    7.872846434  -23.944546480
   -0.856797996   -0.698131701   24.850864363   17.916332983  -21.568493125
   -0.666398442   -0.698131701   28.986047620   24.573647638  -17.807757101
   -0.475998887   -0.698131701   33.819510244   24.823175554  -13.468168480
   -0.285599332   -0.698131701   37.943358002   17.030239898   -9.341760209
   -0.095199777   -0.698131701   39.829253778    1.600305481   -5.949885032
    0.095199777   -0.698131701   38.270506426  -18.414317721   -3.426968380
    0.285599332   -0.698131701   32.895535821  -37.367448944   -1.552786513
    0.475998887   -0.698131701   24.571287914  -48.218880051    0.068330758
    0.666398442   -0.698131701   15.445658529  -45.078167884    1.767369645
    0.856797996   -0.698131701    8.434182682  -26.207432380    3.626879161
    1.047197551   -0.698131701    6.233266452    4.301743396    5.457859430
    1.237597106   -0.698131701   10.268333309   37.601236420    6.940989879
    1.427996661   -0.698131701   20.102884498   63.706349592    7.826229504
    1.618396215   -0.698131701   33.616383859   75.407061793    8.070605035
    1.808795770   -0.698131701   47.771426719   70.576340543    7.847198133
    1.999195325   -0.698131701   59.604907824   51.737436908    7.428341941
    2.189594880   -0.698131701   66.945558190   24.466390296    7.035670703
    2.379994435   -0.698131701   68.804357151   -4.774876313    6.727232521
    2.570393989   -0.698131701   65.392466301  -29.990718710    6.368533947
    2.760793544   -0.698131701   57.941858747  -46.607230586    5.711651280
    2.951193099   -0.698131701   48.366192842  -52.107907266    4.525438143

   -3.141592654   -0.349065850   39.327172729  -51.466205729    2.649161812
   -2.951193099   -0.349065850   30.672953314  -38.513492131   -0.263234297
   -2.760793544   -0.349065850   24.915846054  -21.938969236   -3.359259432
   -2.570393989   -0.349065850   22.195828524   -7.492397945   -6.396285417
   -2.379994435   -0.349065850   21.650771442    0.416257757   -9.301939155
   -2.189594880   -0.349065850   21.861072497    0.571395114  -12.184895948
   -1.999195325   -0.349065850   21.516706056   -4.764423049  -15.160194352
   -1.808795770   -0.349065850   19.986155415  -11.054277888  -18.102822568
   -1.618396215   -0.349065850   17.544383625  -13.665068988  -20.526907813
   -1.427996661   -0.349065850   15.194571150   -9.888568798  -21.715200299
   -1.237597106   -0.349065850   14.177664718    0.067509283  -21.062047954
   -1.047197551   -0.349065850   15.442459623   13.413644015  -18.426716425
   -0.856797996   -0.349065850   19.239773395   25.887921410  -14.262341934
   -0.666398442   -0.349065850   24.988316488   33.231951165   -9.462483813
   -0.475998887   -0.349065850   31.392767790   32.397878168   -4.994206318
   -0.285599332   -0.349065850   36.756249952   22.348749051   -1.537151719
   -0.095199777   -0.349065850   39.414482584    4.437193227    0.745781969
    0.095199777   -0.349065850   38.210672575  -17.342070530    2.215878041
    0.285599332   -0.349065850   32.972816259  -36.769562802    3.551580446
    0.475998887   -0.349065850   24.820608086  -46.843292458    5.399233904
    0.666398442   -0.349065850   16.088643077  -42.300164137    8.024865448
    0.856797996   -0.349065850    9.727234598  -22.289747218   11.153050827
    1.047197551   -0.349065850    8.309975204    8.413526935   14.098791922
    1.237597106   -0.349065850   13.059221431   40.823589378   16.123018876
    1.427996661   -0.349065850   23.364305491   65.363761851   16.792238844
    1.618396215   -0.349065850   37.038290926   75.489370671   16.148068828
    1.808795770   -0.349065850   51.096925793   69.594256029   14.625676759
    1.999195325   -0.349065850   62.695304857   50.355205114   12.790993153
    2.189594880   -0.349065850   69.771879844   23.117798546   11.087382308
    2.379994435   -0.349065850   71.380576063   -6.089872833    9.672320269
    2.570393989   -0.349065850   67.693098285  -31.653651450    8.407932681
    2.760793544   -0.349065850   59.851568274  -49.134202682    6.985466156
    2.951193099   -0.349065850   49.684925404  -55.808819227    5.105018492

   -3.141592654    0.000000000   40.523526651  -56.273708252    1.895279778
   -2.951193099    0.000000000   30.882069895  -43.989051568   -0.894364518
   -2.760793544    0.000000000   24.052812078  -27.648863280   -3.764296558
   -2.570393989    0.000000000   20.249382220  -13.123755117   -6.533300688
   -2.379994435    0.000000000   18.645299785   -5.076724188   -9.144774573
   -2.189594880    0.000000000   17.819779576   -4.805869216  -11.647985139
   -1.999195325    0.000000000   16.478863384   -9.768546477  -14.038550078
   -1.808795770    0.000000000   14.089589229  -14.890592000  -16.071345399
   -1.618396215    0.000000000   11.122301363  -15.136673726  -17.224106015
   -1.427996661    0.000000000    8.804699211   -7.949223573  -16.896732089
   -1.237597106    0.000000000    8.508529925    5.642651869  -14.756624745
   -1.047197551    0.000000000   11.115595051   21.693105832  -11.018461532
   -0.856797996    0.000000000   16.604771484   35.025569699   -6.433151001
   -0.666398442    0.000000000   24.010475775   41.184644979   -2.004466877
   -0.475998887    0.000000000   31.693342135   37.708672089    1.443018252
   -0.285599332    0.000000000   37.780140679   24.677192631    3.585671598
   -0.095199777    0.000000000   40.657437984    4.633854332    4.702245508
    0.095199777    0.000000000   39.417512237  -17.607958308    5.529721187
    0.285599332    0.000000000   34.230544092  -35.706718680    6.926442736
    0.475998887    0.000000000   26.505090337  -43.336252769    9.468900429
    0.666398442    0.000000000   18.677208115  -36.454778526   13.136746876
    0.856797996    0.000000000   13.556993871  -15.406789076   17.264026861
    1.047197551    0.000000000   13.400471088   14.448170910   20.817348642
    1.237597106    0.000000000   19.086270676   44.427228917   22.865988505
    1.427996661    0.000000000   29.787377339   65.912532927   22.980185075
    1.618396215    0.000000000   43.302687745   73.433042891   21.355484636
    1.808795770    0.000000000   56.807352400   66.044726439   18.640967915
    1.999195325    0.000000000   67.683705893   46.500282250   15.592076223
    2.189594880    0.000000000   74.062055643   19.718547095   12.783164895
    2.379994435    0.000000000   75.082632971   -8.896177146   10.440829858
    2.570393989    0.000000000   70.889394285  -34.253872670    8.459463935
    2.760793544    0.000000000   62.524843756  -52.135385846    6.544753396
    2.951193099    0.000000000   51.709771828  -59.669491132    4.401302511

   -3.141592654    0.349065850   42.401843028  -60.094363140    1.588788562
   -2.951193099    0.349065850   31.968655257  -48.420035254   -0.249592972
   -2.760793544    0.349065850   24.262600232  -32.359525732   -2.048112404
   -2.570393989    0.349065850   19.560067542  -17.808396462   -3.769683202
   -2.379994435    0.349065850   17.079793196   -9.568643230   -5.434899708
   -2.189594880    0.349065850   15.426814234   -8.968390862   -7.077827390
   -1.999195325    0.349065850   13.349979569  -13.245347516   -8.633643477
   -1.808795770    0.349065850   10.417915363  -16.968688305   -9.837128828
   -1.618396215    0.349065850    7.258151645  -14.941609893  -10.256300189
   -1.427996661    0.349065850    5.242310823   -4.936786438   -9.495603003
   -1.237597106    0.349065850    5.773686546   11.193519536   -7.459162854
   -1.047197551    0.349065850    9.589177502   28.575926005   -4.503156402
   -0.856797996    0.349065850   16.380857042   41.531071629   -1.317605016
   -0.666398442    0.349065850   24.867463002   45.842249046    1.381630904
   -0.475998887    0.349065850   33.204567126   39.912561442    3.203476216
   -0.285599332    0.349065850   39.509212416   24.928213190    4.254724415
   -0.095199777    0.349065850   42.355295120    4.335943525    5.082835942
    0.095199777    0.349065850   41.146065132  -16.705005459    6.442506013
    0.285599332    0.349065850   36.361097956  -32.227844488    8.961453387
    0.475998887    0.349065850   29.581681324  -36.933752847   12.825913597
    0.666398442    0.349065850   23.185633425  -28.095521083   17.604575929
    0.856797996    0.349065850   19.692609077   -7.062111896   22.328656694
    1.047197551    0.349065850   20.948085681   20.603932327   25.851074935
    1.237597106    0.349065850   27.472338724   46.934010084   27.313187500
    1.427996661    0.349065850   38.275384234   64.553513988   26.477757231
    1.618396215    0.349065850   51.230787796   69.151202098   23.760466090
    1.808795770    0.349065850   63.762286741   60.375487353   19.981475117
    1.999195325    0.349065850   73.547151932   40.917569062   15.993282945
    2.189594880    0.349065850   78.948273971   15.128743700   12.412588063
    2.379994435    0.349065850   79.209342568  -12.313216337    9.493454838
    2.570393989    0.349065850   74.447479599  -36.913615106    7.175870263
    2.760793544    0.349065850   65.595205926  -54.720100291    5.230095522
    2.951193099    0.349065850   54.247094841  -62.756466188    3.414068661

   -3.141592654    0.698131701   43.860268998  -61.849779185    0.442049172
   -2.951193099    0.698131701   33.082665534  -50.279658129    0.153006575
   -2.760793544    0.698131701   25.006107306  -34.385337778    0.002421888
   -2.570393989    0.698131701   19.900498889  -20.005024447   -0.189911698
   -2.379994435    0.698131701   16.989627284  -11.866518012   -0.559478040
   -2.189594880    0.698131701   14.902722636  -11.178567844   -1.139952584
   -1.999195325    0.698131701   12.440707087  -15.004997795   -1.837908664
   -1.808795770    0.698131701    9.254969237  -17.788021534   -2.442874242
   -1.618396215    0.698131701    6.063423346  -14.408640264   -2.703868462
   -1.427996661    0.698131701    4.285791703   -3.000366459   -2.457493808
   -1.237597106    0.698131701    5.285296838   14.046025227   -1.728444857
   -1.047197551    0.698131701    9.661107742   31.444683458   -0.740763748
   -0.856797996    0.698131701   16.928175909   43.529792963    0.226702821
   -0.666398442    0.698131701   25.677383284   46.597142975    1.023928933
   -0.475998887    0.698131701   34.064817899   39.820192816    1.773244123
   -0.285599332    0.698131701   40.352121117   25.052356004    2.849720460
   -0.095199777    0.698131701   43.350633297    6.034228964    4.726636147
    0.095199777    0.698131701   42.707609764  -12.318446168    7.777885494
    0.285599332    0.698131701   39.050016829  -24.796930585   12.078958186
    0.475998887    0.698131701   33.926327712  -27.192912882   17.274855619
    0.666398442    0.698131701   29.470460978  -17.832560095   22.574814914
    0.856797996    0.698131701   27.799000940    1.417036447   26.929189753
    1.047197551    0.698131701   30.334229028   25.312867163   29.375830871
    1.237597106    0.698131701   37.313979393   46.978845025   29.397529344
    1.427996661    0.698131701   47.708840491   60.405792787   27.101078973
    1.618396215    0.698131701   59.587902950   62.298601915   23.131426038
    1.808795770    0.698131701   70.701501923   52.622225623   18.380434811
    1.999195325    0.698131701   79.047534635   33.754623087   13.663708005
    2.189594880    0.698131701   83.211826202    9.374786943    9.536817277
    2.379994435    0.698131701   82.528193162  -16.504923115    6.247123310
    2.570393989    0.698131701   77.094752932  -39.848979112    3.810938291
    2.760793544    0.698131701   67.765452821  -56.878971514    2.125531300
    2.951193099    0.698131701   56.044734809  -64.572397801    1.050945297

   -3.141592654    1.047197551   42.817567882  -61.748796198   -4.841302572
   -2.951193099    1.047197551   32.144467962  -49.348274150   -3.895778891
   -2.760793544    1.047197551   24.282246836  -33.148293475   -2.621307877
   -2.570393989    1.047197551   19.399238589  -18.971341736   -1.388611684
   -2.379994435    1.047197551   16.639294708  -11.333252532   -0.450854341
   -2.189594880    1.047197551   14.602244479  -11.163918136    0.120075574
   -1.999195325    1.047197551   12.109049473  -15.301812534    0.385482679
   -1.808795770    1.047197551    8.859289616  -18.123468109    0.449773439
   -1.618396215    1.047197551    5.614377517  -14.627213368    0.381057204
   -1.427996661    1.047197551    3.803533185   -3.159876164    0.184606904
   -1.237597106    1.047197551    4.762041611   13.724208868   -0.150446027
   -1.047197551    1.047197551    9.046034305   30.787645245   -0.581844595
   -0.856797996    1.047197551   16.163851117   42.666551463   -0.929616376
   -0.666398442    1.047197551   24.771687462   46.102454737   -0.867728671
   -0.475998887    1.047197551   33.169736164   40.593135072    0.018586466
   -0.285599332    1.047197551   39.798296920   27.993792066    2.094199955
   -0.095199777    1.047197551   43.611216855   11.690294432    5.519110445
    0.095199777    1.047197551   44.301643014   -4.045179973   10.157476507
    0.285599332    1.047197551   42.405624555  -14.770919247   15.543735958
    0.475998887    1.047197551   39.239356823  -16.960170411   20.927549128
    0.666398442    1.047197551   36.601490299   -9.294041120   25.401235012
    0.856797996    1.047197551   36.254957826    6.559408092   28.113984439
    1.047197551    1.047197551   39.362759389   26.120541883   28.529419151
    1.237597106    1.047197551   46.086267217   43.592163201   26.611136330
    1.427996661    1.047197551   55.517740981   53.908125251   22.819123254
    1.618396215    1.047197551   65.982852187   54.200481685   17.920608435
    1.808795770    1.047197551   75.515597161   44.305999811   12.703468655
    1.999195325    1.047197551   82.335881064   26.154026568    7.760264309
    2.189594880    1.047197551   85.159641577    2.934064181    3.439882999
    2.379994435    1.047197551   83.372330463  -21.647627121   -0.089843338
    2.570393989    1.047197551   77.085174431  -43.665927180   -2.734102637
    2.760793544    1.047197551   67.157331817  -59.341287498   -4.413901397
    2.951193099    1.047197551   55.096761379  -65.682627075   -5.090188556

   -3.141592654    1.396263402   37.778057957  -60.870052219  -10.093206225
   -2.951193099    1.396263402   27.464770927  -46.538990575   -8.484733290
   -2.760793544    1.396263402   20.262661430  -29.161843598   -6.489442088
   -2.570393989    1.396263402   16.181396930  -14.672251038   -4.571717555
   -2.379994435    1.396263402   14.212744495   -7.408446117   -2.996458611
   -2.189594880    1.396263402   12.852265630   -8.029290214   -1.774487909
   -1.999195325    1.396263402   10.862878661  -13.172937555   -0.790913538
   -1.808795770    1.396263402    7.911351049  -17.145336449    0.022058074
   -1.618396215    1.396263402    4.734068485  -14.914460719    0.602290769
   -1.427996661    1.396263402    2.748616187   -4.688893408    0.818494638
   -1.237597106    1.396263402    3.322807508   11.293741390    0.633526602
   -1.047197551    1.396263402    7.116672343   28.223823266    0.218816229
   -0.856797996    1.396263402   13.821511040   41.083524866   -0.026791125
   -0.666398442    1.396263402   22.317171252   46.684904939    0.399966833
   -0.475998887    1.396263402   31.104471443   44.195247758    1.936615339
   -0.285599332    1.396263402   38.727343549   34.797301243    4.788826053
   -0.095199777    1.396263402   44.097290517   21.070735200    8.825142838
    0.095199777    1.396263402   46.716661445    6.565633073   13.581809484
    0.285599332    1.396263402   46.817937817   -4.713050158   18.334444095
    0.475998887    1.396263402   45.368421309   -9.265106255   22.246713141
    0.666398442    1.396263402   43.855654277   -5.341915005   24.561683266
    0.856797996    1.396263402   43.852528732    6.203874320   24.809547990
    1.047197551    1.396263402   46.506491538   21.856542628   22.946007435
    1.237597106    1.396263402   52.135237442   36.587219485   19.364922147
    1.427996661    1.396263402   60.088259580   45.614772717   14.739729447
    1.618396215    1.396263402   68.949938271   45.799838854    9.780187257
    1.808795770    1.396263402   76.927253361   36.413183709    5.007023264
    1.999195325    1.396263402   82.304970663   18.882093739    0.676010671
    2.189594880    1.396263402   83.796272177   -3.797863946   -3.132671620
    2.379994435    1.396263402   80.781220578  -27.770743814   -6.365491594
    2.570393989    1.396263402   73.413323868  -48.799374366   -8.875274695
    2.760793544    1.396263402   62.648655175  -62.882509137  -10.430172482
    2.951193099    1.396263402   50.109041351  -67.097925675  -10.833448528

   -3.141592654    1.745329252   31.571961663  -58.655952096  -16.763658593
   -2.951193099    1.745329252   21.849710821  -42.698823305  -15.475085102
   -2.760793544    1.745329252   15.452350286  -24.718521763  -13.432463043
   -2.570393989    1.745329252   12.201305612  -10.513691289  -11.001876834
   -2.379994435    1.745329252   10.959675942   -3.962429602   -8.436546489
   -2.189594880    1.745329252   10.183426868   -5.325183527   -5.816265277
   -1.999195325    1.745329252    8.645025942  -11.139010964   -3.158933182
   -1.808795770    1.745329252    6.012815771  -15.858426146   -0.573517627
   -1.618396215    1.745329252    2.994723429  -14.567752262    1.691093544
   -1.427996661    1.745329252    0.981637736   -5.305321941    3.354775490
   -1.237597106    1.745329252    1.377774163   10.141810196    4.312284647
   -1.047197551    1.745329252    4.972559784   27.455807201    4.753393124
   -0.856797996    1.745329252   11.658747067   41.829557271    5.130514461
   -0.666398442    1.745329252   20.517149344   49.858362313    5.961827613
   -0.475998887    1.745329252   30.170699966   50.116020005    7.611745251
   -0.285599332    1.745329252   39.152344029   43.005739655   10.132495244
   -0.095199777    1.745329252   46.214842604   30.393236009   13.215610232
    0.095199777    1.745329252   50.586819268   15.356855479   16.266621041
    0.285599332    1.745329252   52.173053416    1.824870840   18.547141276
    0.475998887    1.745329252   51.642654570   -6.318193071   19.390459899
    0.666398442    1.745329252   50.297196072   -6.538303823   18.415638233
    0.856797996    1.745329252   49.695743063    1.262994123   15.683293391
    1.047197551    1.745329252   51.142983027   14.367166071   11.676701896
    1.237597106    1.745329252   55.225248982   28.075802210    7.129744572
    1.427996661    1.745329252   61.567942726   37.377272896    2.742731315
    1.618396215    1.745329252   68.945425868   38.491291760   -1.052452330
    1.808795770    1.745329252   75.622995762   30.019441743   -4.193583800
    1.999195325    1.745329252   79.840990510   13.027136407   -6.895760497
    2.189594880    1.745329252   80.242267649   -9.407490470   -9.434166507
    2.379994435    1.745329252   76.187993827  -33.003073208  -11.937270684
    2.570393989    1.745329252   67.904123821  -53.050111053  -14.269473447
    2.760793544    1.745329252   56.486883768  -65.341452354  -16.083448620
    2.951193099    1.745329252   43.697355687  -67.204034055  -16.987181647

   -3.141592654    2.094395102   24.581721631  -57.864644430  -18.747226902
   -2.951193099    2.094395102   15.189208456  -40.105432065  -17.635276631
   -2.760793544    2.094395102    9.414967020  -20.872973123  -15.677295747
   -2.570393989    2.094395102    6.969279079   -5.987549692  -13.143261825
   -2.379994435    2.094395102    6.625958962    0.906538305  -10.235152850
   -2.189594880    2.094395102    6.797450419   -0.261298476   -7.018002294
   -1.999195325    2.094395102    6.229182806   -6.060828476   -3.510916725
   -1.808795770    2.094395102    4.537112270  -11.144742942    0.164436432
   -1.618396215    2.094395102    2.343892632  -10.698890142    3.720084675
   -1.427996661    2.094395102    0.963213035   -2.545952507    6.790657659
   -1.237597106    2.094395102    1.793188450   12.011710496    9.130544163
   -1.047197551    2.094395102    5.713015381   29.132118100   10.748229123
   -0.856797996    2.094395102   12.767872149   44.143860644   11.893680296
   -0.666398442    2.094395102   22.174541065   53.345537528   12.895981926
   -0.475998887    2.094395102   32.604792283   54.723616581   13.973387612
   -0.285599332    2.094395102   42.520792733   48.048470750   15.110550493
   -0.095199777    2.094395102   50.496909385   34.732805235   16.037701173
    0.095199777    2.094395102   55.525185776   17.700775260   16.310763037
    0.285599332    2.094395102   57.281167306    1.130892688   15.452314006
    0.475998887    2.094395102   56.291715834  -10.443955054   13.154515115
    0.666398442    2.094395102   53.865470744  -13.597027830    9.452236549
    0.856797996    2.094395102   51.737659814   -7.440420226    4.800095487
    1.047197551    2.094395102   51.501790844    5.666146917   -0.058946771
    1.237597106    2.094395102   54.043473474   20.771897463   -4.356517792
    1.427996661    2.094395102   59.188471023   32.139246822   -7.592569676
    1.618396215    2.094395102   65.755361379   35.120350307   -9.693361761
    1.808795770    2.094395102   71.906314214   27.695364386  -10.983137886
    1.999195325    2.094395102   75.701896991   10.771883559  -11.981381710
    2.189594880    2.094395102   75.622128695  -12.264301358  -13.142409134
    2.379994435    2.094395102   70.955496957  -36.522355782  -14.660197382
    2.570393989    2.094395102   61.978082125  -56.673870389  -16.389654626
    2.760793544    2.094395102   49.930901892  -68.163316090  -17.934713744
    2.951193099    2.094395102   36.747600163  -68.406139856  -18.827054596

   -3.141592654    2.443460953   18.214652177  -57.849736400  -12.631486684
   -2.951193099    2.443460953    8.967286444  -38.621749464  -11.332992872
   -2.760793544    2.443460953    3.603955662  -18.084810814   -9.401550715
   -2.570393989    2.443460953    1.796880715   -2.103954729   -6.979972977
   -2.379994435    2.443460953    2.290360975    5.802202369   -4.160528058
   -2.189594880    2.443460953    3.490591803    5.642080600   -0.936150803
   -1.999195325    2.443460953    4.134897825    0.727369582    2.723955469
   -1.808795770    2.443460953    3.789422573   -3.887192078    6.736272821
   -1.618396215    2.443460953    2.971444134   -3.637534317   10.821579180
   -1.427996661    2.443460953    2.863880652    3.672749086   14.558291387
   -1.237597106    2.443460953    4.768456143   17.055328382   17.551129805
   -1.047197551    2.443460953    9.540845784   33.078546897   19.582161732
   -0.856797996    2.443460953   17.266571579   47.292021857   20.644573584
   -0.666398442    2.443460953   27.215088876   55.896966143   20.850909644
   -0.475998887    2.443460953   38.068084385   56.556444189   20.298022083
   -0.285599332    2.443460953   48.229135740   48.680322340   18.982930664
   -0.095199777    2.443460953   56.156381094   33.466157178   16.796303332
    0.095199777    2.443460953   60.709118197   13.879752829   13.587843875
    0.285599332    2.443460953   61.468304991   -5.520004607    9.282916912
    0.475998887    2.443460953   58.968344216  -19.531837113    4.031457209
    0.666398442    2.443460953   54.665059116  -23.966026547   -1.700720704
    0.856797996    2.443460953   50.569534947  -17.438918779   -7.166429944
    1.047197551    2.443460953   48.596048916   -2.351201586  -11.566128662
    1.237597106    2.443460953   49.883747446   15.705525144  -14.344174382
    1.427996661    2.443460953   54.352886186   30.034283915  -15.401253055
    1.618396215    2.443460953   60.737790647   35.126460696  -15.103873845
    1.808795770    2.443460953   66.989359456   28.531901284  -14.103768439
    1.999195325    2.443460953   70.924523756   11.245214031  -13.067630407
    2.189594880    2.443460953   70.837797820  -12.869239472  -12.454035589
    2.379994435    2.443460953   65.941858099  -38.275322729  -12.407140157
    2.570393989    2.443460953   56.556741588  -59.080598635  -12.762430100
    2.760793544    2.443460953   44.050646703  -70.427504363  -13.163427262
    2.951193099    2.443460953   30.512044732  -69.766467645  -13.212763670

   -3.141592654    2.792526803   15.170134400  -56.957968985    1.363732719
   -2.951193099    2.792526803    6.171555204  -36.898051939    3.242416351
   -2.760793544    2.792526803    1.221950966  -15.467195516    4.993682748
   -2.570393989    2.792526803    0.000000000    1.420275924    6.623444134
   -2.379994435    2.792526803    1.255056942   10.282227960    8.314840102
   -2.189594880    2.792526803    3.405725729   11.150010935   10.378492140
   -1.999195325    2.792526803    5.196298024    7.236455861   13.092500543
   -1.808795770    2.792526803    6.165858881    3.342789639   16.501809143
   -1.618396215    2.792526803    6.749878610    3.740332695   20.307315295
   -1.427996661    2.792526803    8.003122004   10.463389095   23.928910977
   -1.237597106    2.792526803   11.089515336   22.581686708   26.719629623
   -1.047197551    2.792526803   16.754790551   36.871462908   28.199822581
   -0.856797996    2.792526803   25.015203057   49.084937446   28.166701672
   -0.666398442    2.792526803   35.100655747   55.515878765   26.663383236
   -0.475998887    2.792526803   45.662368492   53.850010085   23.847827561
   -0.285599332    2.792526803   55.076315859   43.524768495   19.894819630
   -0.095199777    2.792526803   61.785770580   25.845987332   14.959111147
    0.095199777    2.792526803   64.668538710    4.024074366    9.210428299
    0.285599332    2.792526803   63.385289710  -16.972941843    2.915076585
    0.475998887    2.792526803   58.638916861  -31.447100945   -3.477864913
    0.666398442    2.792526803   52.141623671  -34.813156873   -9.321090861
    0.856797996    2.792526803   46.205354069  -25.687392978  -13.888054927
    1.047197551    2.792526803   42.995451214   -6.982115816  -16.614386780
    1.237597106    2.792526803   43.761771202   14.806604052  -17.332242880
    1.427996661    2.792526803   48.356249590   32.068515678  -16.334362798
    1.618396215    2.792526803   55.302594343   38.759563561  -14.240933581
    1.808795770    2.792526803   62.287590661   32.410218230  -11.736948486
    1.999195325    2.792526803   66.902149444   14.394765816   -9.336027390
    2.189594880    2.792526803   67.306488719  -10.881409726   -7.273812704
    2.379994435    2.792526803   62.679390514  -37.391257307   -5.531406514
    2.570393989    2.792526803   53.386574553  -58.913886268   -3.937344755
    2.760793544    2.792526803   40.884640404  -70.459274609   -2.304006040
    2.951193099    2.792526803   27.361019423  -69.513833060   -0.527233770
