#! FIELDS phi psi file.free der_phi der_psi
#! SET min_phi -pi
#! SET max_phi pi
#! SET nbins_phi  33
#! SET periodic_phi true
#! SET min_psi -pi
#! SET max_psi pi
#! SET nbins_psi  18
#! SET periodic_psi true
   -3.141592654   -3.141592654   18.315448072  -53.345737288   17.887418275
   -2.951193099   -3.141592654    9.903518897  -34.434153143   20.239200756
   -2.760793544   -3.141592654    5.298687948  -14.307845197   21.569780417
   -2.570393989   -3.141592654    4.198943437    1.638257330   22.090081501
   -2.379994435   -3.141592654    5.474219648   10.439960044   22.299253893
   -2.189594880   -3.141592654    7.737710795   12.348578863   22.821929725
   -1.999195325   -3.141592654    9.929096556   10.344312004   24.166913121
   -1.808795770   -3.141592654   11.696033239    8.580293666   26.482822358
   -1.618396215   -3.141592654   13.439335358   10.512958869   29.443853614
   -1.427996661   -3.141592654   16.034674601   17.549579862   32.337331685
   -1.237597106   -3.141592654   20.384581278   28.531473070   34.323410173
   -1.047197551   -3.141592654   26.971925420   40.429256854   34.731431843
   -0.856797996   -3.141592654   35.612435221   49.428598262   33.229085491
   -0.666398442   -3.141592654   45.423648590   52.266243422   29.849243267
   -0.475998887   -3.141592654   55.021640185   47.003332967   24.874931618
   -0.285599332   -3.141592654   62.810185438   33.370632552   18.729831964
   -0.095199777   -3.141592654   67.314727528   12.961255918   11.892889585
    0.095199777   -3.141592654   67.555234320  -10.663102927    4.861366824
    0.285599332   -3.141592654   63.407881680  -32.118536964   -1.846306513
    0.475998887   -3.141592654   55.867522664  -45.351672937   -7.682607881
    0.666398442   -3.141592654   46.982179482  -45.713760338  -12.103663702
    0.856797996   -3.141592654   39.368510555  -32.231046508  -14.691696894
    1.047197551   -3.141592654   35.375067791   -8.666966115  -15.313395291
    1.237597106   -3.141592654   36.250605118   17.490798909  -14.218352798
    1.427996661   -3.141592654   41.675364612   37.863949650  -11.950685391
    1.618396215   -3.141592654   49.898045062   46.122472297   -9.127033409
    1.808795770   -3.141592654   58.322450527   39.981669235   -6.180168378
    1.999195325   -3.141592654   64.324199955   21.302031558   -3.237909613
    2.189594880   -3.141592654   65.952940647   -4.932288556   -0.186494331
    2.379994435   -3.141592654   62.378888892  -32.223310588    3.158537439
    2.570393989   -3.141592654   54.025827134  -54.159040394    6.870657023
    2.760793544   -3.141592654   42.412681410  -65.876270872   10.807098042
    2.951193099   -3.141592654   29.741711346  -65.208336783   14.624135747

   -3.141592654   -2.792526803   26.214883745  -48.883377234   25.680899690
   -2.951193099   -2.792526803   18.448063552  -32.136976208   27.819217284
   -2.760793544   -2.792526803   14.092135652  -13.898223959   28.693599365
   -2.570393989   -2.792526803   12.953955706    1.002035269   28.641564953
   -2.379994435   -2.792526803   14.100582091    9.925800121   28.264675579
   -2.189594880   -2.792526803   16.369555060   13.080110989   28.224249340
   -1.999195325   -2.792526803   18.876044759   12.971938702   28.999039019
   -1.808795770   -2.792526803   21.319136381   12.959084293   30.661183260
   -1.618396215   -2.792526803   23.989299578   15.646803954   32.789901530
   -1.427996661   -2.792526803   27.511334945   21.872248301   34.582543112
   -1.237597106   -2.792526803   32.474545480   30.416268923   35.139909132
   -1.047197551   -2.792526803   39.087999751   38.685455017   33.802282326
   -0.856797996   -2.792526803   47.006657711   43.595196943   30.349929431
   -0.666398442   -2.792526803   55.333680285   42.622704804   25.032141091
   -0.475998887   -2.792526803   62.798695711   34.436413297   18.408672324
   -0.285599332   -2.792526803   68.014166602   19.151275568   11.169121675
   -0.095199777   -2.792526803   69.766352906   -1.481314315    3.979959891
    0.095199777   -2.792526803   67.347334786  -23.929668460   -2.594381917
    0.285599332   -2.792526803   60.885290241  -42.981401859   -8.104145767
    0.475998887   -2.792526803   51.582876231  -52.861912331  -12.201381907
    0.666398442   -2.792526803   41.631991388  -49.338925933  -14.636795037
    0.856797996   -2.792526803   33.698987886  -32.001539763  -15.315614117
    1.047197551   -2.792526803   30.067079595   -5.246179655  -14.363551426
    1.237597106   -2.792526803   31.807898391   22.964270173  -12.150956431
    1.427996661   -2.792526803   38.370164540   44.163869290   -9.183715649
    1.618396215   -2.792526803   47.797937049   52.396376601   -5.920785007
    1.808795770   -2.792526803   57.389774967   45.990201421   -2.594042078
    1.999195325   -2.792526803   64.529441518   27.319922750    0.835390616
    2.189594880   -2.792526803   67.341230243    1.539416513    4.558811222
    2.379994435   -2.792526803   65.064332123  -25.071241386    8.733417832
    2.570393989   -2.792526803   58.124656679  -46.551350313   13.315417514
    2.760793544   -2.792526803   47.954336202  -58.476174762   17.999647791
    2.951193099   -2.792526803   36.604014394  -58.897085508   22.292962962

   -3.141592654   -2.443460953   34.790683968  -44.544297151   22.891223090
   -2.951193099   -2.443460953   27.644460348  -29.955019984   24.567837904
   -2.760793544   -2.443460953   23.522235964  -13.525765421   25.247790067
   -2.570393989   -2.443460953   22.345553031    0.391922947   25.237322298
   -2.379994435   -2.443460953   23.364667981    9.368143720   24.983370813
   -2.189594880   -2.443460953   25.606504983   13.470844971   24.914958993
   -1.999195325   -2.443460953   28.313527710   14.693429489   25.285974155
   -1.808795770   -2.443460953   31.186921378   15.627943966   26.036285846
   -1.618396215   -2.443460953   34.369040471   18.119315428   26.754550423
   -1.427996661   -2.443460953   38.219273600   22.585417523   26.785716626
   -1.237597106   -2.443460953   43.034053918   27.968685603   25.469841365
   -1.047197551   -2.443460953   48.816938021   32.379116539   22.423789569
   -0.856797996   -2.443460953   55.180060185   33.703037595   17.693154142
   -0.666398442   -2.443460953   61.363649200   30.243877323   11.743263267
   -0.475998887   -2.443460953   66.355916929   21.119778053    5.271658805
   -0.285599332   -2.443460953   69.070702451    6.449281303   -0.998571983
   -0.095199777   -2.443460953   68.563034735  -12.341934636   -6.482616169
    0.095199777   -2.443460953   64.315498059  -32.182881049  -10.813291584
    0.285599332   -2.443460953   56.558750649  -48.303170441  -13.833546066
    0.475998887   -2.443460953   46.522777997  -55.258888153  -15.543870757
    0.666398442   -2.443460953   36.375400010  -49.051264669  -16.028724935
    0.856797996   -2.443460953   28.718934914  -29.455286929  -15.417321377
    1.047197551   -2.443460953   25.739382653   -1.040374393  -13.874446447
    1.237597106   -2.443460953   28.382016037   28.127985780  -11.615835241
    1.427996661   -2.443460953   35.966360662   49.654244327   -8.884245263
    1.618396215   -2.443460953   46.440632365   57.873397158   -5.889687652
    1.808795770   -2.443460953   57.075244812   51.506865196   -2.731597010
    1.999195325   -2.443460953   65.295028377   33.209479307    0.624516035
    2.189594880   -2.443460953   69.293877154    8.154339383    4.270938141
    2.379994435   -2.443460953   68.355457157  -17.658638567    8.248013124
    2.570393989   -2.443460953   62.878100165  -38.713118416   12.438418090
    2.760793544   -2.443460953   54.183527187  -50.970272728   16.541370199
    2.951193099   -2.443460953   44.159698724  -52.622218335   20.149687113

   -3.141592654   -2.094395102   41.005529033  -41.046271785   13.243119640
   -2.951193099   -2.094395102   34.395409396  -27.813784401   14.207666749
   -2.760793544   -2.094395102   30.568472496  -12.511787045   14.713339988
   -2.570393989   -2.094395102   29.509525707    0.691700673   14.948042950
   -2.379994435   -2.094395102   30.552480199    9.382737360   15.069606805
   -2.189594880   -2.094395102   32.794439343   13.485063778   15.136020227
   -1.999195325   -2.094395102   35.505029935   14.681034826   15.084313952
   -1.808795770   -2.094395102   38.341994687   15.152367047   14.727175985
   -1.618396215   -2.094395102   41.327669817   16.383220340   13.785064381
   -1.427996661   -2.094395102   44.654821075   18.692985773   11.963125001
   -1.237597106   -2.094395102   48.472121321   21.345545820    9.066220435
   -1.047197551   -2.094395102   52.735002022   23.126010374    5.130404385
   -0.856797996   -2.094395102   57.149120258   22.697541542    0.459574717
   -0.666398442   -2.094395102   61.178910922   18.887198317   -4.432242565
   -0.475998887   -2.094395102   64.094603189   10.899362602   -8.983458268
   -0.285599332   -2.094395102   65.065626188   -1.494036861  -12.736542922
   -0.095199777   -2.094395102   63.309536088  -17.471141744  -15.432988413
    0.095199777   -2.094395102   58.351105122  -34.572682938  -17.041146504
    0.285599332   -2.094395102   50.361060956  -48.468429764  -17.708995001
    0.475998887   -2.094395102   40.451147745  -53.871953448  -17.681174596
    0.666398442   -2.094395102   30.667992585  -46.681685057  -17.185888869
    0.856797996   -2.094395102   23.527183430  -26.433635319  -16.344965160
    1.047197551   -2.094395102   21.173667524    2.510823535  -15.148421190
    1.237597106   -2.094395102   24.539021390   32.167261274  -13.515487152
    1.427996661   -2.094395102   32.934697155   54.122479677  -11.388651703
    1.618396215   -2.094395102   44.295428075   62.696360795   -8.797812126
    1.808795770   -2.094395102   55.880070916   56.658716518   -5.853710011
    1.999195325   -2.094395102   65.115443264   38.721922005   -2.689319969
    2.189594880   -2.094395102   70.202583610   14.061374215    0.562402181
    2.379994435   -2.094395102   70.421885304  -11.446410656    3.779224128
    2.570393989   -2.094395102   66.135448396  -32.492058806    6.818572240
    2.760793544   -2.094395102   58.590468401  -45.208994433    9.508566807
    2.951193099   -2.094395102   49.579855581  -47.819776363   11.682205377

   -3.141592654   -1.745329252   43.256614791  -39.355640386    4.497383750
   -2.951193099   -1.745329252   36.926030186  -26.548732049    4.901940576
   -2.760793544   -1.745329252   33.310603384  -11.544309423    5.164265123
   -2.570393989   -1.745329252   32.411246095    1.391121708    5.302737455
   -2.379994435   -1.745329252   33.552030155    9.669582457    5.221582586
   -2.189594880   -1.745329252   35.785326900   13.041756980    4.722095424
   -1.999195325   -1.745329252   38.306950617   13.059387692    3.585357671
   -1.808795770   -1.745329252   40.684864460   11.880025686    1.662837637
   -1.618396215   -1.745329252   42.860909742   11.118793092   -1.059729223
   -1.427996661   -1.745329252   44.991020413   11.416359090   -4.441652191
   -1.237597106   -1.745329252   47.264015291   12.529334386   -8.213940540
   -1.047197551   -1.745329252   49.775997209   13.752076113  -12.008055400
   -0.856797996   -1.745329252   52.453695876   14.059875770  -15.424130766
   -0.666398442   -1.745329252   55.008474635   12.209440516  -18.099615451
   -0.475998887   -1.745329252   56.905419632    6.955256547  -19.796174045
   -0.285599332   -1.745329252   57.400399574   -2.581713538  -20.451856172
   -0.095199777   -1.745329252   55.673668105  -16.198609206  -20.186835359
    0.095199777   -1.745329252   51.113011941  -31.831148652  -19.281697028
    0.285599332   -1.745329252   43.704318630  -45.260182740  -18.100377987
    0.475998887   -1.745329252   34.381941524  -51.009619861  -16.988138712
    0.666398442   -1.745329252   25.076024834  -44.549837728  -16.145613821
    0.856797996   -1.745329252   18.278172275  -24.899760464  -15.542602849
    1.047197551   -1.745329252   16.199730105    3.972879134  -14.931867641
    1.237597106   -1.745329252   19.887069502   34.176605761  -13.981475509
    1.427996661   -1.745329252   28.753419443   57.084265852  -12.453797481
    1.618396215   -1.745329252   40.775769459   66.639851569  -10.324068777
    1.808795770   -1.745329252   53.184551129   61.297396028   -7.776775156
    1.999195325   -1.745329252   63.335328955   43.609158961   -5.093104603
    2.189594880   -1.745329252   69.344108287   18.784166042   -2.546066799
    2.379994435   -1.745329252   70.423209638   -7.185266010   -0.318038197
    2.570393989   -1.745329252   66.890578267  -28.861022451    1.498973354
    2.760793544   -1.745329252   59.971594010  -42.271357013    2.882091836
    2.951193099   -1.745329252   51.455353450  -45.551578246    3.856803938

   -3.141592654   -1.396263402   41.638169683  -39.653231966    1.545022979
   -2.951193099   -1.396263402   35.279183022  -26.530511916    1.168651048
   -2.760793544   -1.396263402   31.699802683  -11.218997681    0.761181935
   -2.570393989   -1.396263402   30.867427068    1.681102513    0.348103287
   -2.379994435   -1.396263402   32.011572690    9.291139231   -0.237817665
   -2.189594880   -1.396263402   34.051236211   11.271509335   -1.334323120
   -1.999195325   -1.396263402   36.057164011    9.353101171   -3.299475807
   -1.808795770   -1.396263402   37.532304818    6.131153020   -6.316779467
   -1.618396215   -1.396263402   38.451441722    3.790489301  -10.257077543
   -1.427996661   -1.396263402   39.110411422    3.483211652  -14.663284769
   -1.237597106   -1.396263402   39.914731410    5.252877524  -18.885038249
   -1.047197551   -1.396263402   41.202757999    8.352961374  -22.261629128
   -0.856797996   -1.396263402   43.103722172   11.401296354  -24.311002989
   -0.666398442   -1.396263402   45.442278442   12.594793655  -24.826123707
   -0.475998887   -1.396263402   47.683451519   10.086198999  -23.898029750
   -0.285599332   -1.396263402   48.976814840    2.511499801  -21.864758888
   -0.095199777   -1.396263402   48.321311304  -10.239071243  -19.210455579
    0.095199777   -1.396263402   44.883388262  -26.191805854  -16.470441980
    0.285599332   -1.396263402   38.432263991  -40.988819046  -14.110995373
    0.475998887   -1.396263402   29.737664881  -48.744742253  -12.429760032
    0.666398442   -1.396263402   20.667330750  -44.281832693  -11.475479137
    0.856797996   -1.396263402   13.782536792  -25.922852761  -11.038780913
    1.047197551   -1.396263402   11.477671893    2.814391256  -10.735986764
    1.237597106   -1.396263402   15.024392271   34.001085863  -10.170514004
    1.427996661   -1.396263402   24.006491200   58.505930855   -9.095957734
    1.618396215   -1.396263402   36.450809764   69.560897640   -7.495313521
    1.808795770   -1.396263402   49.509722138   65.057794784   -5.546778847
    1.999195325   -1.396263402   60.387549391   47.332600087   -3.509749172
    2.189594880   -1.396263402   67.043507150   21.760318480   -1.635218229
    2.379994435   -1.396263402   68.587410082   -5.310880257   -0.100856446
    2.570393989   -1.396263402   65.306376906  -28.063292695    0.986668337
    2.760793544   -1.396263402   58.458392883  -42.256635858    1.590077206
    2.951193099   -1.396263402   49.903068080  -45.894857837    1.738766548

   -3.141592654   -1.047197551   38.716509810  -42.398136187    2.786421093
   -2.951193099   -1.047197551   31.873636680  -28.793596166    1.583236718
   -2.760793544   -1.047197551   27.935351180  -12.721148680    0.264097049
   -2.570393989   -1.047197551   26.876928101    0.725090269   -1.098449643
   -2.379994435   -1.047197551   27.836011643    8.146972651   -2.624382803
   -2.189594880   -1.047197551   29.563426659    8.979077396   -4.617323019
   -1.999195325   -1.047197551   30.962813727    5.205193277   -7.403194634
   -1.808795770   -1.047197551   31.463692511    0.113582574  -11.097249481
   -1.618396215   -1.047197551   31.118967629   -3.263654207  -15.438236028
   -1.427996661   -1.047197551   30.448093044   -3.167408720  -19.788552941
   -1.237597106   -1.047197551   30.149136045    0.553444623  -23.337988146
   -1.047197551   -1.047197551   30.822965390    6.729413620  -25.382029052
   -0.856797996   -1.047197551   32.743777866   13.226249220  -25.561193695
   -0.666398442   -1.047197551   35.730011052   17.440713541  -23.945962073
   -0.475998887   -1.047197551   39.103101187   16.910710892  -20.969518243
   -0.285599332   -1.047197551   41.778776433    9.970364666  -17.269525998
   -0.095199777   -1.047197551   42.495475225   -3.498828531  -13.490901122
    0.095199777   -1.047197551   40.183906275  -21.246238628  -10.138684687
    0.285599332   -1.047197551   34.452878537  -38.415829213   -7.482790213
    0.475998887   -1.047197551   26.022325908  -48.478870106   -5.556262991
    0.666398442   -1.047197551   16.835733805  -45.610743463   -4.214702486
    0.856797996   -1.047197551    9.636561162  -27.701990017   -3.235241906
    1.047197551   -1.047197551    7.047493056    1.768066144   -2.407687556
    1.237597106   -1.047197551   10.533332469   34.475083758   -1.588539426
    1.427996661   -1.047197551   19.767180496   60.629811349   -0.715388742
    1.618396215   -1.047197551   32.739293649   72.847677666    0.214288544
    1.808795770   -1.047197551   46.470539430   68.678683529    1.174341969
    1.999195325   -1.047197551   58.001802601   50.441861081    2.126924180
    2.189594880   -1.047197551   65.150551665   23.749389250    3.009699708
    2.379994435   -1.047197551   66.940774131   -4.737461064    3.729351335
    2.570393989   -1.047197551   63.632654311  -28.895348682    4.156546090
    2.760793544   -1.047197551   56.510983120  -44.235620700    4.167903668
    2.951193099   -1.047197551   47.504811422  -48.551705911    3.695613955

   -3.141592654   -0.698131701   38.204983276  -46.143606844    2.877073801
   -2.951193099   -0.698131701   30.627116667  -32.676367825    0.615070092
   -2.760793544   -0.698131701   25.971097517  -16.331823500   -1.748624900
   -2.570393989   -0.698131701   24.258336464   -2.566461728   -4.055673755
   -2.379994435   -0.698131701   24.590828864    4.756421492   -6.357103849
   -2.189594880   -0.698131701   25.610346008    4.822018284   -8.909426846
   -1.999195325   -0.698131701   26.104087030   -0.183651785  -11.986586438
   -1.808795770   -0.698131701   25.469800961   -6.320971218  -15.611391409
   -1.618396215   -0.698131701   23.873326600   -9.749598990  -19.388216530
   -1.427996661   -0.698131701   22.080866143   -8.195711825  -22.559457504
   -1.237597106   -0.698131701   21.079704907   -1.594703786  -24.300158258
   -1.047197551   -0.698131701   21.684875559    8.204156597  -24.075158879
   -0.856797996   -0.698131701   24.221476380   18.099891888  -21.870515957
   -0.666398442   -0.698131701   28.379492261   24.642043608  -18.190046162
   -0.475998887   -0.698131701   33.225933035   24.913121274  -13.836027184
   -0.285599332   -0.698131701   37.381745856   17.291553177   -9.619642948
   -0.095199777   -0.698131701   39.340580727    2.101799881   -6.095707904
    0.095199777   -0.698131701   37.897129040  -17.731413141   -3.436583002
    0.285599332   -0.698131701   32.656253145  -36.685859493   -1.455451801
    0.475998887   -0.698131701   24.442941084  -47.785298592    0.220801733
    0.666398442   -0.698131701   15.359040820  -45.105158842    1.918678643
    0.856797996   -0.698131701    8.291909111  -26.766521491    3.737789005
    1.047197551   -0.698131701    5.943572934    3.346826352    5.524822893
    1.237597106   -0.698131701    9.782250594   36.543337146    7.003948357
    1.427996661   -0.698131701   19.431257774   62.854070758    7.958501235
    1.618396215   -0.698131701   32.817327759   74.923863569    8.352163885
    1.808795770   -0.698131701   46.914487063   70.423117017    8.329186180
    1.999195325   -0.698131701   58.738219216   51.753017048    8.103637527
    2.189594880   -0.698131701   66.086617875   24.511734440    7.830068061
    2.379994435   -0.698131701   67.954780757   -4.719806540    7.519321077
    2.570393989   -0.698131701   64.560518413  -29.850364283    7.033877787
    2.760793544   -0.698131701   57.151824304  -46.303796920    6.173522102
    2.951193099   -0.698131701   47.650874120  -51.637246550    4.786135991

   -3.141592654   -0.349065850   38.692374783  -51.145972410    2.659525799
   -2.951193099   -0.349065850   30.120435675  -38.000281196   -0.333062348
   -2.760793544   -0.349065850   24.464759938  -21.430202028   -3.356390378
   -2.570393989   -0.349065850   21.824659705   -7.203397552   -6.216402052
   -2.379994435   -0.349065850   21.302816428    0.351880835   -8.911319072
   -2.189594880   -0.349065850   21.467214886    0.166210739  -11.615192310
   -1.999195325   -0.349065850   21.025256949   -5.352234998  -14.488458286
   -1.808795770   -0.349065850   19.383586489  -11.597948331  -17.424768210
   -1.618396215   -0.349065850   16.857965763  -13.990689776  -19.931171636
   -1.427996661   -0.349065850   14.472533687   -9.946538817  -21.259330184
   -1.237597106   -0.349065850   13.464736416    0.194136569  -20.759328622
   -1.047197551   -0.349065850   14.761565770   13.597371867  -18.246429953
   -0.856797996   -0.349065850   18.592734280   26.047968101  -14.145255019
   -0.666398442   -0.349065850   24.370142919   33.380301491   -9.346699649
   -0.475998887   -0.349065850   30.808103781   32.612229201   -4.836548477
   -0.285599332   -0.349065850   36.225786619   22.708040937   -1.326223285
   -0.095199777   -0.349065850   38.968494170    4.954916928    0.990273342
    0.095199777   -0.349065850   37.873169481  -16.747038230    2.452545563
    0.285599332   -0.349065850   32.743466228  -36.267480019    3.730667101
    0.475998887   -0.349065850   24.662401143  -46.638969985    5.475547803
    0.666398442   -0.349065850   15.928463577  -42.545861476    7.972730596
    0.856797996   -0.349065850    9.476161275  -22.988884739   10.980807493
    1.047197551   -0.349065850    7.897306385    7.459045443   13.859004555
    1.237597106   -0.349065850   12.467153213   39.947646466   15.910902676
    1.427996661   -0.349065850   22.639210741   64.876981063   16.727916775
    1.618396215   -0.349065850   36.269222451   75.503587875   16.343238328
    1.808795770   -0.349065850   50.369110587   69.963416207   15.143130782
    1.999195325   -0.349065850   62.048448725   50.777634473   13.611270335
    2.189594880   -0.349065850   69.188701037   23.326799824   12.099225452
    2.379994435   -0.349065850   70.809389342   -6.172612811   10.698419653
    2.570393989   -0.349065850   67.087472552  -31.905079825    9.262664129
    2.760793544   -0.349065850   59.199817384  -49.334544698    7.543279971
    2.951193099   -0.349065850   49.015614778  -55.774841051    5.345851806

   -3.141592654    0.000000000   39.822282638  -56.307459279    1.724441096
   -2.951193099    0.000000000   30.223356752  -43.539566514   -1.194868459
   -2.760793544    0.000000000   23.507815731  -26.963313680   -4.013596213
   -2.570393989    0.000000000   19.832187054  -12.530455236   -6.601728677
   -2.379994435    0.000000000   18.311709937   -4.828836249   -8.978635163
   -2.189594880    0.000000000   17.493139267   -4.978907405  -11.264744507
   -1.999195325    0.000000000   16.087546357  -10.244680558  -13.505940968
   -1.808795770    0.000000000   13.596886997  -15.439037555  -15.478470223
   -1.618396215    0.000000000   10.536671477  -15.542074299  -16.653403987
   -1.427996661    0.000000000    8.165900596   -8.100059833  -16.399599673
   -1.237597106    0.000000000    7.864958454    5.724794136  -14.343148789
   -1.047197551    0.000000000   10.503284578   21.915188609  -10.662792088
   -0.856797996    0.000000000   16.041084779   35.295208057   -6.093513145
   -0.666398442    0.000000000   23.499450017   41.462422753   -1.648835318
   -0.475998887    0.000000000   31.236716601   38.001774028    1.821513217
   -0.285599332    0.000000000   37.383129048   25.007816461    3.965524104
   -0.095199777    0.000000000   40.327283967    4.994958410    5.042904237
    0.095199777    0.000000000   39.155092654  -17.278124215    5.784892080
    0.285599332    0.000000000   34.019019988  -35.531351924    7.056780502
    0.475998887    0.000000000   26.301443093  -43.458348336    9.452124828
    0.666398442    0.000000000   18.414780333  -36.959510319   12.979240336
    0.856797996    0.000000000   13.166153213  -16.230137669   17.010608308
    1.047197551    0.000000000   12.841804483   13.560156133   20.554725832
    1.237597106    0.000000000   18.381646456   43.837728987   22.712509016
    1.427996661    0.000000000   29.024260747   65.914379544   23.061780045
    1.618396215    0.000000000   42.602224142   74.060807698   21.770476674
    1.808795770    0.000000000   56.266588327   67.019540676   19.423352142
    1.999195325    0.000000000   67.325670871   47.360125817   16.685029724
    2.189594880    0.000000000   73.823628942   20.060193173   14.036546291
    2.379994435    0.000000000   74.847231227   -9.206069151   11.643237886
    2.570393989    0.000000000   70.545992661  -35.030359514    9.401394970
    2.760793544    0.000000000   62.019501948  -52.993633704    7.090702738
    2.951193099    0.000000000   51.065295756  -60.221708147    4.536517678

   -3.141592654    0.349065850   41.661866680  -60.643562898    1.486819067
   -2.951193099    0.349065850   31.205028864  -48.147258195   -0.477693795
   -2.760793544    0.349065850   23.609163244  -31.549062717   -2.239923838
   -2.570393989    0.349065850   19.078158825  -16.903181886   -3.807429695
   -2.379994435    0.349065850   16.748010730   -8.954315411   -5.265257509
   -2.189594880    0.349065850   15.168231976   -8.825513064   -6.707581076
   -1.999195325    0.349065850   13.077141027  -13.511996855   -8.112903607
   -1.808795770    0.349065850   10.072454832  -17.421233098   -9.236516590
   -1.618396215    0.349065850    6.829367594  -15.332644097   -9.644740754
   -1.427996661    0.349065850    4.759094978   -5.106246312   -8.920988459
   -1.237597106    0.349065850    5.282498525   11.265333509   -6.941220392
   -1.047197551    0.349065850    9.129343204   28.807809894   -4.038116340
   -0.856797996    0.349065850   15.971923932   41.807316035   -0.892345859
   -0.666398442    0.349065850   24.509009328   46.083591732    1.775114284
   -0.475998887    0.349065850   32.886713763   40.093863252    3.563647914
   -0.285599332    0.349065850   39.221873836   25.067055704    4.573410878
   -0.095199777    0.349065850   42.092496841    4.449946807    5.350957705
    0.095199777    0.349065850   40.901941438  -16.635859414    6.651817857
    0.285599332    0.349065850   36.120489997  -32.282292792    9.104612922
    0.475998887    0.349065850   29.311442238  -37.212755590   12.899631398
    0.666398442    0.349065850   22.836874820  -28.644311304   17.620762843
    0.856797996    0.349065850   19.220780724   -7.779486527   22.326722221
    1.047197551    0.349065850   20.344976537   19.996250307   25.902741017
    1.237597106    0.349065850   26.793599907   46.800938065   27.511381105
    1.427996661    0.349065850   37.639423478   65.153911288   26.913592347
    1.618396215    0.349065850   50.779168970   70.442305373   24.493726595
    1.808795770    0.349065850   63.593419519   61.956684362   21.014078397
    1.999195325    0.349065850   73.659208509   42.177621225   17.253034575
    2.189594880    0.349065850   79.225496749   15.530553375   13.755749423
    2.379994435    0.349065850   79.463176618  -12.961766739   10.733372366
    2.570393989    0.349065850   74.494658540  -38.366635657    8.136043168
    2.760793544    0.349065850   65.332750672  -56.416573394    5.803182967
    2.951193099    0.349065850   53.688667417  -64.080445938    3.599031370

   -3.141592654    0.698131701   43.067264693  -62.717230099    0.661643284
   -2.951193099    0.698131701   32.229364030  -50.073163872    0.293630857
   -2.760793544    0.698131701   24.272301275  -33.421348356    0.164071131
   -2.570393989    0.698131701   19.382138195  -18.807032798    0.063051267
   -2.379994435    0.698131701   16.683012908  -10.911630656   -0.181198695
   -2.189594880    0.698131701   14.732441026  -10.723265349   -0.634573503
   -1.999195325    0.698131701   12.308982881  -15.034395904   -1.229212113
   -1.808795770    0.698131701    9.087073988  -18.094859384   -1.772266897
   -1.618396215    0.698131701    5.831628474  -14.736810671   -2.021210335
   -1.427996661    0.698131701    4.005061840   -3.171826663   -1.809244305
   -1.237597106    0.698131701    4.991300362   14.065043958   -1.149847200
   -1.047197551    0.698131701    9.383685711   31.572663590   -0.252510536
   -0.856797996    0.698131701   16.676501915   43.644376307    0.617500544
   -0.666398442    0.698131701   25.440286219   46.625976584    1.322819441
   -0.475998887    0.698131701   33.825388768   39.770500668    2.000401332
   -0.285599332    0.698131701   40.101418512   24.992178890    3.039576180
   -0.095199777    0.698131701   43.093295336    6.024781723    4.920247445
    0.095199777    0.698131701   42.454068813  -12.282445109    8.007926285
    0.285599332    0.698131701   38.801196950  -24.809696410   12.357462808
    0.475998887    0.698131701   33.660829507  -27.380592696   17.593693145
    0.666398442    0.698131701   29.147488667  -18.251706173   22.921828060
    0.856797996    0.698131701   27.381835944    0.876236006   27.308328696
    1.047197551    0.698131701   29.825062104   24.943056250   29.818747401
    1.237597106    0.698131701   36.780691276   47.148350018   29.956971635
    1.427996661    0.698131701   47.280660156   61.353469317   27.831812739
    1.618396215    0.698131701   59.411019216   63.936450981   24.065826860
    1.808795770    0.698131701   70.868040423   54.481199731   19.508251560
    1.999195325    0.698131701   79.534791638   35.140916815   14.922249083
    2.189594880    0.698131701   83.867930138    9.679043580   10.816904590
    2.379994435    0.698131701   83.118584983  -17.498781513    7.417963409
    2.570393989    0.698131701   77.392657096  -41.842271742    4.759569509
    2.760793544    0.698131701   67.641842180  -59.184712385    2.794628384
    2.951193099    0.698131701   55.514875187  -66.420814226    1.456428411

   -3.141592654    1.047197551   42.087032267  -62.748062605   -4.324577898
   -2.951193099    1.047197551   31.338974234  -49.167885756   -3.341231736
   -2.760793544    1.047197551   23.599162719  -32.132450199   -2.025726648
   -2.570393989    1.047197551   18.946501663  -17.672398573   -0.757945737
   -2.379994435    1.047197551   16.420500151  -10.248764995    0.209752298
   -2.189594880    1.047197551   14.545647223  -10.569803389    0.809275307
   -1.999195325    1.047197551   12.116227829  -15.209785438    1.099291900
   -1.808795770    1.047197551    8.849093926  -18.359492045    1.171665669
   -1.618396215    1.047197551    5.546543655  -14.963315259    1.077143491
   -1.427996661    1.047197551    3.676569666   -3.431217073    0.809314678
   -1.237597106    1.047197551    4.594481661   13.558238255    0.357873451
   -1.047197551    1.047197551    8.853495766   30.669277647   -0.219168702
   -0.856797996    1.047197551   15.947329545   42.513077172   -0.713466508
   -0.666398442    1.047197551   24.520856629   45.895984220   -0.763597800
   -0.475998887    1.047197551   32.879779633   40.402256455    0.078322067
   -0.285599332    1.047197551   39.483062588   27.932898548    2.195837415
   -0.095199777    1.047197551   43.303459595   11.826062376    5.741014903
    0.095199777    1.047197551   44.035959877   -3.763991114   10.541208672
    0.285599332    1.047197551   42.194686033  -14.517081989   16.078720880
    0.475998887    1.047197551   39.058526703  -16.931442859   21.559917266
    0.666398442    1.047197551   36.396883485   -9.575774867   26.063100998
    0.856797996    1.047197551   35.976213826    6.099281195   28.755150532
    1.047197551    1.047197551   39.005991110   25.825926833   29.135521713
    1.237597106    1.047197551   45.723076149   43.878496395   27.199475382
    1.427996661    1.047197551   55.287364230   55.029391474   23.421076318
    1.618396215    1.047197551   66.040417717   56.041890771   18.560563487
    1.808795770    1.047197551   75.953578059   46.337947705   13.384596425
    1.999195325    1.047197551   83.118934843   27.611940571    8.461592767
    2.189594880    1.047197551   86.111467055    3.160695546    4.125017989
    2.379994435    1.047197551   84.229220048  -22.865392603    0.544746147
    2.570393989    1.047197551   77.597115856  -45.972782072   -2.164378119
    2.760793544    1.047197551   67.186307983  -61.963528824   -3.895637484
    2.951193099    1.047197551   54.665260892  -67.773918706   -4.590177698

   -3.141592654    1.396263402   37.159343532  -61.637839644   -9.305399836
   -2.951193099    1.396263402   26.809603061  -46.193881229   -7.616471853
   -2.760793544    1.396263402   19.752714733  -28.070557450   -5.619544859
   -2.570393989    1.396263402   15.908796482  -13.369198237   -3.760138032
   -2.379994435    1.396263402   14.171116963   -6.353168102   -2.265479277
   -2.189594880    1.396263402   12.966375301   -7.471842196   -1.110825632
   -1.999195325    1.396263402   11.032809621  -13.131444493   -0.166112455
   -1.808795770    1.396263402    8.050443973  -17.479112575    0.625935205
   -1.618396215    1.396263402    4.789399179  -15.432317924    1.177517907
   -1.427996661    1.396263402    2.700880656   -5.240144705    1.334484537
   -1.237597106    1.396263402    3.173489616   10.773987058    1.054554695
   -1.047197551    1.396263402    6.872634474   27.740118106    0.526735171
   -0.856797996    1.396263402   13.489674834   40.641569425    0.184385098
   -0.666398442    1.396263402   21.910675124   46.356815354    0.569267866
   -0.475998887    1.396263402   30.656741175   44.109881198    2.145239738
   -0.285599332    1.396263402   38.296436674   35.066481076    5.119637492
   -0.095199777    1.396263402   43.752335631   21.681638714    9.331005593
    0.095199777    1.396263402   46.507430243    7.330180497   14.260034099
    0.285599332    1.396263402   46.744809538   -4.108228288   19.121054466
    0.475998887    1.396263402   45.372059040   -9.103868419   23.037296281
    0.666398442    1.396263402   43.839232904   -5.709659600   25.249563238
    0.856797996    1.396263402   43.730302453    5.513692488   25.322129669
    1.047197551    1.396263402   46.257004853   21.291322291   23.263306858
    1.237597106    1.396263402   51.831012746   36.647351941   19.513811985
    1.427996661    1.396263402   59.881423784   46.592223785   14.774256531
    1.618396215    1.396263402   69.011135495   47.570938679    9.759233752
    1.808795770    1.396263402   77.359908219   38.414451348    4.980145633
    1.999195325    1.396263402   83.078152418   20.319124721    0.680354326
    2.189594880    1.396263402   84.734781960   -3.584091673   -3.066192150
    2.379994435    1.396263402   81.625173174  -28.964631193   -6.203327471
    2.570393989    1.396263402   73.923328583  -51.008674281   -8.578698433
    2.760793544    1.396263402   62.702558652  -65.320975883   -9.965695313
    2.951193099    1.396263402   49.743497595  -68.950294610  -10.192146868

   -3.141592654    1.745329252   31.143257922  -59.097120009  -16.067517197
   -2.951193099    1.745329252   21.428648317  -42.222402094  -14.679208850
   -2.760793544    1.745329252   15.183374323  -23.677779737  -12.664471387
   -2.570393989    1.745329252   12.148032236   -9.372481268  -10.349053897
   -2.379994435    1.745329252   11.103091259   -3.092546036   -7.926143722
   -2.189594880    1.745329252   10.450128011   -4.917888063   -5.423293076
   -1.999195325    1.745329252    8.943245562  -11.206238192   -2.834692511
   -1.808795770    1.745329252    6.260752573  -16.295943072   -0.277148195
   -1.618396215    1.745329252    3.135829216  -15.231332969    1.975539456
   -1.427996661    1.745329252    0.986067239   -6.064325515    3.621254535
   -1.237597106    1.745329252    1.236901621    9.378759412    4.551616698
   -1.047197551    1.745329252    4.692371481   26.761408604    4.974422997
   -0.856797996    1.745329252   11.260449965   41.294769921    5.371789598
   -0.666398442    1.745329252   20.043168085   49.619985732    6.286583020
   -0.475998887    1.745329252   29.691492611   50.315985273    8.085953044
   -0.285599332    1.745329252   38.758903673   43.698674524   10.795431390
   -0.095199777    1.745329252   45.992103704   31.447405268   14.052810175
    0.095199777    1.745329252   50.574609586   16.440503003   17.198667789
    0.285599332    1.745329252   52.336397988    2.511751144   19.442611082
    0.475998887    1.745329252   51.872133608   -6.348421276   20.102161468
    0.666398442    1.745329252   50.447637187   -7.318517425   18.824347657
    0.856797996    1.745329252   49.649576116    0.052999683   15.729837447
    1.047197551    1.745329252   50.870367855   13.297937539   11.370450132
    1.237597106    1.745329252   54.810854921   27.735877844    6.533569432
    1.427996661    1.745329252   61.187850441   38.093758390    1.947913664
    1.618396215    1.745329252   68.796665066   40.134393254   -1.949118426
    1.808795770    1.745329252   75.832361261   32.004985904   -5.101649624
    1.999195325    1.745329252   80.397560031   14.549700506   -7.732562190
    2.189594880    1.745329252   80.990573668   -8.998916783  -10.120603825
    2.379994435    1.745329252   76.890386679  -33.878462814  -12.396052838
    2.570393989    1.745329252   68.344630143  -54.824899632  -14.434225334
    2.760793544    1.745329252   56.561165157  -67.283073543  -15.919933193
    2.951193099    1.745329252   43.445244216  -68.593648256  -16.516019335

   -3.141592654    2.094395102   24.316188641  -57.936636991  -18.289366398
   -2.951193099    2.094395102   14.974287640  -39.548552792  -17.123828973
   -2.760793544    2.094395102    9.342807556  -19.995920586  -15.250032936
   -2.570393989    2.094395102    7.066922152   -5.143695945  -12.884196046
   -2.379994435    2.094395102    6.861093918    1.469990853  -10.159849999
   -2.189594880    2.094395102    7.104053950   -0.083496983   -7.085367535
   -1.999195325    2.094395102    6.533396650   -6.256547953   -3.652818185
   -1.808795770    2.094395102    4.774452629  -11.634927764    0.013784186
   -1.618396215    2.094395102    2.468339028  -11.380157000    3.608787339
   -1.427996661    2.094395102    0.949191554   -3.306823533    6.750189581
   -1.237597106    2.094395102    1.636128545   11.280079485    9.189205000
   -1.047197551    2.094395102    5.429154844   28.546828147   10.943004987
   -0.856797996    2.094395102   12.397523210   43.838530954   12.271455779
   -0.666398442    2.094395102   21.784459257   53.462336817   13.499545647
   -0.475998887    2.094395102   32.285537686   55.353892764   14.816005289
   -0.285599332    2.094395102   42.368332826   49.141505048   16.152612744
   -0.095199777    2.094395102   50.577982108   36.025307625   17.176948342
    0.095199777    2.094395102   55.837546030   18.749443340   17.394671844
    0.285599332    2.094395102   57.732144425    1.464618930   16.311486718
    0.475998887    2.094395102   56.713971561  -11.102689739   13.647238408
    0.666398442    2.094395102   54.071579195  -15.165480456    9.500641327
    0.856797996    2.094395102   51.593327804   -9.454664950    4.404041074
    1.047197551    2.094395102   50.986375726    3.897649081   -0.833596663
    1.237597106    2.094395102   53.269099230   19.907075479   -5.407225151
    1.427996661    2.094395102   58.366898793   32.524493688   -8.810365732
    1.618396215    2.094395102   65.119977251   36.618642741  -10.981660238
    1.808795770    2.094395102   71.618459200   29.713678848  -12.259404560
    1.999195325    2.094395102   75.784457848   12.506983574  -13.167521711
    2.189594880    2.094395102   75.954579267  -11.455693191  -14.154796342
    2.379994435    2.094395102   71.335491273  -36.819216081  -15.411322888
    2.570393989    2.094395102   62.219597356  -57.743475675  -16.807672725
    2.760793544    2.094395102   49.944506086  -69.378817525  -17.993989228
    2.951193099    2.094395102   36.564084648  -69.187616017  -18.571640906

   -3.141592654    2.443460953   18.087830168  -57.749723647  -12.403809270
   -2.951193099    2.443460953    8.896371394  -38.177292668  -11.098987421
   -2.760793544    2.443460953    3.632513035  -17.531929321   -9.292355071
   -2.570393989    2.443460953    1.923096147   -1.672346226   -7.074132758
   -2.379994435    2.443460953    2.477457323    5.990760209   -4.470997233
   -2.189594880    2.443460953    3.688503861    5.566137482   -1.418631126
   -1.999195325    2.443460953    4.296357714    0.427404289    2.149183066
   -1.808795770    2.443460953    3.877568226   -4.345249094    6.162307532
   -1.618396215    2.443460953    2.963635072   -4.178162038   10.339685658
   -1.427996661    2.443460953    2.753317467    3.145275345   14.249912315
   -1.237597106    2.443460953    4.568077940   16.650869998   17.486553023
   -1.047197551    2.443460953    9.285313312   32.919377267   19.816684647
   -0.856797996    2.443460953   17.014025961   47.495629061   21.209819470
   -0.666398442    2.443460953   27.043083073   56.544085514   21.739991577
   -0.475998887    2.443460953   38.061755209   57.631806983   21.449209572
   -0.285599332    2.443460953   48.456070474   50.005626152   20.273852509
   -0.095199777    2.443460953   56.632145173   34.674423009   18.057036630
    0.095199777    2.443460953   61.366588576   14.492795613   14.634862124
    0.285599332    2.443460953   62.151786104   -5.916722114    9.963976844
    0.475998887    2.443460953   59.465989728  -21.084176163    4.265530521
    0.666398442    2.443460953   54.773714985  -26.430221527   -1.908212947
    0.856797996    2.443460953   50.168373553  -20.212983997   -7.738510399
    1.047197551    2.443460953   47.698940752   -4.664305187  -12.390858274
    1.237597106    2.443460953   48.646152165   14.526875526  -15.315495758
    1.427996661    2.443460953   53.028256012   30.308128083  -16.444918301
    1.618396215    2.443460953   59.594089029   36.675152977  -16.179558279
    1.808795770    2.443460953   66.215812497   30.735434740  -15.185560531
    1.999195325    2.443460953   70.569003943   13.296936983  -14.117306543
    2.189594880    2.443460953   70.805540681  -11.604362095  -13.404328994
    2.379994435    2.443460953   66.056648336  -37.987199280  -13.168031221
    2.570393989    2.443460953   56.652434881  -59.495516034  -13.252335080
    2.760793544    2.443460953   44.041256458  -71.029761170  -13.349341920
    2.951193099    2.443460953   30.407890331  -70.107331076  -13.136308121

   -3.141592654    2.792526803   15.040731491  -56.789690170    1.646126609
   -2.951193099    2.792526803    6.088942412  -36.612028172    3.497013320
   -2.760793544    2.792526803    1.192052353  -15.231959733    5.098493857
   -2.570393989    2.792526803    0.000000000    1.474426148    6.505435089
   -2.379994435    2.792526803    1.246278842   10.130957404    7.960746685
   -2.189594880    2.792526803    3.352864771   10.846453529    9.829884064
   -1.999195325    2.792526803    5.078415595    6.869136797   12.433561530
   -1.808795770    2.792526803    5.979248185    3.002263600   15.845079826
   -1.618396215    2.792526803    6.507832261    3.505945877   19.777975723
   -1.427996661    2.792526803    7.733663390   10.417438625   23.645176647
   -1.237597106    2.792526803   10.835980618   22.799177076   26.773972365
   -1.047197551    2.792526803   16.573363473   37.415574262   28.640715652
   -0.856797996    2.792526803   24.971680699   49.985989577   28.985800897
   -0.666398442    2.792526803   35.261010140   56.740443322   27.790075347
   -0.475998887    2.792526803   46.077084346   55.259182619   25.151817626
   -0.285599332    2.792526803   55.756317085   44.839954472   21.203637700
   -0.095199777    2.792526803   62.676432303   26.664725370   16.091794768
    0.095199777    2.792526803   65.634409627    3.924778046   10.022660104
    0.285599332    2.792526803   64.221700238  -18.261509890    3.340055754
    0.475998887    2.792526803   59.117198405  -33.887025160   -3.410698289
    0.666398442    2.792526803   52.075507821  -38.001362735   -9.504001665
    0.856797996    2.792526803   45.514536897  -28.938448419  -14.183441888
    1.047197551    2.792526803   41.741411159   -9.533199462  -16.911577038
    1.237597106    2.792526803   42.139122460   13.555323956  -17.587086362
    1.427996661    2.792526803   46.641175060   32.345023278  -16.573338780
    1.618396215    2.792526803   53.771055340   40.328640670  -14.530454527
    1.808795770    2.792526803   61.131261364   34.652374234  -12.133215263
    1.999195325    2.792526803   66.176575623   16.552986488   -9.841091269
    2.189594880    2.792526803   66.935663284   -9.382967328   -7.819763976
    2.379994435    2.792526803   62.513968595  -36.725700916   -6.002267294
    2.570393989    2.792526803   53.283874429  -58.861958396   -4.220509420
    2.760793544    2.792526803   40.765558305  -70.619180776   -2.344013996
    2.951193099    2.792526803   27.219108613  -69.560771029   -0.353936187
