#! FIELDS phi psi file.free der_phi der_psi
#! SET min_phi -pi
#! SET max_phi pi
#! SET nbins_phi  33
#! SET periodic_phi true
#! SET min_psi -pi
#! SET max_psi pi
#! SET nbins_psi  18
#! SET periodic_psi true
   -3.141592654   -3.141592654   18.049012863  -52.638209352   18.322512922
   -2.951193099   -3.141592654    9.762983592  -33.860936966   20.611949605
   -2.760793544   -3.141592654    5.239670775  -14.042127506   21.860643582
   -2.570393989   -3.141592654    4.158870242    1.580270872   22.296867480
   -2.379994435   -3.141592654    5.401369202   10.180543006   22.433277531
   -2.189594880   -3.141592654    7.610989209   12.068564221   22.907023194
   -1.999195325   -3.141592654    9.759800025   10.192780072   24.240836658
   -1.808795770   -3.141592654   11.515759908    8.616657064   26.596653853
   -1.618396215   -3.141592654   13.282566663   10.707628459   29.654867174
   -1.427996661   -3.141592654   15.925448848   17.840279493   32.695936765
   -1.237597106   -3.141592654   20.336408783   28.875232896   34.856840288
   -1.047197551   -3.141592654   26.994998121   40.835804458   35.431021541
   -0.856797996   -3.141592654   35.722891755   49.945714210   34.045778951
   -0.666398442   -3.141592654   45.646107583   52.925067478   30.700012321
   -0.475998887   -3.141592654   55.381528136   47.774255120   25.660591363
   -0.285599332   -3.141592654   63.320582378   34.158211851   19.360085322
   -0.095199777   -3.141592654   67.967419966   13.647068284   12.311049686
    0.095199777   -3.141592654   68.322443098  -10.156308024    5.060770168
    0.285599332   -3.141592654   64.253663245  -31.798137281   -1.822276439
    0.475998887   -3.141592654   56.760658902  -45.168408703   -7.758499095
    0.666398442   -3.141592654   47.901567678  -45.618497071  -12.200934257
    0.856797996   -3.141592654   40.298398211  -32.223827225  -14.757165772
    1.047197551   -3.141592654   36.293787109   -8.807804527  -15.334566195
    1.237597106   -3.141592654   37.121356990   17.110069006  -14.217879615
    1.427996661   -3.141592654   42.444647532   37.167438484  -11.963324729
    1.618396215   -3.141592654   50.503220800   45.096472224   -9.171627463
    1.808795770   -3.141592654   58.706250076   38.701114382   -6.240783338
    1.999195325   -3.141592654   64.452383227   19.928234429   -3.266444944
    2.189594880   -3.141592654   65.828346468   -6.174428378   -0.124162687
    2.379994435   -3.141592654   62.048825996  -33.105983930    3.351906105
    2.570393989   -3.141592654   53.575687611  -54.523797351    7.196429121
    2.760793544   -3.141592654   41.945560157  -65.702388843   11.227783755
    2.951193099   -3.141592654   29.348932140  -64.638154809   15.080869821

   -3.141592654   -2.792526803   26.107447327  -48.334464689   26.270866910
   -2.951193099   -2.792526803   18.431120044  -31.768693815   28.323294766
   -2.760793544   -2.792526803   14.116803480  -13.841054130   29.094801137
   -2.570393989   -2.792526803   12.959787427    0.759466509   28.943030616
   -2.379994435   -2.792526803   14.042238990    9.523948522   28.483907528
   -2.189594880   -2.792526803   16.235797248   12.719418576   28.390475811
   -1.999195325   -2.792526803   18.692267574   12.826800561   29.153170703
   -1.808795770   -2.792526803   21.135767236   13.111426548   30.854272498
   -1.618396215   -2.792526803   23.862394541   16.070989506   33.075565382
   -1.427996661   -2.792526803   27.484447919   22.477417386   35.003702878
   -1.237597106   -2.792526803   32.571963576   31.097359946   35.712630444
   -1.047197551   -2.792526803   39.316429997   39.367889585   34.504505345
   -0.856797996   -2.792526803   47.362385127   44.243342907   31.119847222
   -0.666398442   -2.792526803   55.807918024   43.213568328   25.779182763
   -0.475998887   -2.792526803   63.377700687   34.936594270   19.035760653
   -0.285599332   -2.792526803   68.676694682   19.519241220   11.599497646
   -0.095199777   -2.792526803   70.484722489   -1.264935070    4.178793316
    0.095199777   -2.792526803   68.095115630  -23.829326119   -2.610642867
    0.285599332   -2.792526803   61.647708894  -42.915954904   -8.276119933
    0.475998887   -2.792526803   52.361785137  -52.748309491  -12.449507929
    0.666398442   -2.792526803   42.439599620  -49.158158244  -14.888932776
    0.856797996   -2.792526803   34.542274089  -31.829954069  -15.528856947
    1.047197551   -2.792526803   30.931161873   -5.227971048  -14.530903385
    1.237597106   -2.792526803   32.649195117   22.684604324  -12.290205145
    1.427996661   -2.792526803   39.123278020   43.510724699   -9.314238406
    1.618396215   -2.792526803   48.393128150   51.403199871   -6.041034391
    1.808795770   -2.792526803   57.773786313   44.793366980   -2.670669911
    1.999195325   -2.792526803   64.681907482   26.117501985    0.857951227
    2.189594880   -2.792526803   67.281119053    0.541207899    4.734188001
    2.379994435   -2.792526803   64.847425863  -25.700011959    9.086002689
    2.570393989   -2.792526803   57.830796528  -46.729616399   13.825259048
    2.760793544   -2.792526803   47.668027541  -58.236698731   18.608368027
    2.951193099   -2.792526803   36.392060706  -58.389847891   22.925686016

   -3.141592654   -2.443460953   34.867213565  -44.142935670   23.420639779
   -2.951193099   -2.443460953   27.779091573  -29.771558535   25.016837521
   -2.760793544   -2.443460953   23.663033515  -13.651344613   25.609352065
   -2.570393989   -2.443460953   22.434917102   -0.007238057   25.519130601
   -2.379994435   -2.443460953   23.363759679    8.851082183   25.200723117
   -2.189594880   -2.443460953   25.513421551   13.051610649   25.087685806
   -1.999195325   -2.443460953   28.166099714   14.563804760   25.439026853
   -1.808795770   -2.443460953   31.050872872   15.880719205   26.200234979
   -1.618396215   -2.443460953   34.316096579   18.720167734   26.961594879
   -1.427996661   -2.443460953   38.304474144   23.406319995   27.060816012
   -1.237597106   -2.443460953   43.283597571   28.843181327   25.818389339
   -1.047197551   -2.443460953   49.226555060   33.162338982   22.823582861
   -0.856797996   -2.443460953   55.722692304   34.303911370   18.094467194
   -0.666398442   -2.443460953   61.999939746   30.622203660   12.079933092
   -0.475998887   -2.443460953   67.042872392   21.273722908    5.480908840
   -0.285599332   -2.443460953   69.768124967    6.410532655   -0.955305820
   -0.095199777   -2.443460953   69.240349675  -12.501182561   -6.607070531
    0.095199777   -2.443460953   64.960018585  -32.350082279  -11.070518513
    0.285599332   -2.443460953   57.180653114  -48.360125350  -14.166084271
    0.475998887   -2.443460953   47.151111438  -55.134867767  -15.892784257
    0.666398442   -2.443460953   37.043221746  -48.777966440  -16.352171764
    0.856797996   -2.443460953   29.442798552  -29.171829885  -15.699893844
    1.047197551   -2.443460953   26.503387057   -0.935372132  -14.123518465
    1.237597106   -2.443460953   29.136504369   27.903499924  -11.847206265
    1.427996661   -2.443460953   36.642364014   49.055433953   -9.103312197
    1.618396215   -2.443460953   46.972847229   56.983451728   -6.078222580
    1.808795770   -2.443460953   57.423883676   50.500587974   -2.846225313
    1.999195325   -2.443460953   65.457309843   32.287424734    0.637363508
    2.189594880   -2.443460953   69.302405424    7.483130024    4.451934291
    2.379994435   -2.443460953   68.268200364  -17.987337359    8.603925264
    2.570393989   -2.443460953   62.762702589  -38.688983409   12.934923888
    2.760793544   -2.443460953   54.101600310  -50.663591191   17.114583381
    2.951193099   -2.443460953   44.152321077  -52.175542963   20.728952300

   -3.141592654   -2.094395102   41.205876601  -40.737343118   13.543620380
   -2.951193099   -2.094395102   34.634077826  -27.740023362   14.469174637
   -2.760793544   -2.094395102   30.792935376  -12.739321095   14.937922119
   -2.570393989   -2.094395102   29.664784415    0.208447704   15.142337352
   -2.379994435   -2.094395102   30.603323872    8.801285205   15.238794971
   -2.189594880   -2.094395102   32.742810690   13.022167930   15.281442177
   -1.999195325   -2.094395102   35.393071184   14.532636093   15.204933020
   -1.808795770   -2.094395102   38.240511788   15.414648208   14.822848563
   -1.618396215   -2.094395102   41.313399516   17.016691712   13.858304050
   -1.427996661   -2.094395102   44.785592751   19.549258839   12.017746443
   -1.237597106   -2.094395102   48.771674542   22.225304896    9.101933838
   -1.047197551   -2.094395102   53.189852580   23.848631275    5.138554157
   -0.856797996   -2.094395102   57.717245062   23.150273466    0.422090601
   -0.666398442   -2.094395102   61.804550080   19.038540219   -4.537372749
   -0.475998887   -2.094395102   64.723254917   10.789285488   -9.171557145
   -0.285599332   -2.094395102   65.655823223   -1.772119215  -13.006234601
   -0.095199777   -2.094395102   63.841062923  -17.788149870  -15.763411193
    0.095199777   -2.094395102   58.830001107  -34.789056344  -17.398283081
    0.285599332   -2.094395102   50.817708178  -48.477678718  -18.059458612
    0.475998887   -2.094395102   40.929372620  -53.645203564  -18.005349679
    0.666398442   -2.094395102   31.206406118  -46.301790308  -17.483483005
    0.856797996   -2.094395102   24.139049190  -26.077921772  -16.630940857
    1.047197551   -2.094395102   21.835100124    2.643560214  -15.440963165
    1.237597106   -2.094395102   25.193438278   31.947024159  -13.822471670
    1.427996661   -2.094395102   33.512434786   53.546009420  -11.697884065
    1.618396215   -2.094395102   44.738862406   61.890601293   -9.076523720
    1.808795770   -2.094395102   56.163982373   55.821850957   -6.056740293
    1.999195325   -2.094395102   65.252926152   38.044499823   -2.775465687
    2.189594880   -2.094395102   70.236755955   13.665463989    0.614530841
    2.379994435   -2.094395102   70.410735502  -11.531192990    3.961972820
    2.570393989   -2.094395102   66.135253666  -32.308033481    7.097215371
    2.760793544   -2.094395102   58.644188654  -44.848018500    9.834645827
    2.951193099   -2.094395102   49.709295642  -47.410355877   12.010408178

   -3.141592654   -1.745329252   43.496737305  -39.046175600    4.584599632
   -2.951193099   -1.745329252   37.204178406  -26.476823893    4.985883348
   -2.760793544   -1.745329252   33.574471773  -11.771210347    5.258158804
   -2.570393989   -1.745329252   32.606014772    0.906939694    5.415292916
   -2.379994435   -1.745329252   33.641351971    9.076546510    5.351307032
   -2.189594880   -1.745329252   35.768168155   12.546602091    4.854959247
   -1.999195325   -1.745329252   38.220822627   12.851473735    3.696957858
   -1.808795770   -1.745329252   40.595134168   12.054227173    1.724900718
   -1.618396215   -1.745329252   42.839034138   11.638286053   -1.070977376
   -1.427996661   -1.745329252   45.090309590   12.136284919   -4.538545450
   -1.237597106   -1.745329252   47.504333529   13.254648915   -8.396064608
   -1.047197551   -1.745329252   50.140911097   14.308183353  -12.264776588
   -0.856797996   -1.745329252   52.899947299   14.346680375  -15.739933325
   -0.666398442   -1.745329252   55.482476348   12.219004206  -18.457108977
   -0.475998887   -1.745329252   57.360111078    6.757724890  -20.175213978
   -0.285599332   -1.745329252   57.807278631   -2.867795634  -20.827751761
   -0.095199777   -1.745329252   56.028548472  -16.438538409  -20.532341509
    0.095199777   -1.745329252   51.436434192  -31.908133271  -19.574644272
    0.285599332   -1.745329252   44.034485891  -45.112925557  -18.333966973
    0.475998887   -1.745329252   34.761014168  -50.659989599  -17.176221096
    0.666398442   -1.745329252   25.532466973  -44.116182702  -16.318183514
    0.856797996   -1.745329252   18.810944334  -24.565750107  -15.732931757
    1.047197551   -1.745329252   16.772470035    4.032475393  -15.160674593
    1.237597106   -1.745329252   20.437455142   33.876438885  -14.246852273
    1.427996661   -1.745329252   29.215100429   56.468133834  -12.730559988
    1.618396215   -1.745329252   41.102170966   65.866970572  -10.573308772
    1.808795770   -1.745329252   53.365287561   60.571150126   -7.960178890
    1.999195325   -1.745329252   63.396598206   43.098089162   -5.187719313
    2.189594880   -1.745329252   69.335974538   18.570643592   -2.551435515
    2.379994435   -1.745329252   70.402724360   -7.112263105   -0.254378174
    2.570393989   -1.745329252   66.906581134  -28.568880508    1.600265054
    2.760793544   -1.745329252   60.056978891  -41.854754280    2.991459170
    2.951193099   -1.745329252   51.623140454  -45.124306342    3.956422602

   -3.141592654   -1.396263402   41.832844381  -39.253457350    1.731862587
   -2.951193099   -1.396263402   35.530913011  -26.351036393    1.349537268
   -2.760793544   -1.396263402   31.958304770  -11.335425142    0.958131211
   -2.570393989   -1.396263402   31.076839006    1.293576917    0.577563355
   -2.379994435   -1.396263402   32.131165281    8.762266016    0.026292569
   -2.189594880   -1.396263402   34.071909411   10.788197382   -1.052846544
   -1.999195325   -1.396263402   36.004749088    9.087734297   -3.035864024
   -1.808795770   -1.396263402   37.458067596    6.171454950   -6.115239622
   -1.618396215   -1.396263402   38.412850493    4.108790225  -10.156626392
   -1.427996661   -1.396263402   39.150271175    3.960808605  -14.684173439
   -1.237597106   -1.396263402   40.048602232    5.733506603  -19.022302439
   -1.047197551   -1.396263402   41.417681098    8.702933068  -22.487282760
   -0.856797996   -1.396263402   43.367232553   11.555343773  -24.583740423
   -0.666398442   -1.396263402   45.717288070   12.569609214  -25.102120086
   -0.475998887   -1.396263402   47.942831521    9.962559693  -24.138522909
   -0.285599332   -1.396263402   49.212326258    2.399890878  -22.040341880
   -0.095199777   -1.396263402   48.545259047  -10.236199549  -19.304737218
    0.095199777   -1.396263402   45.124307086  -26.013591153  -16.484950219
    0.285599332   -1.396263402   38.724411311  -40.639860247  -14.068505978
    0.475998887   -1.396263402   30.107568539  -48.299743832  -12.370764725
    0.666398442   -1.396263402   21.120901650  -43.876738470  -11.445754091
    0.856797996   -1.396263402   14.296885642  -25.716158277  -11.072192138
    1.047197551   -1.396263402   12.002658390    2.703625664  -10.839506767
    1.237597106   -1.396263402   15.495538543   33.549609403  -10.320259772
    1.427996661   -1.396263402   24.365637760   57.800575654   -9.245571787
    1.618396215   -1.396263402   36.664705882   68.771581052   -7.593326485
    1.808795770   -1.396263402   49.580382988   64.368087652   -5.554956302
    1.999195325   -1.396263402   60.348187728   46.878201732   -3.415683525
    2.189594880   -1.396263402   66.945208793   21.596705935   -1.453609902
    2.379994435   -1.396263402   68.484787675   -5.203257652    0.134891273
    2.570393989   -1.396263402   65.246004210  -27.742234913    1.238255547
    2.760793544   -1.396263402   58.473706380  -41.799727095    1.827690250
    2.951193099   -1.396263402   50.010630835  -45.403186583    1.948912102

   -3.141592654   -1.047197551   38.907380041  -41.975024556    3.036783047
   -2.951193099   -1.047197551   32.130136239  -28.548300316    1.816701567
   -2.760793544   -1.047197551   28.214474104  -12.740151746    0.508089025
   -2.570393989   -1.047197551   27.126830556    0.443945315   -0.822081175
   -2.379994435   -1.047197551   28.014713159    7.701325045   -2.309082220
   -2.189594880   -1.047197551   29.653954229    8.519710694   -4.277904157
   -1.999195325   -1.047197551   30.976760382    4.875831461   -7.074476035
   -1.808795770   -1.047197551   31.434459059   -0.005037365  -10.824398743
   -1.618396215   -1.047197551   31.087714607   -3.175291241  -15.260898574
   -1.427996661   -1.047197551   30.448713980   -2.938930142  -19.725330122
   -1.237597106   -1.047197551   30.199574059    0.829440741  -23.378240378
   -1.047197551   -1.047197551   30.924079904    6.971771127  -25.488442503
   -0.856797996   -1.047197551   32.884402437   13.393966530  -25.681932465
   -0.666398442   -1.047197551   35.895888166   17.542594521  -24.029801996
   -0.475998887   -1.047197551   39.285855703   16.994500582  -20.978422302
   -0.285599332   -1.047197551   41.981066549   10.098731322  -17.185787788
   -0.095199777   -1.047197551   42.730713647   -3.277497568  -13.319661587
    0.095199777   -1.047197551   40.471443453  -20.923420164   -9.907378373
    0.285599332   -1.047197551   34.808857281  -38.034689263   -7.236085968
    0.475998887   -1.047197551   26.450319879  -48.124392807   -5.345179289
    0.666398442   -1.047197551   17.320346814  -45.391537067   -4.081006124
    0.856797996   -1.047197551   10.142133646  -27.715811706   -3.196403325
    1.047197551   -1.047197551    7.524221671    1.474245532   -2.447892211
    1.237597106   -1.047197551   10.929673205   33.934061732   -1.662061817
    1.427996661   -1.047197551   20.045226545   59.947009798   -0.761266416
    1.618396215   -1.047197551   32.885470338   72.169479911    0.251605119
    1.808795770   -1.047197551   46.499026140   68.136218201    1.326282400
    1.999195325   -1.047197551   57.947198906   50.114851097    2.391812292
    2.189594880   -1.047197551   65.056238208   23.656629281    3.356918569
    2.379994435   -1.047197551   66.849564762   -4.620851265    4.112985159
    2.570393989   -1.047197551   63.581001558  -28.605995455    4.532253262
    2.760793544   -1.047197551   56.527710687  -43.817891397    4.505695691
    2.951193099   -1.047197551   47.608087765  -48.076675594    3.985296612

   -3.141592654   -0.698131701   38.449297665  -45.816141809    3.171775751
   -2.951193099   -0.698131701   30.924332857  -32.467597463    0.861568185
   -2.760793544   -0.698131701   26.289741538  -16.329139192   -1.519542200
   -2.570393989   -0.698131701   24.555837189   -2.790034800   -3.817384994
   -2.379994435   -0.698131701   24.828504838    4.365277233   -6.097855272
   -2.189594880   -0.698131701   25.766426083    4.371001690   -8.638932221
   -1.999195325   -0.698131701   26.178216216   -0.580328870  -11.734330290
   -1.808795770   -0.698131701   25.480448350   -6.582396476  -15.416133340
   -1.618396215   -0.698131701   23.850104648   -9.844429000  -19.280984394
   -1.427996661   -0.698131701   22.055355835   -8.131978286  -22.547517026
   -1.237597106   -0.698131701   21.079230920   -1.405325722  -24.358995526
   -1.047197551   -0.698131701   21.729170976    8.474351734  -24.153343256
   -0.856797996   -0.698131701   24.321717497   18.409245885  -21.905827558
   -0.666398442   -0.698131701   28.540205010   24.963951051  -18.129903772
   -0.475998887   -0.698131701   33.448499036   25.239107703  -13.654614370
   -0.285599332   -0.698131701   37.667256401   17.624459264   -9.325456664
   -0.095199777   -0.698131701   39.690366639    2.440771423   -5.728502531
    0.095199777   -0.698131701   38.310916597  -17.405724068   -3.056246905
    0.285599332   -0.698131701   33.127871384  -36.415843202   -1.125544177
    0.475998887   -0.698131701   24.956803600  -47.624047344    0.450769046
    0.666398442   -0.698131701   15.889321302  -45.104372655    2.027829109
    0.856797996   -0.698131701    8.804571822  -26.956422037    3.740885198
    1.047197551   -0.698131701    6.402514496    2.974776062    5.470102293
    1.237597106   -0.698131701   10.157571716   36.047392308    6.960294974
    1.427996661   -0.698131701   19.707909168   62.327076974    7.995856632
    1.618396215   -0.698131701   32.998824509   74.465760942    8.521487813
    1.808795770   -0.698131701   47.021265975   70.101146629    8.647557660
    1.999195325   -0.698131701   58.799059656   51.587775747    8.550989032
    2.189594880   -0.698131701   66.129859648   24.486063408    8.358077415
    2.379994435   -0.698131701   68.004331938   -4.634322041    8.068012504
    2.570393989   -0.698131701   64.635997940  -29.666869600    7.549631921
    2.760793544   -0.698131701   57.271448511  -46.027684793    6.621123331
    2.951193099   -0.698131701   47.830045375  -51.297879924    5.153017425

   -3.141592654   -0.349065850   39.018923278  -50.982000161    2.882792333
   -2.951193099   -0.349065850   30.473638306  -37.901428597   -0.187853873
   -2.760793544   -0.349065850   24.824108588  -21.479398518   -3.253671936
   -2.570393989   -0.349065850   22.157360302   -7.437556785   -6.124953888
   -2.379994435   -0.349065850   21.575043055   -0.041991864   -8.814490129
   -2.189594880   -0.349065850   21.655085908   -0.315984186  -11.516583817
   -1.999195325   -0.349065850   21.120529189   -5.830761196  -14.409223100
   -1.808795770   -0.349065850   19.395159616  -11.985900029  -17.392723422
   -1.618396215   -0.349065850   16.810008009  -14.220470788  -19.964821023
   -1.427996661   -0.349065850   14.400032886   -9.971831045  -21.354146928
   -1.237597106   -0.349065850   13.408709194    0.389506781  -20.882360303
   -1.047197551   -0.349065850   14.762492745   13.990114762  -18.343436206
   -0.856797996   -0.349065850   18.682854773   26.577601253  -14.157673595
   -0.666398442   -0.349065850   24.567748697   33.963808150   -9.231757923
   -0.475998887   -0.349065850   31.115342476   33.165471443   -4.583351397
   -0.285599332   -0.349065850   36.630238677   23.164077904   -0.960960345
   -0.095199777   -0.349065850   39.447250015    5.272568860    1.411270937
    0.095199777   -0.349065850   38.398025762  -16.583836842    2.858586927
    0.285599332   -0.349065850   33.285109827  -36.255152667    4.056852721
    0.475998887   -0.349065850   25.193864415  -46.756762875    5.681111723
    0.666398442   -0.349065850   16.427547172  -42.766585786    8.052964218
    0.856797996   -0.349065850    9.926178666  -23.279884399   10.969277875
    1.047197551   -0.349065850    8.288543572    7.136771993   13.820299454
    1.237597106   -0.349065850   12.798327245   39.644856122   15.923696367
    1.427996661   -0.349065850   22.919081775   64.645287373   16.862859756
    1.618396215   -0.349065850   36.514832478   75.377663576   16.642696030
    1.808795770   -0.349065850   50.600989007   69.938701702   15.608067461
    1.999195325   -0.349065850   62.282694197   50.815306812   14.202168093
    2.189594880   -0.349065850   69.432252701   23.378692126   12.749462173
    2.379994435   -0.349065850   71.062067422   -6.131650192   11.334627345
    2.570393989   -0.349065850   67.348139759  -31.858827582    9.824301312
    2.760793544   -0.349065850   59.473041406  -49.245795039    7.994114719
    2.951193099   -0.349065850   49.311487291  -55.629119736    5.676235681

   -3.141592654    0.000000000   40.189953698  -56.344249659    1.860790423
   -2.951193099    0.000000000   30.584430937  -43.586150224   -1.156826497
   -2.760793544    0.000000000   23.853553622  -27.093058384   -4.036487510
   -2.570393989    0.000000000   20.141387780  -12.791714820   -6.654218633
   -2.379994435    0.000000000   18.558207645   -5.224561601   -9.043382954
   -2.189594880    0.000000000   17.654701447   -5.469701679  -11.341705759
   -1.999195325    0.000000000   16.152425005  -10.758633103  -13.608259284
   -1.808795770    0.000000000   13.568829143  -15.885442666  -15.622165151
   -1.618396215    0.000000000   10.437897064  -15.824800119  -16.844335680
   -1.427996661    0.000000000    8.036325111   -8.130667563  -16.623976747
   -1.237597106    0.000000000    7.758229704    5.996991444  -14.565834112
   -1.047197551    0.000000000   10.476927467   22.475666563  -10.835888181
   -0.856797996    0.000000000   16.142681124   36.057029203   -6.171447805
   -0.666398442    0.000000000   23.754510698   42.285294431   -1.604286552
   -0.475998887    0.000000000   31.642244703   38.733402630    1.985914402
   -0.285599332    0.000000000   37.909496171   25.527002616    4.215270628
   -0.095199777    0.000000000   40.927086555    5.240162939    5.320447150
    0.095199777    0.000000000   39.775630847  -17.302470886    6.026024603
    0.285599332    0.000000000   34.613712857  -35.768505646    7.210338400
    0.475998887    0.000000000   26.837939973  -43.819108708    9.496433686
    0.666398442    0.000000000   18.878501676  -37.352430716   12.930327301
    0.856797996    0.000000000   13.558676517  -16.576109330   16.920082200
    1.047197551    0.000000000   13.177926290   13.318215245   20.498328686
    1.237597106    0.000000000   18.685055124   43.736873012   22.770669373
    1.427996661    0.000000000   29.323247714   65.964630626   23.296673472
    1.618396215    0.000000000   42.923506919   74.236011708   22.206910343
    1.808795770    0.000000000   56.628159067   67.251596301   20.038559010
    1.999195325    0.000000000   67.730016535   47.559659437   17.414466771
    2.189594880    0.000000000   74.256814615   20.153810327   14.792742046
    2.379994435    0.000000000   75.286128105   -9.239893899   12.340536078
    2.570393989    0.000000000   70.969444657  -35.149637349    9.976863225
    2.760793544    0.000000000   62.418365364  -53.122934758    7.513300344
    2.951193099    0.000000000   51.443661757  -60.304416989    4.805279755

   -3.141592654    0.349065850   42.097386821  -60.945127413    1.537005957
   -2.951193099    0.349065850   31.589202056  -48.397055393   -0.513442283
   -2.760793544    0.349065850   23.945617466  -31.816782649   -2.328352651
   -2.570393989    0.349065850   19.357026056  -17.251388917   -3.920161389
   -2.379994435    0.349065850   16.950535634   -9.410568517   -5.384501814
   -2.189594880    0.349065850   15.274869322   -9.372793489   -6.828532417
   -1.999195325    0.349065850   13.075836194  -14.086728901   -8.241197333
   -1.808795770    0.349065850    9.966957588  -17.921388867   -9.381511305
   -1.618396215    0.349065850    6.645596839  -15.636303280   -9.811288146
   -1.427996661    0.349065850    4.545829421   -5.097951569   -9.103869986
   -1.237597106    0.349065850    5.106273912   11.648368949   -7.124034620
   -1.047197551    0.349065850    9.060781948   29.540194575   -4.197966842
   -0.856797996    0.349065850   16.067316895   42.768229900   -1.007163190
   -0.666398442    0.349065850   24.794530180   47.083722828    1.719339861
   -0.475998887    0.349065850   33.350500128   40.932839425    3.566872137
   -0.285599332    0.349065850   39.817617601   25.592587707    4.619843133
   -0.095199777    0.349065850   42.752827397    4.597904127    5.413020461
    0.095199777    0.349065850   41.556695599  -16.832398047    6.698731726
    0.285599332    0.349065850   36.713489045  -32.714533001    9.114192350
    0.475998887    0.349065850   29.811758902  -37.730633828   12.868763310
    0.666398442    0.349065850   23.242595379  -29.101863811   17.570492718
    0.856797996    0.349065850   19.554960787   -8.060545408   22.299999542
    1.047197551    0.349065850   20.648506365   19.959134295   25.955093743
    1.237597106    0.349065850   27.115313433   47.023558472   27.695771013
    1.427996661    0.349065850   38.025687954   65.594737840   27.263019522
    1.618396215    0.349065850   51.262734156   71.001327778   25.008185944
    1.808795770    0.349065850   64.183546630   62.489687674   21.655563364
    1.999195325    0.349065850   74.336648571   42.537686340   17.954184365
    2.189594880    0.349065850   79.946905231   15.622253678   14.437744708
    2.379994435    0.349065850   80.175469489  -13.143794973   11.326755852
    2.570393989    0.349065850   75.152593457  -38.738055114    8.595836497
    2.760793544    0.349065850   65.912439067  -56.848778699    6.113172591
    2.951193099    0.349065850   54.189433798  -64.466411715    3.767121140

   -3.141592654    0.698131701   43.497747800  -63.178518879    0.612796010
   -2.951193099    0.698131701   32.582546080  -50.435889051    0.222229526
   -2.760793544    0.698131701   24.560548510  -33.757581011    0.088070255
   -2.570393989    0.698131701   19.603478162  -19.186235548   -0.007068071
   -2.379994435    0.698131701   16.824832483  -11.372024621   -0.241231787
   -2.189594880    0.698131701   14.779176702  -11.259060018   -0.684740631
   -1.999195325    0.698131701   12.250678043  -15.590368520   -1.272692990
   -1.808795770    0.698131701    8.928473064  -18.573101599   -1.814737527
   -1.618396215    0.698131701    5.599121447  -15.017404976   -2.070880033
   -1.427996661    0.698131701    3.747302581   -3.142725265   -1.877269348
   -1.237597106    0.698131701    4.773776215   14.459976556   -1.248568671
   -1.047197551    0.698131701    9.274802394   32.302695277   -0.392232706
   -0.856797996    0.698131701   16.729790205   44.589656471    0.433708803
   -0.666398442    0.698131701   25.679924241   47.603292040    1.103184484
   -0.475998887    0.698131701   34.238941343   40.587397187    1.763750492
   -0.285599332    0.698131701   40.643236206   25.501407083    2.810044822
   -0.095199777    0.698131701   43.697303225    6.163760762    4.720644542
    0.095199777    0.698131701   43.051685455  -12.477846129    7.854919720
    0.285599332    0.698131701   39.338851450  -25.222124315   12.261532801
    0.475998887    0.698131701   34.112473867  -27.845490874   17.562582173
    0.666398442    0.698131701   29.519116662  -18.606910538   22.964519101
    0.856797996    0.698131701   27.707050574    0.757513926   27.437170906
    1.047197551    0.698131701   30.156166853   25.125858022   30.047707276
    1.237597106    0.698131701   37.175840007   47.627763358   30.295518472
    1.427996661    0.698131701   47.789817689   62.049701211   28.275588278
    1.618396215    0.698131701   60.062097365   64.699814485   24.589447207
    1.808795770    0.698131701   71.656025699   55.122471349   20.063944498
    1.999195325    0.698131701   80.419337709   35.488226712   15.449718591
    2.189594880    0.698131701   84.782786992    9.643753536   11.259644802
    2.379994435    0.698131701   83.991819061  -17.887890249    7.739742249
    2.570393989    0.698131701   78.168117080  -42.455031134    4.952594909
    2.760793544    0.698131701   68.293172280  -59.852167984    2.875901560
    2.951193099    0.698131701   56.045253328  -67.010080551    1.456491637

   -3.141592654    1.047197551   42.442881928  -63.179200822   -4.522699683
   -2.951193099    1.047197551   31.625031662  -49.486141943   -3.463562494
   -2.760793544    1.047197551   23.828468494  -32.428711240   -2.077792345
   -2.570393989    1.047197551   19.115602248  -18.021054646   -0.753468907
   -2.379994435    1.047197551   16.515348698  -10.682823694    0.258321267
   -2.189594880    1.047197551   14.550493047  -11.077264439    0.895728255
   -1.999195325    1.047197551   12.021500998  -15.737530067    1.221527022
   -1.808795770    1.047197551    8.658389836  -18.824087241    1.324244376
   -1.618396215    1.047197551    5.281319989  -15.269337812    1.243156411
   -1.427996661    1.047197551    3.375618415   -3.489969547    0.956392720
   -1.237597106    1.047197551    4.310180373   13.793742391    0.443836129
   -1.047197551    1.047197551    8.641859246   31.185932578   -0.233127591
   -0.856797996    1.047197551   15.855536586   43.236230757   -0.845935509
   -0.666398442    1.047197551   24.576859723   46.700111019   -1.001313325
   -0.475998887    1.047197551   33.085481180   41.144014261   -0.219651212
   -0.285599332    1.047197551   39.814084905   28.487066219    1.901712064
   -0.095199777    1.047197551   43.716007168   12.118763706    5.515390560
    0.095199777    1.047197551   44.479024909   -3.732705264   10.432355874
    0.285599332    1.047197551   42.624375865  -14.673798498   16.109828064
    0.475998887    1.047197551   39.450645188  -17.148147358   21.729444268
    0.666398442    1.047197551   36.753759288   -9.710872242   26.351068900
    0.856797996    1.047197551   36.325375042    6.166904173   29.131828776
    1.047197551    1.047197551   39.393359458   26.162133931   29.567512866
    1.237597106    1.047197551   46.200329609   44.474481593   27.652011453
    1.427996661    1.047197551   55.896253836   55.790856501   23.856245095
    1.618396215    1.047197551   66.797120400   56.797682636   18.936144994
    1.808795770    1.047197551   76.837591865   46.884939236   13.656615151
    1.999195325    1.047197551   84.073685053   27.785578501    8.594621832
    2.189594880    1.047197551   87.058528152    2.907513054    4.104593442
    2.379994435    1.047197551   85.092998648  -23.465298448    0.386616986
    2.570393989    1.047197551   78.327473611  -46.743087428   -2.415583809
    2.760793544    1.047197551   67.769625593  -62.712942219   -4.179731411
    2.951193099    1.047197551   55.118882714  -68.376090780   -4.850310632

   -3.141592654    1.396263402   37.333123817  -61.795996970   -9.559297640
   -2.951193099    1.396263402   26.966068076  -46.243261926   -7.738377932
   -2.760793544    1.396263402   19.899638636  -28.143368346   -5.638629203
   -2.570393989    1.396263402   16.032716454  -13.549687680   -3.710720714
   -2.379994435    1.396263402   14.248509471   -6.660671086   -2.171259781
   -2.189594880    1.396263402   12.975411030   -7.875874586   -0.978294697
   -1.999195325    1.396263402   10.960279496  -13.574335190    0.009232402
   -1.808795770    1.396263402    7.895083141  -17.895421953    0.844911625
   -1.618396215    1.396263402    4.562648107  -15.761184706    1.422699053
   -1.427996661    1.396263402    2.424771251   -5.423623818    1.564279965
   -1.237597106    1.396263402    2.879928979   10.778023447    1.212342574
   -1.047197551    1.396263402    6.600099912   27.955355250    0.561082144
   -0.856797996    1.396263402   13.278694791   41.068149196    0.072818369
   -0.666398442    1.396263402   21.798563690   46.957860067    0.333085984
   -0.475998887    1.396263402   30.670372111   44.811282269    1.848013315
   -0.285599332    1.396263402   38.445511548   35.766802559    4.849153576
   -0.095199777    1.396263402   44.026553622   22.277332881    9.173157518
    0.095199777    1.396263402   46.879467093    7.751702106   14.274907455
    0.285599332    1.396263402   47.179277968   -3.872479260   19.329592167
    0.475998887    1.396263402   45.837842987   -8.999615304   23.420817756
    0.666398442    1.396263402   44.320242921   -5.639910114   25.759246050
    0.856797996    1.396263402   44.230296134    5.657186353   25.893652230
    1.047197551    1.396263402   46.797990973   21.583844617   23.829317744
    1.237597106    1.396263402   52.443455536   37.096063601   20.011989919
    1.427996661    1.396263402   60.588623272   47.115100031   15.150358263
    1.618396215    1.396263402   69.812886749   48.007029110    9.969064322
    1.808795770    1.396263402   78.221893161   38.581313270    4.993850704
    1.999195325    1.396263402   83.935865367   20.093528811    0.491104988
    2.189594880    1.396263402   85.511924464   -4.192062015   -3.434744384
    2.379994435    1.396263402   82.261215938  -29.806464761   -6.695122616
    2.570393989    1.396263402   74.394688971  -51.860437479   -9.114263402
    2.760793544    1.396263402   63.027443789  -65.985706336  -10.461464730
    2.951193099    1.396263402   49.967789000  -69.340623415  -10.582694361

   -3.141592654    1.745329252   31.184833404  -58.960848433  -16.459648798
   -2.951193099    1.745329252   21.506030424  -42.016979291  -14.904142604
   -2.760793544    1.745329252   15.292844398  -23.570052578  -12.763765877
   -2.570393989    1.745329252   12.261733480   -9.444131780  -10.368140989
   -2.379994435    1.745329252   11.186331470   -3.334181997   -7.895021633
   -2.189594880    1.745329252   10.476052324   -5.267507625   -5.348962979
   -1.999195325    1.745329252    8.898040523  -11.594392534   -2.708774153
   -1.808795770    1.745329252    6.142039421  -16.674531285   -0.093123510
   -1.618396215    1.745329252    2.948442629  -15.577152101    2.205358513
   -1.427996661    1.745329252    0.738084771   -6.353470299    3.859126808
   -1.237597106    1.745329252    0.942200242    9.183033283    4.743754425
   -1.047197551    1.745329252    4.374363710   26.720398987    5.072128896
   -0.856797996    1.745329252   10.955518047   41.482293588    5.355169141
   -0.666398442    1.745329252   19.799913292   50.082459728    6.177802574
   -0.475998887    1.745329252   29.562257437   51.039401051    7.945817953
   -0.285599332    1.745329252   38.786055496   44.594831535   10.703987534
   -0.095199777    1.745329252   46.195561902   32.374637814   14.083483290
    0.095199777    1.745329252   50.946248272   17.255591852   17.396508130
    0.285599332    1.745329252   52.844551634    3.118828245   19.814219094
    0.475998887    1.745329252   52.474426394   -5.965188596   20.618048687
    0.666398442    1.745329252   51.105951022   -7.102846560   19.429292059
    0.856797996    1.745329252   50.340917800    0.198677233   16.356217553
    1.047197551    1.745329252   51.590238346   13.460627170   11.947683172
    1.237597106    1.745329252   55.566576706   27.944576792    6.994101930
    1.427996661    1.745329252   61.984087520   38.290882176    2.230946552
    1.618396215    1.745329252   69.619505833   40.186945388   -1.892351690
    1.808795770    1.745329252   76.639789187   31.767898211   -5.298930593
    1.999195325    1.745329252   81.125721773   13.949292076   -8.179411999
    2.189594880    1.745329252   81.574215476   -9.894142832  -10.773536395
    2.379994435    1.745329252   77.290823182  -34.868016279  -13.174690292
    2.570393989    1.745329252   68.567897453  -55.658727365  -15.235879675
    2.760793544    1.745329252   56.656331336  -67.778067721  -16.643971508
    2.951193099    1.745329252   43.482580654  -68.715436272  -17.089024200

   -3.141592654    2.094395102   24.194339068  -57.434467719  -18.677498962
   -2.951193099    2.094395102   14.951903155  -39.048495161  -17.376151779
   -2.760793544    2.094395102    9.399339710  -19.690657075  -15.404392681
   -2.570393989    2.094395102    7.157124050   -5.097705831  -12.979416612
   -2.379994435    2.094395102    6.938905834    1.308152086  -10.219997555
   -2.189594880    2.094395102    7.139426427   -0.352216944   -7.113546380
   -1.999195325    2.094395102    6.514490599   -6.549645200   -3.637100548
   -1.808795770    2.094395102    4.700198305  -11.923814640    0.086327365
   -1.618396215    2.094395102    2.338998925  -11.680651675    3.737651071
   -1.427996661    2.094395102    0.760974214   -3.627464096    6.915381788
   -1.237597106    2.094395102    1.387428674   10.973556176    9.357161588
   -1.047197551    2.094395102    5.131114935   28.352047443   11.081493793
   -0.856797996    2.094395102   12.084155231   43.892926079   12.366058380
   -0.666398442    2.094395102   21.514632854   53.876770709   13.561992866
   -0.475998887    2.094395102   32.131985760   56.152078167   14.880714610
   -0.285599332    2.094395102   42.397105620   50.231271882   16.263096554
   -0.095199777    2.094395102   50.828115848   37.222679603   17.369452458
    0.095199777    2.094395102   56.309713861   19.849255306   17.686497671
    0.285599332    2.094395102   58.391492794    2.310423933   16.697808984
    0.475998887    2.094395102   57.504908179  -10.570337516   14.104669354
    0.666398442    2.094395102   54.936414731  -14.912823159    9.992909091
    0.856797996    2.094395102   52.486805542   -9.392507943    4.886892178
    1.047197551    2.094395102   51.880883693    3.855208656   -0.411012609
    1.237597106    2.094395102   54.149000687   19.792170379   -5.100198213
    1.427996661    2.094395102   59.215350580   32.292695714   -8.673005824
    1.618396215    2.094395102   65.905864432   36.170769464  -11.056736330
    1.808795770    2.094395102   72.291394784   28.964377516  -12.565324552
    1.999195325    2.094395102   76.285657673   11.461129904  -13.688341509
    2.189594880    2.094395102   76.239207352  -12.650321593  -14.838854578
    2.379994435    2.094395102   71.398421406  -37.907608249  -16.179713673
    2.570393989    2.094395102   62.106805194  -58.465823155  -17.571019814
    2.760793544    2.094395102   49.741874789  -69.593690634  -18.672689248
    2.951193099    2.094395102   36.366773739  -68.941154278  -19.113148926

   -3.141592654    2.443460953   17.840405242  -57.016177388  -12.685926195
   -2.951193099    2.443460953    8.787459124  -37.502967812  -11.294358111
   -2.760793544    2.443460953    3.629029953  -17.121443264   -9.431786953
   -2.570393989    2.443460953    1.967812601   -1.574013757   -7.186608298
   -2.379994435    2.443460953    2.517359096    5.862221063   -4.573594184
   -2.189594880    2.443460953    3.693300049    5.345260474   -1.511628248
   -1.999195325    2.443460953    4.258916840    0.213348260    2.080416369
   -1.808795770    2.443460953    3.802442853   -4.531047240    6.139527207
   -1.618396215    2.443460953    2.853533140   -4.375340875   10.381725182
   -1.427996661    2.443460953    2.602024592    2.903465337   14.365761805
   -1.237597106    2.443460953    4.368068191   16.388508397   17.673746459
   -1.047197551    2.443460953    9.041696134   32.743611421   20.064724516
   -0.856797996    2.443460953   16.758030169   47.565871363   21.505369789
   -0.666398442    2.443460953   26.835069630   56.991929305   22.069604458
   -0.475998887    2.443460953   37.978773223   58.488485059   21.799336693
   -0.285599332    2.443460953   48.568367940   51.170538036   20.629726885
   -0.095199777    2.443460953   56.980325935   35.946023182   18.403368822
    0.095199777    2.443460953   61.949516099   15.649679953   14.959746804
    0.285599332    2.443460953   62.930335326   -5.040346690   10.263554438
    0.475998887    2.443460953   60.379113110  -20.551761924    4.544726317
    0.666398442    2.443460953   55.757416874  -26.213479792   -1.641559749
    0.856797996    2.443460953   51.169456274  -20.236004029   -7.484173360
    1.047197551    2.443460953   48.678684965   -4.859688991  -12.166893197
    1.237597106    2.443460953   49.574475271   14.177207894  -15.160513442
    1.427996661    2.443460953   53.872750190   29.763533311  -16.408809267
    1.618396215    2.443460953   60.311289595   35.867556304  -16.305645991
    1.808795770    2.443460953   66.751307956   29.634109616  -15.491170536
    1.999195325    2.443460953   70.871485696   11.969562217  -14.583334217
    2.189594880    2.443460953   70.848744562  -12.959465549  -13.978448106
    2.379994435    2.443460953   65.861160026  -39.092472721  -13.779797653
    2.570393989    2.443460953   56.291101875  -60.101636106  -13.832775852
    2.760793544    2.443460953   43.621934419  -71.034310701  -13.847153255
    2.951193099    2.443460953   30.038504830  -69.612143864  -13.525956545

   -3.141592654    2.792526803   14.731280604  -55.972388738    1.652874858
   -2.951193099    2.792526803    5.930259708  -35.892606225    3.511513751
   -2.760793544    2.792526803    1.144002497  -14.810230776    5.098719064
   -2.570393989    2.792526803    0.000000000    1.563151652    6.477704686
   -2.379994435    2.792526803    1.239211085    9.991882927    7.902414531
   -2.189594880    2.792526803    3.310569879   10.638234190    9.751772749
   -1.999195325    2.792526803    5.000321550    6.712594035   12.361159584
   -1.808795770    2.792526803    5.879761230    2.930769557   15.816270651
   -1.618396215    2.792526803    6.400517117    3.478545913   19.835804921
   -1.427996661    2.792526803    7.621738704   10.386916416   23.827876402
   -1.237597106    2.792526803   10.717838545   22.767470079   27.104114078
   -1.047197551    2.792526803   16.455240112   37.462567532   29.117211899
   -0.856797996    2.792526803   24.880442188   50.240565560   29.580558951
   -0.666398442    2.792526803   35.246766910   57.303680887   28.449915728
   -0.475998887    2.792526803   46.201199943   56.137400683   25.807183838
   -0.285599332    2.792526803   56.069931057   45.922791952   21.783349396
   -0.095199777    2.792526803   63.201371056   27.765004723   16.541039533
    0.095199777    2.792526803   66.355958412    4.860598744   10.319240529
    0.285599332    2.792526803   65.096232773  -17.603444828    3.501028145
    0.475998887    2.792526803   60.088755554  -33.525504962   -3.337252466
    0.666398442    2.792526803   53.091185912  -37.891738475   -9.460342552
    0.856797996    2.792526803   46.531938525  -29.024835803  -14.128013716
    1.047197551    2.792526803   42.726165734   -9.792116123  -16.837641207
    1.237597106    2.792526803   43.056777771   13.099316773  -17.523323140
    1.427996661    2.792526803   47.449127409   31.635683511  -16.566230931
    1.618396215    2.792526803   54.416303498   39.321011300  -14.617716351
    1.808795770    2.792526803   61.557240204   33.366151686  -12.321393265
    1.999195325    2.792526803   66.340013591   15.107876256  -10.100252929
    2.189594880    2.792526803   66.826211776  -10.761322610   -8.096193026
    2.379994435    2.792526803   62.170063676  -37.766951424   -6.241764785
    2.570393989    2.792526803   52.792180179  -59.349297721   -4.388763567
    2.760793544    2.792526803   40.240525642  -70.489760841   -2.434469370
    2.951193099    2.792526803   26.768352722  -68.948011527   -0.382385951
