#! FIELDS phi psi file.free der_phi der_psi
#! SET min_phi -pi
#! SET max_phi pi
#! SET nbins_phi  33
#! SET periodic_phi true
#! SET min_psi -pi
#! SET max_psi pi
#! SET nbins_psi  18
#! SET periodic_psi true
   -3.141592654   -3.141592654   20.037714810  -54.184686261   14.043214897
   -2.951193099   -3.141592654   11.203528557  -37.661419890   16.537127957
   -2.760793544   -3.141592654    5.926923984  -17.722937526   18.369290100
   -2.570393989   -3.141592654    4.318333985    0.009661759   19.584830212
   -2.379994435   -3.141592654    5.526915946   11.435122114   20.494551628
   -2.189594880   -3.141592654    8.195936363   15.446284954   21.546666716
   -1.999195325   -3.141592654   11.060645713   14.032267754   23.094977288
   -1.808795770   -3.141592654   13.438182549   11.023046999   25.171652109
   -1.618396215   -3.141592654   15.403238666   10.237362937   27.399249702
   -1.427996661   -3.141592654   17.620889943   13.848594534   29.107638391
   -1.237597106   -3.141592654   20.942119464   21.564357521   29.609791243
   -1.047197551   -3.141592654   25.949668124   31.016850724   28.492698191
   -0.856797996   -3.141592654   32.658416080   38.800981664   25.753106540
   -0.666398442   -3.141592654   40.440825092   41.857866941   21.757328728
   -0.475998887   -3.141592654   48.195110009   38.323413313   17.031858122
   -0.285599332   -3.141592654   54.612483701   27.906130197   12.051949994
   -0.095199777   -3.141592654   58.481997290   11.950196675    7.093347990
    0.095199777   -3.141592654   59.006890163   -6.602094212    2.225152110
    0.285599332   -3.141592654   56.094169392  -23.325471400   -2.552985080
    0.475998887   -3.141592654   50.569757525  -33.258320390   -7.114401946
    0.666398442   -3.141592654   44.119951010  -32.624350608  -11.075741042
    0.856797996   -3.141592654   38.878255048  -20.819308229  -13.872154151
    1.047197551   -3.141592654   36.700774508   -1.302965343  -15.008667721
    1.237597106   -3.141592654   38.469467372   19.415454913  -14.345691328
    1.427996661   -3.141592654   43.736398173   34.467738749  -12.194563770
    1.618396215   -3.141592654   50.933277797   39.194878230   -9.186183056
    1.808795770   -3.141592654   57.935356622   32.546574563   -5.970449182
    1.999195325   -3.141592654   62.729909983   16.539921159   -2.958917398
    2.189594880   -3.141592654   63.877913684   -5.041738008   -0.235206995
    2.379994435   -3.141592654   60.730058514  -27.845350485    2.365094791
    2.570393989   -3.141592654   53.473978586  -47.485952119    5.074251984
    2.760793544   -3.141592654   43.104210807  -59.961478104    8.011172621
    2.951193099   -3.141592654   31.286518252  -62.394002600   11.091212229

   -3.141592654   -2.792526803   26.449947797  -48.859496278   20.741395071
   -2.951193099   -2.792526803   18.483373852  -33.947462669   23.471198693
   -2.760793544   -2.792526803   13.749610450  -15.705676121   25.115195222
   -2.570393989   -2.792526803   12.398918902    0.823993199   25.796065865
   -2.379994435   -2.792526803   13.717721653   11.942136596   25.940725584
   -2.189594880   -2.792526803   16.528391079   16.556410306   26.098027132
   -1.999195325   -2.792526803   19.705682433   16.231313712   26.684344040
   -1.808795770   -2.792526803   22.593198122   14.078258106   27.761995607
   -1.618396215   -2.792526803   25.151708707   13.218089241   28.968182368
   -1.427996661   -2.792526803   27.828318000   15.476537789   29.643730184
   -1.237597106   -2.792526803   31.238394100   20.735820864   29.114370957
   -1.047197551   -2.792526803   35.807623938   27.226109238   26.992915445
   -0.856797996   -2.792526803   41.524108530   32.277688830   23.323734431
   -0.666398442   -2.792526803   47.861250039   33.364218996   18.540904472
   -0.475998887   -2.792526803   53.885745116   28.808768411   13.237414834
   -0.285599332   -2.792526803   58.458195301   18.155845607    7.929872848
   -0.095199777   -2.792526803   60.486776531    2.419342028    2.902468597
    0.095199777   -2.792526803   59.234890811  -15.702757217   -1.786839138
    0.285599332   -2.792526803   54.646901097  -31.764702418   -6.153905255
    0.475998887   -2.792526803   47.615886819  -40.518971490  -10.095883743
    0.666398442   -2.792526803   39.958005355  -37.891868086  -13.278524315
    0.856797996   -2.792526803   33.968667802  -23.276647221  -15.227919736
    1.047197551   -2.792526803   31.624177201   -0.587841100  -15.562023086
    1.237597106   -2.792526803   33.806514208   22.937444482  -14.238315096
    1.427996661   -2.792526803   39.935580910   39.813883316  -11.605999310
    1.618396215   -2.792526803   48.232257259   45.230479432   -8.258525499
    1.808795770   -2.792526803   56.380579153   38.465395318   -4.744153256
    1.999195325   -2.792526803   62.267911599   22.106529218   -1.346688849
    2.189594880   -2.792526803   64.459835333    0.421411289    1.956021421
    2.379994435   -2.792526803   62.375946706  -22.071523468    5.373487505
    2.570393989   -2.792526803   56.269393166  -41.183011717    9.094085103
    2.760793544   -2.792526803   47.138657122  -53.324057290   13.106272109
    2.951193099   -2.792526803   36.571807739  -56.027541199   17.138800220

   -3.141592654   -2.443460953   33.749153915  -43.413675177   19.812914142
   -2.951193099   -2.443460953   26.643742055  -30.414760420   22.088124874
   -2.760793544   -2.443460953   22.393296905  -14.122429025   23.345360519
   -2.570393989   -2.443460953   21.197204855    0.991058830   23.720990900
   -2.379994435   -2.443460953   22.481615882   11.569758029   23.567727639
   -2.189594880   -2.443460953   25.239070500   16.485763988   23.296152382
   -1.999195325   -2.443460953   28.469288235   16.874801192   23.190278680
   -1.808795770   -2.443460953   31.532606197   15.182022094   23.262977535
   -1.618396215   -2.443460953   34.279220610   13.908911479   23.225788192
   -1.427996661   -2.443460953   36.956669284   14.609863912   22.600908205
   -1.237597106   -2.443460953   39.976607387   17.410758422   20.939520793
   -1.047197551   -2.443460953   43.652705547   21.204449106   18.052409809
   -0.856797996   -2.443460953   48.002310954   24.105201795   14.104885108
   -0.666398442   -2.443460953   52.659955650   24.102303351    9.558714646
   -0.475998887   -2.443460953   56.908072859   19.588276503    4.954076146
   -0.285599332   -2.443460953   59.793393241    9.749592405    0.699957518
   -0.095199777   -2.443460953   60.321619864   -4.926440002   -3.045958784
    0.095199777   -2.443460953   57.763110291  -22.110951288   -6.347909781
    0.285599332   -2.443460953   52.030978164  -37.377738032   -9.330443315
    0.475998887   -2.443460953   44.015850597  -45.170083092  -11.994361288
    0.666398442   -2.443460953   35.603036745  -41.050384902  -14.109928107
    0.856797996   -2.443460953   29.205506583  -24.297394149  -15.291285116
    1.047197551   -2.443460953   26.900650301    0.869157366  -15.191758670
    1.237597106   -2.443460953   29.580947758   26.633288366  -13.726913470
    1.427996661   -2.443460953   36.569174742   44.993084833  -11.143064077
    1.618396215   -2.443460953   45.921951190   51.006212287   -7.912714233
    1.808795770   -2.443460953   55.175435988   44.236562756   -4.494758393
    1.999195325   -2.443460953   62.148955384   27.761269507   -1.137219732
    2.189594880   -2.443460953   65.427935264    6.247437237    2.163484678
    2.379994435   -2.443460953   64.500357531  -15.707273082    5.565282028
    2.570393989   -2.443460953   59.668190433  -34.185112664    9.191898754
    2.760793544   -2.443460953   51.905793964  -46.052849105   12.982754915
    2.951193099   -2.443460953   42.692013648  -49.240040520   16.657933722

   -3.141592654   -2.094395102   39.601752423  -39.157890782   13.585395475
   -2.951193099   -2.094395102   33.171894358  -27.618253007   14.874609281
   -2.760793544   -2.094395102   29.311947685  -12.794841979   15.497260364
   -2.570393989   -2.094395102   28.251493425    1.157481643   15.593997820
   -2.379994435   -2.094395102   29.492828548   11.027453428   15.360448870
   -2.189594880   -2.094395102   32.111526812   15.618028476   14.944519378
   -1.999195325   -2.094395102   35.158139721   15.807119623   14.384174340
   -1.808795770   -2.094395102   37.984277510   13.695262123   13.594512830
   -1.618396215   -2.094395102   40.369740012   11.508723287   12.404765696
   -1.427996661   -2.094395102   42.459371991   10.761084162   10.634428106
   -1.237597106   -2.094395102   44.583697256   11.855581716    8.188880098
   -1.047197551   -2.094395102   47.054295523   14.190855975    5.148175793
   -0.856797996   -2.094395102   49.985186739   16.385464341    1.772748651
   -0.666398442   -2.094395102   53.182283147   16.646912736   -1.566006600
   -0.475998887   -2.094395102   56.102220739   13.197575186   -4.540513958
   -0.285599332   -2.094395102   57.901371417    4.746635340   -6.993011507
   -0.095199777   -2.094395102   57.595909290   -8.743478505   -8.978473407
    0.095199777   -2.094395102   54.384907801  -25.228440462  -10.701997059
    0.285599332   -2.094395102   48.090991685  -40.198887128  -12.361615749
    0.475998887   -2.094395102   39.561640545  -47.701560420  -13.994668717
    0.666398442   -2.094395102   30.726341247  -42.846653772  -15.396192163
    0.856797996   -2.094395102   24.109777601  -24.682951806  -16.184149456
    1.047197551   -2.094395102   21.908960862    2.400345898  -15.972694477
    1.237597106   -2.094395102   25.069235546   30.106552956  -14.584338998
    1.427996661   -2.094395102   32.867883971   49.915378535  -12.148824770
    1.618396215   -2.094395102   43.238083919   56.638995777   -9.048109259
    1.808795770   -2.094395102   53.581146235   49.969048904   -5.722744715
    1.999195325   -2.094395102   61.633214825   33.341002731   -2.476519626
    2.189594880   -2.094395102   65.966627288   11.774870134    0.589400011
    2.379994435   -2.094395102   66.104924786  -10.012216668    3.527919698
    2.570393989   -2.094395102   62.380602797  -28.261501093    6.399721404
    2.760793544   -2.094395102   55.750963253  -40.150828306    9.158227606
    2.951193099   -2.094395102   47.619402758  -43.877130498   11.627565725

   -3.141592654   -1.745329252   42.640395057  -37.305487341    7.223445390
   -2.951193099   -1.745329252   36.483734105  -26.603017596    7.586695992
   -2.760793544   -1.745329252   32.745773389  -12.508330817    7.492164665
   -2.570393989   -1.745329252   31.683623588    0.874646411    7.041421787
   -2.379994435   -1.745329252   32.823663400   10.245592273    6.300280211
   -2.189594880   -1.745329252   35.240140091   14.246570252    5.248427964
   -1.999195325   -1.745329252   37.951650493   13.613057177    3.807994155
   -1.808795770   -1.745329252   40.259877432   10.410588608    1.918321488
   -1.618396215   -1.745329252   41.902184812    6.981488941   -0.395108704
   -1.427996661   -1.745329252   43.017599410    5.101106024   -2.995902155
   -1.237597106   -1.745329252   43.988985634    5.515235485   -5.662367428
   -1.047197551   -1.745329252   45.245183375    7.920843380   -8.129946679
   -0.856797996   -1.745329252   47.056477349   11.037597688  -10.157303035
   -0.666398442   -1.745329252   49.377359387   12.869312169  -11.581668671
   -0.475998887   -1.745329252   51.746494916   11.175882348  -12.382686051
   -0.285599332   -1.745329252   53.303168758    4.125969175  -12.702978466
   -0.095199777   -1.745329252   52.955785983   -8.700925425  -12.807898319
    0.095199777   -1.745329252   49.752072469  -25.307196093  -13.000990193
    0.285599332   -1.745329252   43.388887178  -40.886490202  -13.491450495
    0.475998887   -1.745329252   34.668672533  -48.959351588  -14.287374920
    0.666398442   -1.745329252   25.580702926  -44.115298144  -15.153607734
    0.856797996   -1.745329252   18.788016717  -25.120371086  -15.683601545
    1.047197551   -1.745329252   16.643940483    3.523242466  -15.459018363
    1.237597106   -1.745329252   20.192744747   33.059597507  -14.245783926
    1.427996661   -1.745329252   28.708900787   54.399435561  -12.101098548
    1.618396215   -1.745329252   40.027123865   61.971908043   -9.341491522
    1.808795770   -1.745329252   51.408694637   55.434767848   -6.380467256
    1.999195325   -1.745329252   60.474115093   38.458438506   -3.543881463
    2.189594880   -1.745329252   65.735085258   16.393751423   -0.990151393
    2.379994435   -1.745329252   66.708913699   -5.844561183    1.272593340
    2.570393989   -1.745329252   63.740401999  -24.493538657    3.274566196
    2.760793544   -1.745329252   57.786254562  -36.850057489    4.996015275
    2.951193099   -1.745329252   50.225320327  -41.216235475    6.345393677

   -3.141592654   -1.396263402   42.519175509  -38.061622160    3.682597826
   -2.951193099   -1.396263402   36.193998473  -27.587603404    3.261581066
   -2.760793544   -1.396263402   32.261526815  -13.558548952    2.460797247
   -2.570393989   -1.396263402   30.992337888   -0.279046255    1.414185179
   -2.379994435   -1.396263402   31.881059883    8.691834475    0.155742975
   -2.189594880   -1.396263402   33.929131500   11.856717884   -1.427763740
   -1.999195325   -1.396263402   36.076727235   10.044951299   -3.515046768
   -1.808795770   -1.396263402   37.589485384    5.660201771   -6.192112421
   -1.618396215   -1.396263402   38.246651703    1.495353535   -9.323857225
   -1.427996661   -1.396263402   38.310354597   -0.305552243  -12.538814996
   -1.237597106   -1.396263402   38.334327415    1.122645744  -15.344362059
   -1.047197551   -1.396263402   38.913629155    5.302299204  -17.292513691
   -0.856797996   -1.396263402   40.426596388   10.542076950  -18.132568541
   -0.666398442   -1.396263402   42.847080128   14.344562063  -17.872328248
   -0.475998887   -1.396263402   45.640502332   14.023795099  -16.765596482
   -0.285599332   -1.396263402   47.802860227    7.485966796  -15.229226727
   -0.095199777   -1.396263402   48.071462420   -5.733471349  -13.713533009
    0.095199777   -1.396263402   45.337015100  -23.436066975  -12.589262035
    0.285599332   -1.396263402   39.197200499  -40.421773232  -12.037607004
    0.475998887   -1.396263402   30.443071059  -49.703588702  -12.003610842
    0.666398442   -1.396263402   21.149427912  -45.392675053  -12.216156516
    0.856797996   -1.396263402   14.137857281  -25.990300041  -12.289991547
    1.047197551   -1.396263402   11.937366217    3.903257364  -11.871308109
    1.237597106   -1.396263402   15.714415704   35.085438310  -10.780558125
    1.427996661   -1.396263402   24.762828388   57.878265227   -9.071339900
    1.618396215   -1.396263402   36.834203425   66.264924619   -6.982773540
    1.808795770   -1.396263402   49.050063802   59.780162409   -4.807373865
    1.999195325   -1.396263402   58.898333533   42.251833617   -2.759802884
    2.189594880   -1.396263402   64.802738064   19.329357782   -0.938101784
    2.379994435   -1.396263402   66.247319232   -3.835749593    0.648164243
    2.570393989   -1.396263402   63.577100539  -23.356500787    1.986422529
    2.760793544   -1.396263402   57.763648534  -36.491958879    3.009658057
    2.951193099   -1.396263402   50.206252025  -41.506617177    3.602049565

   -3.141592654   -1.047197551   40.885026727  -40.864387295    3.170175113
   -2.951193099   -1.047197551   34.005647342  -30.526127907    2.231569448
   -2.760793544   -1.047197551   29.537282909  -16.197314234    0.772379500
   -2.570393989   -1.047197551   27.808363415   -2.483448175   -1.060376387
   -2.379994435   -1.047197551   28.297427340    6.613598459   -3.192311628
   -2.189594880   -1.047197551   29.915499061    9.312991725   -5.682662585
   -1.999195325   -1.047197551   31.492386505    6.543711205   -8.639730033
   -1.808795770   -1.047197551   32.241907219    1.197269130  -12.047863776
   -1.618396215   -1.047197551   32.002497307   -3.308318632  -15.629693253
   -1.427996661   -1.047197551   31.200720823   -4.405758831  -18.854492853
   -1.237597106   -1.047197551   30.595492728   -1.235947550  -21.114357041
   -1.047197551   -1.047197551   30.945339597    5.303053907  -21.962993279
   -0.856797996   -1.047197551   32.686271255   12.881493255  -21.295593508
   -0.666398442   -1.047197551   35.729609274   18.405380674  -19.379120470
   -0.475998887   -1.047197551   39.384481672   18.822736724  -16.739862659
   -0.285599332   -1.047197551   42.447989514   11.986099192  -13.977188256
   -0.095199777   -1.047197551   43.476067053   -2.370554395  -11.564308900
    0.095199777   -1.047197551   41.235347746  -21.649059474   -9.733773808
    0.285599332   -1.047197551   35.285692899  -40.163742509   -8.449269883
    0.475998887   -1.047197551   26.472247670  -50.471498701   -7.485504700
    0.666398442   -1.047197551   16.998287829  -46.377636996   -6.567591547
    0.856797996   -1.047197551    9.848525219  -26.339741855   -5.510464885
    1.047197551   -1.047197551    7.694313826    4.790514160   -4.289023536
    1.237597106   -1.047197551   11.773932901   37.348453457   -3.017121429
    1.427996661   -1.047197551   21.360794889   61.175436670   -1.856434507
    1.618396215   -1.047197551   34.110538362   69.970899295   -0.914072967
    1.808795770   -1.047197551   47.019435439   63.255054825   -0.182950131
    1.999195325   -1.047197551   57.468829083   45.028623342    0.443707912
    2.189594880   -1.047197551   63.815378577   21.172357266    1.093871620
    2.379994435   -1.047197551   65.514377507   -3.016212892    1.835317578
    2.570393989   -1.047197551   62.900446404  -23.586767626    2.609934648
    2.760793544   -1.047197551   56.943521665  -37.763147586    3.240925163
    2.951193099   -1.047197551   49.052981717  -43.695150087    3.488618186

   -3.141592654   -0.698131701   40.754795403  -43.342263615    1.559877253
   -2.951193099   -0.698131701   33.315672826  -33.868760759   -0.040152474
   -2.760793544   -0.698131701   28.156922282  -20.040911248   -2.166609813
   -2.570393989   -0.698131701   25.673143825   -6.537341955   -4.639694277
   -2.379994435   -0.698131701   25.373467582    2.358221770   -7.352099321
   -2.189594880   -0.698131701   26.145066763    4.631797740  -10.325667485
   -1.999195325   -0.698131701   26.774696026    1.274116459  -13.605253503
   -1.808795770   -0.698131701   26.480991063   -4.399502877  -17.068989242
   -1.618396215   -0.698131701   25.205779077   -8.413795918  -20.304760054
   -1.427996661   -0.698131701   23.569292083   -7.874169129  -22.673530704
   -1.237597106   -0.698131701   22.540826211   -2.090877556  -23.561126949
   -1.047197551   -0.698131701   23.010297625    7.405606700  -22.669234050
   -0.856797996   -0.698131701   25.401506017   17.468216581  -20.174660629
   -0.666398442   -0.698131701   29.470018527   24.370598680  -16.673565111
   -0.475998887   -0.698131701   34.286784435   24.842562694  -12.939165119
   -0.285599332   -0.698131701   38.413236603   16.989053937   -9.636207024
   -0.095199777   -0.698131701   40.251306913    1.099906210   -7.090468100
    0.095199777   -0.698131701   38.531042377  -19.586694591   -5.228160606
    0.285599332   -0.698131701   32.885355530  -38.911219789   -3.681433380
    0.475998887   -0.698131701   24.293157686  -49.288086219   -2.024239569
    0.666398442   -0.698131701   15.084215707  -44.730310683   -0.029788408
    0.856797996   -0.698131701    8.306261249  -24.116523594    2.185401279
    1.047197551   -0.698131701    6.610585264    7.296417542    4.218263281
    1.237597106   -0.698131701   11.157110781   39.656553273    5.606346795
    1.427996661   -0.698131701   21.132711372   62.899355769    6.081244787
    1.618396215   -0.698131701   34.145034838   71.010370699    5.703606413
    1.808795770   -0.698131701   47.199376665   63.789183872    4.816528241
    1.999195325   -0.698131701   57.726330035   45.357558823    3.861115859
    2.189594880   -0.698131701   64.135084645   21.518744740    3.180501268
    2.379994435   -0.698131701   65.903844929   -2.653574121    2.897119806
    2.570393989   -0.698131701   63.342954401  -23.447838549    2.890818901
    2.760793544   -0.698131701   57.360996079  -38.235723057    2.875234768
    2.951193099   -0.698131701   49.294076104  -45.112885470    2.511379191

   -3.141592654   -0.349065850   40.864497726  -46.309864092    0.646430266
   -2.951193099   -0.349065850   32.756662360  -37.860005134   -1.278584705
   -2.760793544   -0.349065850   26.769838491  -24.669245745   -3.701553568
   -2.570393989   -0.349065850   23.374272290  -11.437071332   -6.442870033
   -2.379994435   -0.349065850   22.127525396   -2.691924885   -9.370827534
   -2.189594880   -0.349065850   21.918298999   -0.634002412  -12.444095667
   -1.999195325   -0.349065850   21.526408289   -4.149723685  -15.606410903
   -1.808795770   -0.349065850   20.221400178   -9.465626256  -18.619170216
   -1.618396215   -0.349065850   18.093244145  -12.107580630  -20.982340842
   -1.427996661   -0.349065850   15.977324940   -9.042255871  -22.054688543
   -1.237597106   -0.349065850   15.029246423   -0.027551721  -21.346996071
   -1.047197551   -0.349065850   16.192527376   12.518684385  -18.811557374
   -0.856797996   -0.349065850   19.766020716   24.529579836  -14.930171513
   -0.666398442   -0.349065850   25.238695635   31.782886699  -10.552904490
   -0.475998887   -0.349065850   31.379297835   31.125647757   -6.546179587
   -0.285599332   -0.349065850   36.523943985   21.334966874   -3.459710173
   -0.095199777   -0.349065850   39.006041446    3.606538713   -1.329969764
    0.095199777   -0.349065850   37.652920161  -18.051051103    0.281074652
    0.285599332   -0.349065850   32.301621796  -37.166728110    2.031130925
    0.475998887   -0.349065850   24.137154956  -46.452988751    4.429529211
    0.666398442   -0.349065850   15.588995308  -40.694272416    7.515816685
    0.856797996   -0.349065850    9.642289794  -19.618192775   10.775470166
    1.047197551   -0.349065850    8.753306573   11.051258018   13.366370717
    1.237597106   -0.349065850   13.858086225   41.630835422   14.545281727
    1.427996661   -0.349065850   24.005543512   62.737708726   14.037581112
    1.618396215   -0.349065850   36.813477030   69.156100152   12.149107418
    1.808795770   -0.349065850   49.425826940   61.173314080    9.580193691
    1.999195325   -0.349065850   59.458777376   42.921492844    7.078050882
    2.189594880   -0.349065850   65.469101599   19.820637585    5.153277587
    2.379994435   -0.349065850   66.990937421   -3.589812525    3.947093799
    2.570393989   -0.349065850   64.292995880  -24.047737394    3.270001364
    2.760793544   -0.349065850   58.177703178  -39.153638712    2.744559639
    2.951193099   -0.349065850   49.858145315  -46.922261911    1.962552149

   -3.141592654    0.000000000   41.320226488  -48.891803749   -0.453956654
   -2.951193099    0.000000000   32.613453392  -41.533830465   -2.219809251
   -2.760793544    0.000000000   25.836914773  -29.236297396   -4.331851099
   -2.570393989    0.000000000   21.508753327  -16.615436395   -6.678374122
   -2.379994435    0.000000000   19.236632328   -8.248424005   -9.175088290
   -2.189594880    0.000000000   17.952210509   -6.318069148  -11.768170629
   -1.999195325    0.000000000   16.501056628   -9.481109614  -14.330205590
   -1.808795770    0.000000000   14.280482149  -13.576318957  -16.537036029
   -1.618396215    0.000000000   11.573964673  -13.884469956  -17.858177209
   -1.427996661    0.000000000    9.417695652   -7.587218527  -17.733006341
   -1.237597106    0.000000000    9.074048360    4.804137307  -15.866709219
   -1.047197551    0.000000000   11.417875921   19.866156618  -12.460527843
   -0.856797996    0.000000000   16.504048064   32.762024630   -8.194386428
   -0.666398442    0.000000000   23.485968150   39.137252587   -3.973921171
   -0.475998887    0.000000000   30.840170534   36.389170506   -0.540014049
   -0.285599332    0.000000000   36.763326134   24.301607046    1.825888829
   -0.095199777    0.000000000   39.650231460    5.097499241    3.398903963
    0.095199777    0.000000000   38.553807757  -16.588710611    4.862689794
    0.285599332    0.000000000   33.592998923  -34.344730359    6.960910262
    0.475998887    0.000000000   26.152771293  -41.668874166   10.090701011
    0.666398442    0.000000000   18.666663041  -34.534113318   14.012367096
    0.856797996    0.000000000   13.904528081  -13.665778621   17.867093072
    1.047197551    0.000000000   13.981121679   14.953272987   20.541043791
    1.237597106    0.000000000   19.530418004   42.284752792   21.197120047
    1.427996661    0.000000000   29.482245677   60.130537242   19.666179032
    1.618396215    0.000000000   41.561809272   64.362590154   16.488510958
    1.808795770    0.000000000   53.176170782   55.747345108   12.611788195
    1.999195325    0.000000000   62.226923724   38.215426118    8.950177094
    2.189594880    0.000000000   67.471120183   16.535804704    6.078285472
    2.379994435    0.000000000   68.506510093   -5.471396738    4.125364359
    2.570393989    0.000000000   65.543185664  -25.071162484    2.870849171
    2.760793544    0.000000000   59.253898970  -40.096440587    1.926429433
    2.951193099    0.000000000   50.705549324  -48.477673301    0.903286037

   -3.141592654    0.349065850   42.181885962  -50.612399075   -0.765629568
   -2.951193099    0.349065850   33.062380409  -44.127583076   -1.837056330
   -2.760793544    0.349065850   25.714771091  -32.601141049   -3.055687154
   -2.570393989    0.349065850   20.688131138  -20.544811331   -4.430520724
   -2.379994435    0.349065850   17.631549985  -12.518712652   -5.974132394
   -2.189594880    0.349065850   15.523208093  -10.641089741   -7.665882373
   -1.999195325    0.349065850   13.281068873  -13.359048565   -9.369441984
   -1.808795770    0.349065850   10.424721840  -16.227976377  -10.769027446
   -1.618396215    0.349065850    7.401048159  -14.426649315  -11.413951632
   -1.427996661    0.349065850    5.392418485   -5.449683626  -10.897267057
   -1.237597106    0.349065850    5.706367564    9.473087175   -9.087411904
   -1.047197551    0.349065850    9.108865701   26.101666644   -6.262841533
   -0.856797996    0.349065850   15.418542965   39.126305145   -3.021741024
   -0.666398442    0.349065850   23.517696712   44.336904480   -0.026774466
   -0.475998887    0.349065850   31.695807927   39.819626932    2.308956142
   -0.285599332    0.349065850   38.122888980   26.291641345    4.001727533
   -0.095199777    0.349065850   41.335627408    6.756480260    5.484316032
    0.095199777    0.349065850   40.634816499  -13.872826409    7.409739096
    0.285599332    0.349065850   36.376540410  -29.588248402   10.318728685
    0.475998887    0.349065850   30.044017400  -34.904792062   14.301814248
    0.666398442    0.349065850   23.947185418  -27.017229276   18.812341571
    0.856797996    0.349065850   20.528566505   -7.446827470   22.783744589
    1.047197551    0.349065850   21.505867567   17.929081711   25.060166481
    1.237597106    0.349065850   27.228713689   41.093499096   24.923769283
    1.427996661    0.349065850   36.584846827   55.258184059   22.418340692
    1.618396215    0.349065850   47.505062787   57.380070306   18.293258840
    1.808795770    0.349065850   57.739584561   48.534727270   13.622956359
    1.999195325    0.349065850   65.516946756   32.240325143    9.348774823
    2.189594880    0.349065850   69.800457986   12.462918214    6.007620270
    2.379994435    0.349065850   70.238286076   -7.745625448    3.685131936
    2.570393989    0.349065850   66.967030429  -26.156206100    2.159118098
    2.760793544    0.349065850   60.521767508  -40.785524529    1.094131554
    2.951193099    0.349065850   51.822804513  -49.465834146    0.184848305

   -3.141592654    0.698131701   42.721636886  -51.114875122   -1.575330673
   -2.951193099    0.698131701   33.483931533  -44.884572706   -1.708053703
   -2.760793544    0.698131701   25.951381013  -33.801266701   -1.747564945
   -2.570393989    0.698131701   20.644506151  -22.290989791   -1.864139760
   -2.379994435    0.698131701   17.205163271  -14.769159498   -2.201466307
   -2.189594880    0.698131701   14.637392027  -13.157000316   -2.804904635
   -1.999195325    0.698131701   11.925802019  -15.680723866   -3.578768225
   -1.808795770    0.698131701    8.694170974  -17.742346485   -4.293080290
   -1.618396215    0.698131701    5.505574192  -14.568575726   -4.657154230
   -1.427996661    0.698131701    3.623919099   -3.972306374   -4.442530158
   -1.237597106    0.698131701    4.358040742   12.318294361   -3.594714662
   -1.047197551    0.698131701    8.379749358   29.621054296   -2.269768037
   -0.856797996    0.698131701   15.358347725   42.501298770   -0.736799378
   -0.666398442    0.698131701   24.040741666   47.039929803    0.772406846
   -0.475998887    0.698131701   32.667085990   41.888895089    2.219582973
   -0.285599332    0.698131701   39.473649605   28.351716326    3.803510945
   -0.095199777    0.698131701   43.155408028    9.795805096    5.886139801
    0.095199777    0.698131701   43.201396573   -8.950962660    8.833117328
    0.285599332    0.698131701   40.089939061  -22.489917394   12.786397893
    0.475998887    0.698131701   35.268406403  -26.346055331   17.459870996
    0.666398442    0.698131701   30.810127945  -18.727173933   22.079003046
    0.856797996    0.698131701   28.770974134   -1.609285244   25.567518626
    1.047197551    0.698131701   30.480490477   19.582224985   26.959483722
    1.237597106    0.698131701   36.069413348   38.077788530   25.827473822
    1.427996661    0.698131701   44.473107287   48.532040344   22.472418530
    1.618396215    0.698131701   53.905231403   48.829278083   17.773566724
    1.808795770    0.698131701   62.497237259   40.124996147   12.784885231
    1.999195325    0.698131701   68.802044283   25.342984894    8.335182174
    2.189594880    0.698131701   71.963582777    7.596377680    4.839758240
    2.379994435    0.698131701   71.658969213  -10.744799194    2.327579998
    2.570393989    0.698131701   67.954617912  -27.800422322    0.616581048
    2.760793544    0.698131701   61.280248097  -41.636226948   -0.508536922
    2.951193099    0.698131701   52.457427979  -49.978570952   -1.205080568

   -3.141592654    1.047197551   41.377633425  -51.272465861   -6.374646045
   -2.951193099    1.047197551   32.192757692  -44.209022901   -6.079614753
   -2.760793544    1.047197551   24.836694776  -32.697167627   -5.272531947
   -2.570393989    1.047197551   19.739883001  -21.266364852   -4.257352965
   -2.379994435    1.047197551   16.455423558  -14.208770521   -3.326340938
   -2.189594880    1.047197551   13.938648196  -13.173718094   -2.645194204
   -1.999195325    1.047197551   11.181008000  -16.099008124   -2.230829401
   -1.808795770    1.047197551    7.858646991  -18.214999279   -2.001556273
   -1.618396215    1.047197551    4.602658728  -14.759160799   -1.853897342
   -1.427996661    1.047197551    2.726961279   -3.710717600   -1.714361059
   -1.237597106    1.047197551    3.553055253   12.994028912   -1.540603738
   -1.047197551    1.047197551    7.731094694   30.558397514   -1.296235367
   -0.856797996    1.047197551   14.905785733   43.613575994   -0.898324488
   -0.666398442    1.047197551   23.826194026   48.469543489   -0.200391523
   -0.475998887    1.047197551   32.783704177   44.023708557    1.009676775
   -0.285599332    1.047197551   40.104818021   31.709257783    2.960645345
   -0.095199777    1.047197551   44.580042482   14.827431443    5.815398824
    0.095199777    1.047197551   45.756414043   -2.130159891    9.586244384
    0.285599332    1.047197551   44.081455886  -14.358115145   14.031863767
    0.475998887    1.047197551   40.844521879  -18.086446254   18.595727792
    0.666398442    1.047197551   37.839031329  -12.033300275   22.456631851
    0.856797996    1.047197551   36.790722688    1.867827729   24.742778621
    1.047197551    1.047197551   38.773123333   18.910273343   24.853690775
    1.237597106    1.047197551   43.847111281   33.473363786   22.728657734
    1.427996661    1.047197551   51.093849088   41.253170483   18.879254625
    1.618396215    1.047197551   59.020043431   40.572435515   14.171765667
    1.808795770    1.047197551   66.066711280   32.340052526    9.458607253
    1.999195325    1.047197551   71.003159871   18.828684001    5.293335117
    2.189594880    1.047197551   73.060013494    2.489473390    1.860649793
    2.379994435    1.047197551   71.900125849  -14.668264847   -0.909318788
    2.570393989    1.047197551   67.540413350  -30.786939307   -3.138612292
    2.760793544    1.047197551   60.379379465  -43.753871775   -4.854221684
    2.951193099    1.047197551   51.241653967  -51.144998208   -5.966558733

   -3.141592654    1.396263402   36.865674108  -52.558371183  -11.017195437
   -2.951193099    1.396263402   27.633993781  -43.420272239  -10.535682881
   -2.760793544    1.396263402   20.601869078  -30.175665977   -9.249360668
   -2.570393989    1.396263402   16.094327347  -17.733452333   -7.543572662
   -2.379994435    1.396263402   13.515611041  -10.448105642   -5.778002408
   -2.189594880    1.396263402   11.686112101   -9.796278164   -4.151190133
   -1.999195325    1.396263402    9.504027401  -13.474805038   -2.717819642
   -1.808795770    1.396263402    6.593863176  -16.530024695   -1.492657269
   -1.618396215    1.396263402    3.564059910  -14.070416079   -0.530824922
   -1.427996661    1.396263402    1.730427701   -3.929971410    0.088352395
   -1.237597106    1.396263402    2.451185348   12.168235973    0.355614524
   -1.047197551    1.396263402    6.456270968   29.669367133    0.400272750
   -0.856797996    1.396263402   13.512715122   43.371897872    0.496374539
   -0.666398442    1.396263402   22.507569754   49.595645782    0.977853183
   -0.475998887    1.396263402   31.853395133   47.037639499    2.144090312
   -0.285599332    1.396263402   39.944264397   36.769459006    4.174440533
   -0.095199777    1.396263402   45.559483574   21.654240292    7.063761024
    0.095199777    1.396263402   48.148216108    5.717490545   10.599751032
    0.285599332    1.396263402   47.975194882   -6.647866424   14.345907414
    0.475998887    1.396263402   46.083490143  -11.902986351   17.679556791
    0.666398442    1.396263402   44.006108980   -8.647591577   19.912889732
    0.856797996    1.396263402   43.272522080    1.736026860   20.505355846
    1.047197551    1.396263402   44.898145329   15.399535584   19.267472822
    1.237597106    1.396263402   49.053961367   27.546569553   16.460291431
    1.427996661    1.396263402   55.051727202   34.293506190   12.686110817
    1.618396215    1.396263402   61.654189719   33.785910702    8.643381155
    1.808795770    1.396263402   67.480186008   26.346098823    4.847364296
    1.999195325    1.396263402   71.353023401   13.602127169    1.495258173
    2.189594880    1.396263402   72.456529917   -2.372474908   -1.477618268
    2.379994435    1.396263402   70.373993463  -19.531553767   -4.222096668
    2.570393989    1.396263402   65.084351278  -35.646942613   -6.773769448
    2.760793544    1.396263402   57.031926509  -48.137407128   -8.963314418
    2.951193099    1.396263402   47.162859960  -54.307696616  -10.470388497

   -3.141592654    1.745329252   31.244810410  -53.416726159  -16.228431978
   -2.951193099    1.745329252   22.067765350  -42.038367761  -16.253645806
   -2.760793544    1.745329252   15.469642058  -27.127002721  -15.023966569
   -2.570393989    1.745329252   11.635247777  -13.850788197  -12.822965058
   -2.379994435    1.745329252    9.817207822   -6.434040292  -10.014647760
   -2.189594880    1.745329252    8.729022655   -6.072922364   -6.898937324
   -1.999195325    1.745329252    7.208784102  -10.281223597   -3.706411239
   -1.808795770    1.745329252    4.839055604  -14.087329819   -0.673699875
   -1.618396215    1.745329252    2.185632437  -12.591793179    1.913527103
   -1.427996661    1.745329252    0.536181895   -3.458141050    3.785741914
   -1.237597106    1.745329252    1.272747958   11.936849355    4.831865782
   -1.047197551    1.745329252    5.217876416   29.391818735    5.186568668
   -0.856797996    1.745329252   12.282392716   43.852493558    5.206149610
   -0.666398442    1.745329252   21.497164810   51.503832137    5.323239389
   -0.475998887    1.745329252   31.369942116   50.680947998    5.894183332
   -0.285599332    1.745329252   40.310957321   41.988799648    7.087599474
   -0.095199777    1.745329252   47.026144048   27.851960835    8.831006226
    0.095199777    1.745329252   50.814557512   11.937576249   10.824649503
    0.285599332    1.745329252   51.737428505   -1.550094432   12.588605237
    0.475998887    1.745329252   50.623462489   -8.985560051   13.588113883
    0.666398442    1.745329252   48.838516307   -8.542311928   13.408562175
    0.856797996    1.745329252   47.854109800   -0.932306735   11.940995816
    1.047197551    1.745329252   48.760484874   10.682944706    9.438148468
    1.237597106    1.745329252   51.911678094   21.899701730    6.427169279
    1.427996661    1.745329252   56.832314062   28.769320608    3.473840730
    1.618396215    1.745329252   62.444380432   28.947038572    0.952903898
    1.808795770    1.745329252   67.414829261   22.142906616   -1.090040023
    1.999195325    1.745329252   70.511216590    9.554068884   -2.898552637
    2.189594880    1.745329252   70.814264694   -6.801481548   -4.830093520
    2.379994435    1.745329252   67.831513541  -24.543242084   -7.148030695
    2.570393989    1.745329252   61.554935197  -40.894041101   -9.847032223
    2.760793544    1.745329252   52.543709023  -52.784584733  -12.613130109
    2.951193099    1.745329252   41.924187590  -57.389486423  -14.913800043

   -3.141592654    2.094395102   24.839351406  -55.306734386  -16.534450868
   -2.951193099    2.094395102   15.543140950  -41.394244661  -16.687148317
   -2.760793544    2.094395102    9.296443950  -24.159167909  -15.524444756
   -2.570393989    2.094395102    6.203203406   -9.150354279  -13.234535386
   -2.379994435    2.094395102    5.392761332   -0.655085127  -10.111162177
   -2.189594880    2.094395102    5.461428816    0.210167665   -6.421734067
   -1.999195325    2.094395102    5.143196098   -4.032024371   -2.404585693
   -1.808795770    2.094395102    3.913634235   -8.464283511    1.651701965
   -1.618396215    2.094395102    2.224560818   -8.173639727    5.360632531
   -1.427996661    2.094395102    1.271758031   -0.582818135    8.306418484
   -1.237597106    2.094395102    2.414321938   13.380325176   10.207996300
   -1.047197551    2.094395102    6.540384008   29.960051769   11.044781006
   -0.856797996    2.094395102   13.690055966   44.288587427   11.064251982
   -0.666398442    2.094395102   23.026073716   52.406938426   10.658744135
   -0.475998887    2.094395102   33.136961366   52.279022041   10.203915662
   -0.285599332    2.094395102   42.435816463   44.077545938    9.927629535
   -0.095199777    2.094395102   49.553748161   29.875426861    9.836154795
    0.095199777    2.094395102   53.661051258   13.126254691    9.716465511
    0.285599332    2.094395102   54.670361632   -1.937849260    9.206952663
    0.475998887    2.094395102   53.296058018  -11.360687041    7.963792173
    0.666398442    2.094395102   50.878099051  -12.720669522    5.851142406
    0.856797996    2.094395102   48.984521526   -6.122647854    3.080725068
    1.047197551    2.094395102   48.894903345    5.609101469    0.153011907
    1.237597106    2.094395102   51.173119459   17.928707774   -2.348105933
    1.427996661    2.094395102   55.482408706   26.333471483   -4.032889693
    1.618396215    2.094395102   60.759260311   27.764451081   -4.873557902
    1.808795770    2.094395102   65.561196897   21.394175701   -5.202932580
    1.999195325    2.094395102   68.477051326    8.255358441   -5.544926073
    2.189594880    2.094395102   68.417181188   -9.399037230   -6.384448460
    2.379994435    2.094395102   64.794114054  -28.644758245   -7.982302569
    2.570393989    2.094395102   57.624395529  -46.042581550  -10.265153611
    2.760793544    2.094395102   47.609197461  -57.973851009  -12.844834996
    2.951193099    2.094395102   36.093616967  -61.415833613  -15.127764840

   -3.141592654    2.443460953   19.447822484  -57.404129158  -10.416857341
   -2.951193099    2.443460953    9.943839617  -41.441595450  -10.056757159
   -2.760793544    2.443460953    3.893920116  -22.067424941   -8.687870713
   -2.570393989    2.443460953    1.387173217   -5.137544912   -6.395302633
   -2.379994435    2.443460953    1.498260511    4.952782686   -3.339918912
   -2.189594880    2.443460953    2.758221060    7.049865723    0.322154591
   -1.999195325    2.443460953    3.823472047    3.564142763    4.419144931
   -1.808795770    2.443460953    4.058990909   -0.806826569    8.678953253
   -1.618396215    2.443460953    3.766045218   -1.315444711   12.678948576
   -1.427996661    2.443460953    3.978993632    4.697311186   15.911449878
   -1.237597106    2.443460953    5.940791842   16.677601388   17.954719129
   -1.047197551    2.443460953   10.510333434   31.371259740   18.633037296
   -0.856797996    2.443460953   17.785613648   44.287228871   18.064684287
   -0.666398442    2.443460953   27.033661451   51.567669493   16.577426563
   -0.475998887    2.443460953   36.941047689   51.023007265   14.550768847
   -0.285599332    2.443460953   45.973429604   42.521024117   12.271238768
   -0.095199777    2.443460953   52.752084853   27.808654784    9.841891066
    0.095199777    2.443460953   56.384034698   10.116749707    7.178555869
    0.285599332    2.443460953   56.697882324   -6.280973573    4.106402584
    0.475998887    2.443460953   54.364055130  -17.054045017    0.546439928
    0.666398442    2.443460953   50.774807577  -19.166192251   -3.311517118
    0.856797996    2.443460953   47.667554636  -12.203358768   -6.954732223
    1.047197551    2.443460953   46.553101448    1.114082011   -9.726209209
    1.237597106    2.443460953   48.192133505   15.777855090  -11.120608295
    1.427996661    2.443460953   52.316723003   26.469495279  -11.040126333
    1.618396215    2.443460953   57.775069312   29.353753553   -9.848224840
    1.808795770    2.443460953   62.920659408   23.206370656   -8.208353174
    1.999195325    2.443460953   66.108110818    9.138756346   -6.811368443
    2.189594880    2.443460953   66.066383948  -10.161564037   -6.142739026
    2.379994435    2.443460953   62.126726005  -31.171670187   -6.371900852
    2.570393989    2.443460953   54.340395908  -49.873179643   -7.345442626
    2.760793544    2.443460953   43.539091107  -62.222263291   -8.675323625
    2.951193099    2.443460953   31.257851947  -65.040659508   -9.854440669

   -3.141592654    2.792526803   17.078599221  -57.658491982    1.497908372
   -2.951193099    2.792526803    7.643006418  -40.439894572    2.860998425
   -2.760793544    2.792526803    1.917240958  -19.664528808    4.391512862
   -2.570393989    2.792526803    0.000000000   -1.369141263    6.097033034
   -2.379994435    2.792526803    0.949664083    9.966800865    8.087175231
   -2.189594880    2.792526803    3.269301612   13.129263068   10.540678596
   -1.999195325    2.792526803    5.570420138   10.396241002   13.569656163
   -1.808795770    2.792526803    7.136619480    6.222960765   17.053035394
   -1.618396215    2.792526803    8.139438017    5.118610242   20.559909763
   -1.427996661    2.792526803    9.451863705    9.679247852   23.441488337
   -1.237597106    2.792526803   12.169378316   19.557725758   25.068418269
   -1.047197551    2.792526803   17.064072201   31.902043056   25.079793357
   -0.856797996    2.792526803   24.227526258   42.639637134   23.493444347
   -0.666398442    2.792526803   32.988014065   48.176203731   20.649017830
   -0.475998887    2.792526803   42.123867380   46.383511325   17.012408543
   -0.285599332    2.792526803   50.184928818   37.001736965   12.984915810
   -0.095199777    2.792526803   55.841820509   21.552414179    8.776885367
    0.095199777    2.792526803   58.211402759    3.104890636    4.408158770
    0.285599332    2.792526803   57.120960703  -13.987568163   -0.164043033
    0.475998887    2.792526803   53.283887361  -25.022702792   -4.846492164
    0.666398442    2.792526803   48.222384694  -26.455612169   -9.264557445
    0.856797996    2.792526803   43.886849744  -17.603745288  -12.796023824
    1.047197551    2.792526803   42.005553386   -1.419074238  -14.815126875
    1.237597106    2.792526803   43.460734663   16.353687923  -15.006695586
    1.427996661    2.792526803   47.944563749   29.504426592  -13.540132269
    1.618396215    2.792526803   54.117093267   33.594012877  -11.008215903
    1.808795770    2.792526803   60.075821756   27.307864883   -8.161728719
    1.999195325    2.792526803   63.948074409   12.114169017   -5.616892168
    2.189594880    2.792526803   64.326967256   -8.742828108   -3.683514815
    2.379994435    2.792526803   60.512754314  -31.220471403   -2.356363723
    2.570393989    2.792526803   52.611628829  -50.935035665   -1.418400942
    2.760793544    2.792526803   41.561619901  -63.654205608   -0.593017273
    2.951193099    2.792526803   29.026768821  -66.172293211    0.344561291
