#! FIELDS phi psi file.free der_phi der_psi
#! SET min_phi -pi
#! SET max_phi pi
#! SET nbins_phi  33
#! SET periodic_phi true
#! SET min_psi -pi
#! SET max_psi pi
#! SET nbins_psi  18
#! SET periodic_psi true
   -3.141592654   -3.141592654   19.245707719  -54.940467098   16.554192571
   -2.951193099   -3.141592654   10.502302817  -36.163796504   18.925835705
   -2.760793544   -3.141592654    5.617812952  -15.371988734   20.446182207
   -2.570393989   -3.141592654    4.426299805    1.827687608   21.267551678
   -2.379994435   -3.141592654    5.864615733   11.952174870   21.807957330
   -2.189594880   -3.141592654    8.507481478   14.719440867   22.605430044
   -1.999195325   -3.141592654   11.168886026   12.773578395   24.081861036
   -1.808795770   -3.141592654   13.334815547   10.221207591   26.312212364
   -1.618396215   -3.141592654   15.261378146   10.738255774   28.929803504
   -1.427996661   -3.141592654   17.736750853   16.063141958   31.238330758
   -1.237597106   -3.141592654   21.641022236   25.390297945   32.479913978
   -1.047197551   -3.141592654   27.496366803   35.970407829   32.122154956
   -0.856797996   -3.141592654   35.204031315   44.207592542   30.000806859
   -0.666398442   -3.141592654   44.004647281   47.020163495   26.307362207
   -0.475998887   -3.141592654   52.668180281   42.594783585   21.431708940
   -0.285599332   -3.141592654   59.767760734   30.695503171   15.810094257
   -0.095199777   -3.141592654   63.988162251   12.763248614    9.817450226
    0.095199777   -3.141592654   64.457771890   -8.022950815    3.742322443
    0.285599332   -3.141592654   61.071039129  -26.835342493   -2.151560810
    0.475998887   -3.141592654   54.729536973  -38.195762670   -7.530494296
    0.666398442   -3.141592654   47.290240954  -37.888664103  -11.937587150
    0.856797996   -3.141592654   41.118980073  -25.122105143  -14.881149930
    1.047197551   -3.141592654   38.306135066   -3.542695055  -16.024584797
    1.237597106   -3.141592654   39.895296413   19.787764486  -15.376264033
    1.427996661   -3.141592654   45.469555404   37.193914205  -13.304188101
    1.618396215   -3.141592654   53.329195503   43.171057081  -10.379954090
    1.808795770   -3.141592654   61.075001470   36.064578984   -7.125184410
    1.999195325   -3.141592654   66.354760304   17.856089872   -3.834685031
    2.189594880   -3.141592654   67.452286417   -6.975905896   -0.558931553
    2.379994435   -3.141592654   63.633235044  -32.812008480    2.794027749
    2.570393989   -3.141592654   55.253274624  -54.002025980    6.306241788
    2.760793544   -3.141592654   43.663375847  -65.917896340    9.930116611
    2.951193099   -3.141592654   30.911613656  -66.052437758   13.453784995

   -3.141592654   -2.792526803   26.769047598  -50.113972726   24.308232845
   -2.951193099   -2.792526803   18.760232963  -33.304958273   26.612065992
   -2.760793544   -2.792526803   14.243303468  -14.296727591   27.730260084
   -2.570393989   -2.792526803   13.141219292    1.847699251   27.943683555
   -2.379994435   -2.792526803   14.565822717   11.968758706   27.789919289
   -2.189594880   -2.792526803   17.293041833   15.725476322   27.869396918
   -1.999195325   -2.792526803   20.286291832   15.280441608   28.601975335
   -1.808795770   -2.792526803   23.058692150   13.975562136   30.017015250
   -1.618396215   -2.792526803   25.743567942   14.735454500   31.688769101
   -1.427996661   -2.792526803   28.890506823   18.879573444   32.873084322
   -1.237597106   -2.792526803   33.108649174   25.694606822   32.794464533
   -1.047197551   -2.792526803   38.712752548   32.960500244   30.954428154
   -0.856797996   -2.792526803   45.518030384   37.798830703   27.287481801
   -0.666398442   -2.792526803   52.811781728   37.739398698   22.141183089
   -0.475998887   -2.792526803   59.504370320   31.348310213   16.083381352
   -0.285599332   -2.792526803   64.355533783   18.501617880    9.704286319
   -0.095199777   -2.792526803   66.238910623    0.561466904    3.474247380
    0.095199777   -2.792526803   64.448638101  -19.430584499   -2.294354575
    0.285599332   -2.792526803   59.022318593  -36.734043240   -7.385280738
    0.475998887   -2.792526803   50.995065193  -45.876378606  -11.582042842
    0.666398442   -2.792526803   42.356835206  -42.692734613  -14.603585125
    0.856797996   -2.792526803   35.579235794  -26.635860408  -16.164954806
    1.047197551   -2.792526803   32.788323453   -1.851643663  -16.110219373
    1.237597106   -2.792526803   34.955180566   24.030546571  -14.548921599
    1.427996661   -2.792526803   41.500503340   42.985052253  -11.841794734
    1.618396215   -2.792526803   50.533194476   49.579868218   -8.458624398
    1.808795770   -2.792526803   59.511775835   42.565760901   -4.768761109
    1.999195325   -2.792526803   66.030685811   24.393575985   -0.921688703
    2.189594880   -2.792526803   68.393399721   -0.184433527    3.117254712
    2.379994435   -2.792526803   65.907783794  -25.590449693    7.434158414
    2.570393989   -2.792526803   58.937772742  -46.470509744   12.006957403
    2.760793544   -2.792526803   48.775914612  -58.564298410   16.616175027
    2.951193099   -2.792526803   37.350861978  -59.611278597   20.865982755

   -3.141592654   -2.443460953   35.135554856  -45.469579294   22.488764972
   -2.951193099   -2.443460953   27.809268661  -30.787570232   24.266899085
   -2.760793544   -2.443460953   23.589036444  -13.609131163   25.047427766
   -2.570393989   -2.443460953   22.502059728    1.473196479   25.113479093
   -2.379994435   -2.443460953   23.832026610   11.509780609   24.886140469
   -2.189594880   -2.443460953   26.532754270   16.011813109   24.769689634
   -1.999195325   -2.443460953   29.682005925   16.629771299   24.991739240
   -1.808795770   -2.443460953   32.785775283   15.977541165   25.478944192
   -1.618396215   -2.443460953   35.832062047   16.313395640   25.839453994
   -1.427996661   -2.443460953   39.129238546   18.659564053   25.489877354
   -1.237597106   -2.443460953   43.039374222   22.554119161   23.887328012
   -1.047197551   -2.443460953   47.726985638   26.487162291   20.773147092
   -0.856797996   -2.443460953   53.010925880   28.450266233   16.278528779
   -0.666398442   -2.443460953   58.334148972   26.616328993   10.876763693
   -0.475998887   -2.443460953   62.845604143   19.786502924    5.182241662
   -0.285599332   -2.443460953   65.547232101    7.656156420   -0.245672458
   -0.095199777   -2.443460953   65.495050998   -8.832675497   -5.032254621
    0.095199777   -2.443460953   62.081775830  -27.053698429   -9.015951931
    0.285599332   -2.443460953   55.379069902  -42.511186276  -12.174832297
    0.475998887   -2.443460953   46.429925306  -49.757004094  -14.517309771
    0.666398442   -2.443460953   37.241752987  -44.552210001  -15.987088567
    0.856797996   -2.443460953   30.312406930  -26.342213931  -16.465618771
    1.047197551   -2.443460953   27.779771531    0.545768585  -15.845380964
    1.237597106   -2.443460953   30.577116835   28.187123661  -14.145335445
    1.427996661   -2.443460953   38.036863160   48.336908082  -11.543892351
    1.618396215   -2.443460953   48.158753720   55.594761081   -8.320396047
    1.808795770   -2.443460953   58.321029173   48.965395601   -4.725284210
    1.999195325   -2.443460953   66.094668546   31.188926749   -0.887915353
    2.189594880   -2.443460953   69.801280183    7.152608092    3.164520339
    2.379994435   -2.443460953   68.768427124  -17.695243583    7.421931013
    2.570393989   -2.443460953   63.333778935  -38.327625673   11.777461239
    2.760793544   -2.443460953   54.697128124  -50.823674877   15.976565702
    2.951193099   -2.443460953   44.643960364  -53.082910615   19.660710179

   -3.141592654   -2.094395102   41.564922393  -41.949052152   14.482544802
   -2.951193099   -2.094395102   34.769502686  -28.720934347   15.352836069
   -2.760793544   -2.094395102   30.823732211  -12.736351716   15.683124731
   -2.570393989   -2.094395102   29.822986068    1.582469648   15.701112235
   -2.379994435   -2.094395102   31.136294604   11.286993416   15.598589077
   -2.189594880   -2.094395102   33.786263152   15.723946634   15.455545261
   -1.999195325   -2.094395102   36.873798759   16.232751624   15.215896932
   -1.808795770   -2.094395102   39.861176876   15.054652334   14.698490394
   -1.618396215   -2.094395102   42.627043017   14.165184491   13.645379786
   -1.427996661   -2.094395102   45.339572237   14.568297053   11.810968679
   -1.237597106   -2.094395102   48.250521488   16.143266983    9.066154125
   -1.047197551   -2.094395102   51.508890247   17.986456406    5.493877995
   -0.856797996   -2.094395102   55.038128691   18.715136229    1.391441090
   -0.666398442   -2.094395102   58.483995666   16.846366536   -2.804526727
   -0.475998887   -2.094395102   61.224663304   11.126744560   -6.670564573
   -0.285599332   -2.094395102   62.445522238    0.849936086   -9.916173298
   -0.095199777   -2.094395102   61.292715182  -13.594202015  -12.435977694
    0.095199777   -2.094395102   57.148604769  -30.034637105  -14.294879113
    0.285599332   -2.094395102   50.010005189  -44.185415092  -15.641628447
    0.475998887   -2.094395102   40.832912082  -50.513024204  -16.608458478
    0.666398442   -2.094395102   31.575826742  -44.507325643  -17.217527627
    0.856797996   -2.094395102   24.741322906  -25.340653645  -17.355637543
    1.047197551   -2.094395102   22.509867670    2.747805975  -16.823420192
    1.237597106   -2.094395102   25.851170876   31.703124582  -15.458525601
    1.427996661   -2.094395102   34.097595707   53.042534320  -13.234576250
    1.618396215   -2.094395102   45.207154434   61.201142030  -10.288829666
    1.808795770   -2.094395102   56.499144050   55.178190796   -6.856253420
    1.999195325   -2.094395102   65.497138349   37.801171697   -3.169336028
    2.189594880   -2.094395102   70.491157501   14.033704025    0.579384025
    2.379994435   -2.094395102   70.782124790  -10.717847131    4.236362436
    2.570393989   -2.094395102   66.662005792  -31.569692337    7.637067288
    2.760793544   -2.094395102   59.256737245  -44.734631726   10.588569920
    2.951193099   -2.094395102   50.262152560  -48.125113322   12.904343222

   -3.141592654   -1.745329252   44.468013730  -40.660822171    6.625703997
   -2.951193099   -1.745329252   37.854660528  -28.059967711    6.768211809
   -2.760793544   -1.745329252   33.996308674  -12.447881458    6.643793813
   -2.570393989   -1.745329252   33.028229917    1.642688080    6.357722475
   -2.379994435   -1.745329252   34.328229379   11.055644278    5.894488140
   -2.189594880   -1.745329252   36.885955159   14.924927052    5.115634798
   -1.999195325   -1.745329252   39.734189212   14.442950560    3.837006436
   -1.808795770   -1.745329252   42.251058571   11.838130483    1.928321062
   -1.618396215   -1.745329252   44.244448692    9.248209368   -0.613933328
   -1.427996661   -1.745329252   45.860320300    8.013380714   -3.641685941
   -1.237597106   -1.745329252   47.403306632    8.458682883   -6.889801875
   -1.047197551   -1.745329252   49.160305677   10.079023202  -10.026785557
   -0.856797996   -1.745329252   51.247957069   11.661424409  -12.736470658
   -0.666398442   -1.745329252   53.505985528   11.541708654  -14.782384569
   -0.475998887   -1.745329252   55.441238360    7.995791155  -16.070371258
   -0.285599332   -1.745329252   56.265344855   -0.249619819  -16.662231037
   -0.095199777   -1.745329252   55.051813699  -13.255288005  -16.743073911
    0.095199777   -1.745329252   51.047254254  -29.035888144  -16.572683557
    0.285599332   -1.745329252   44.104514715  -43.218447849  -16.399706617
    0.475998887   -1.745329252   35.075055823  -49.951167404  -16.379189795
    0.666398442   -1.745329252   25.887795480  -44.287383278  -16.498085080
    0.856797996   -1.745329252   19.096711853  -25.002440314  -16.558962486
    1.047197551   -1.745329252   16.991795967    3.843405745  -16.242509984
    1.237597106   -1.745329252   20.657395931   34.071245233  -15.252517686
    1.427996661   -1.745329252   29.492941728   56.844565713  -13.452982271
    1.618396215   -1.745329252   41.448430495   66.203186822  -10.929153364
    1.808795770   -1.745329252   53.770395171   60.898851804   -7.936728812
    1.999195325   -1.745329252   63.883168563   43.693537695   -4.783646108
    2.189594880   -1.745329252   69.979104216   19.642687193   -1.747669059
    2.379994435   -1.745329252   71.284278480   -5.727320217    0.971198511
    2.570393989   -1.745329252   68.036958999  -27.428688891    3.232041782
    2.760793544   -1.745329252   61.328244181  -41.577369864    4.940872437
    2.951193099   -1.745329252   52.838992218  -45.963474285    6.056806352

   -3.141592654   -1.396263402   43.618282779  -41.641294279    3.016707242
   -2.951193099   -1.396263402   36.828105378  -28.893628371    2.425116216
   -2.760793544   -1.396263402   32.839921008  -12.987259757    1.639232303
   -2.570393989   -1.396263402   31.783913974    1.189880651    0.776408486
   -2.379994435   -1.396263402   32.965447430   10.153833709   -0.227534819
   -2.189594880   -1.396263402   35.256342307   12.918121617   -1.617092360
   -1.999195325   -1.396263402   37.575586644   10.842553345   -3.681735159
   -1.808795770   -1.396263402   39.246315114    6.585709487   -6.565663986
   -1.618396215   -1.396263402   40.116836084    2.832815105  -10.130894686
   -1.427996661   -1.396263402   40.473067679    1.379808871  -13.945631546
   -1.237597106   -1.396263402   40.822135213    2.740591847  -17.419805353
   -1.047197551   -1.396263402   41.658405767    6.259955790  -19.992932345
   -0.856797996   -1.396263402   43.247466466   10.289855792  -21.316242048
   -0.666398442   -1.396263402   45.480708959   12.602184502  -21.328542854
   -0.475998887   -1.396263402   47.811378452   10.962885577  -20.248430312
   -0.285599332   -1.396263402   49.316483827    3.781821972  -18.485007641
   -0.095199777   -1.396263402   48.896574394   -9.108013180  -16.508244317
    0.095199777   -1.396263402   45.624056273  -25.618977746  -14.744842938
    0.285599332   -1.396263402   39.213196986  -41.115086388  -13.477280170
    0.475998887   -1.396263402   30.441370554  -49.337371166  -12.790283805
    0.666398442   -1.396263402   21.251331642  -44.840244731  -12.555935977
    0.856797996   -1.396263402   14.302920557  -25.956986326  -12.480419746
    1.047197551   -1.396263402   12.054928943    3.440326159  -12.205063597
    1.237597106   -1.396263402   15.761373761   34.985651439  -11.442032804
    1.427996661   -1.396263402   24.924134920   59.352986689  -10.074710427
    1.618396215   -1.396263402   37.491427772   70.018830466   -8.180006090
    1.808795770   -1.396263402   50.612937095   65.345323688   -5.963287753
    1.999195325   -1.396263402   61.569676391   47.977807861   -3.658046275
    2.189594880   -1.396263402   68.413436292   23.122529548   -1.472827242
    2.379994435   -1.396263402   70.273058143   -3.425492489    0.430871556
    2.570393989   -1.396263402   67.343799441  -26.380998905    1.913450513
    2.760793544   -1.396263402   60.727575280  -41.605226012    2.861067758
    2.951193099   -1.396263402   52.158609578  -46.693313421    3.212455548

   -3.141592654   -1.047197551   41.384791440  -44.670183934    3.147380033
   -2.951193099   -1.047197551   34.023043576  -31.778777078    1.976185607
   -2.760793544   -1.047197551   29.535419096  -15.314144823    0.477327518
   -2.570393989   -1.047197551   28.091517629   -0.608653052   -1.217091625
   -2.379994435   -1.047197551   28.941117335    8.340025698   -3.125125388
   -2.189594880   -1.047197551   30.822034440   10.292393143   -5.433822620
   -1.999195325   -1.047197551   32.513037568    6.813682036   -8.365488798
   -1.808795770   -1.047197551   33.279682596    1.188248328  -11.967848780
   -1.618396215   -1.047197551   33.049489146   -3.143741079  -15.961571727
   -1.427996661   -1.047197551   32.313829858   -3.880938578  -19.747770444
   -1.237597106   -1.047197551   31.835220190   -0.498498475  -22.603886061
   -1.047197551   -1.047197551   32.318333095    5.868191253  -23.950019171
   -0.856797996   -1.047197551   34.116516461   12.829325875  -23.566195591
   -0.666398442   -1.047197551   37.066905164   17.439483983  -21.648824731
   -0.475998887   -1.047197551   40.453029069   16.997199818  -18.714654602
   -0.285599332   -1.047197551   43.123451208    9.786101470  -15.414514807
   -0.095199777   -1.047197551   43.756731533   -4.205715644  -12.325201839
    0.095199777   -1.047197551   41.254545481  -22.507741511   -9.811935041
    0.285599332   -1.047197551   35.246888175  -39.976962885   -7.968440700
    0.475998887   -1.047197551   26.528023643  -49.822349170   -6.663458779
    0.666398442   -1.047197551   17.152073057  -46.157695198   -5.654440886
    0.856797996   -1.047197551    9.953384836  -27.116738024   -4.716911319
    1.047197551   -1.047197551    7.572406593    3.303631446   -3.730022906
    1.237597106   -1.047197551   11.390869379   36.317796994   -2.688797606
    1.427996661   -1.047197551   20.944320597   62.057540609   -1.655323883
    1.618396215   -1.047197551   34.119063861   73.574442878   -0.688817253
    1.808795770   -1.047197551   47.943602652   69.052333943    0.205059574
    1.999195325   -1.047197551   59.568131093   51.185007032    1.070014010
    2.189594880   -1.047197551   66.936670152   25.365505631    1.943807962
    2.379994435   -1.047197551   69.108565530   -2.421905989    2.802881839
    2.570393989   -1.047197551   66.243096060  -26.716649910    3.524875571
    2.760793544   -1.047197551   59.439750807  -43.206250944    3.923371559
    2.951193099   -1.047197551   50.466686655  -49.261486931    3.819762210

   -3.141592654   -0.698131701   41.077764912  -47.844321573    2.347918781
   -2.951193099   -0.698131701   33.051615690  -35.504810931    0.436714583
   -2.760793544   -0.698131701   27.835424290  -19.181023734   -1.843899888
   -2.570393989   -0.698131701   25.659262265   -4.429361492   -4.307687841
   -2.379994435   -0.698131701   25.772944928    4.369422699   -6.906949023
   -2.189594880   -0.698131701   26.849187201    5.733224423   -9.765901186
   -1.999195325   -0.698131701   27.588830303    1.365084354  -13.033219691
   -1.808795770   -0.698131701   27.246965406   -4.907511555  -16.650497628
   -1.618396215   -0.698131701   25.863214819   -8.959284876  -20.203974191
   -1.427996661   -0.698131701   24.152941565   -8.070349787  -22.986317845
   -1.237597106   -0.698131701   23.130955674   -1.854391240  -24.271063820
   -1.047197551   -0.698131701   23.674726493    7.878121274  -23.639115776
   -0.856797996   -0.698131701   26.153117783   17.827506466  -21.177161711
   -0.666398442   -0.698131701   30.254141401   24.293315654  -17.447555993
   -0.475998887   -0.698131701   35.005772551   24.232902697  -13.258236267
   -0.285599332   -0.698131701   38.982413336   16.081705433   -9.371857343
   -0.095199777   -0.698131701   40.656162718    0.345391269   -6.255237923
    0.095199777   -0.698131701   38.840052955  -19.818291042   -3.974637056
    0.285599332   -0.698131701   33.202723393  -38.657861924   -2.249097662
    0.475998887   -0.698131701   24.668766482  -49.060401973   -0.649133733
    0.666398442   -0.698131701   15.448431643  -45.191162106    1.145659310
    0.856797996   -0.698131701    8.490577057  -25.541813187    3.164106305
    1.047197551   -0.698131701    6.468008190    5.435719326    5.134938339
    1.237597106   -0.698131701   10.718113970   38.633625245    6.658552301
    1.427996661   -0.698131701   20.695710541   64.126101609    7.438252046
    1.618396215   -0.698131701   34.219556092   75.147940909    7.435512804
    1.808795770   -0.698131701   48.295074369   70.131270980    6.878036321
    1.999195325   -0.698131701   60.089301331   51.914548947    6.123633732
    2.189594880   -0.698131701   67.573327010   25.856523093    5.484699756
    2.379994435   -0.698131701   69.812434002   -2.236052798    5.090841337
    2.570393989   -0.698131701   66.934576504  -27.082932329    4.842858216
    2.760793544   -0.698131701   59.984131254  -44.433504333    4.479052897
    2.951193099   -0.698131701   50.680091296  -51.513566101    3.703791743

   -3.141592654   -0.349065850   41.474980818  -51.608056309    1.881054599
   -2.951193099   -0.349065850   32.644980580  -40.098282030   -0.466206869
   -2.760793544   -0.349065850   26.512693779  -24.124584886   -3.166370876
   -2.570393989   -0.349065850   23.391955083   -9.368596707   -6.018913681
   -2.379994435   -0.349065850   22.568418323   -0.560664917   -8.923402229
   -2.189594880   -0.349065850   22.688761843    0.582679647  -11.912917445
   -1.999195325   -0.349065850   22.417243355   -4.081315172  -15.016926468
   -1.808795770   -0.349065850   21.042289746  -10.177205089  -18.053626078
   -1.618396215   -0.349065850   18.754209616  -12.968687159  -20.526057717
   -1.427996661   -0.349065850   16.505408760   -9.513143330  -21.745180941
   -1.237597106   -0.349065850   15.529220898    0.150118125  -21.146657291
   -1.047197551   -0.349065850   16.786498394   13.272747549  -18.613717620
   -0.856797996   -0.349065850   20.536125182   25.535057623  -14.591637129
   -0.666398442   -0.349065850   26.192633013   32.620163188   -9.939162082
   -0.475998887   -0.349065850   32.452195553   31.493163479   -5.577215121
   -0.285599332   -0.349065850   37.617495370   21.194278156   -2.146455443
   -0.095199777   -0.349065850   40.040668955    3.157602928    0.208655495
    0.095199777   -0.349065850   38.594880781  -18.559696992    1.844152069
    0.285599332   -0.349065850   33.148598125  -37.689183870    3.409281535
    0.475998887   -0.349065850   24.868543105  -47.214854058    5.503987234
    0.666398442   -0.349065850   16.130980635  -41.969494015    8.335112975
    0.856797996   -0.349065850    9.894044664  -21.345767633   11.567462478
    1.047197551   -0.349065850    8.682925212    9.545622669   14.465109770
    1.237597106   -0.349065850   13.614933852   41.515817535   16.262223378
    1.427996661   -0.349065850   23.967031962   65.125359086   16.534380720
    1.618396215   -0.349065850   37.503280702   74.355345010   15.370168847
    1.808795770   -0.349065850   51.307821864   68.220548805   13.281813604
    1.999195325   -0.349065850   62.700076841   49.739941092   10.927871974
    2.189594880   -0.349065850   69.796617034   24.029531755    8.844075286
    2.379994435   -0.349065850   71.735133913   -3.588668445    7.265109609
    2.570393989   -0.349065850   68.620295673  -28.306269199    6.100361575
    2.760793544   -0.349065850   61.402642965  -46.124077577    5.037373246
    2.951193099   -0.349065850   51.690296626  -54.169598451    3.709693822

   -3.141592654    0.000000000   42.421157730  -55.119200188    1.028535986
   -2.951193099    0.000000000   32.831903489  -44.511220806   -1.133750474
   -2.760793544    0.000000000   25.794183638  -29.158853104   -3.537566698
   -2.570393989    0.000000000   21.679520021  -14.726317006   -6.047524553
   -2.379994435    0.000000000   19.818330874   -6.080782887   -8.585950004
   -2.189594880    0.000000000   18.881003109   -4.973791841  -11.139382567
   -1.999195325    0.000000000   17.574245109   -9.300850793  -13.635347047
   -1.808795770    0.000000000   15.299700672  -14.229321349  -15.789476968
   -1.618396215    0.000000000   12.442241122  -14.697046441  -17.078257771
   -1.427996661    0.000000000   10.168036999   -7.934318804  -16.924310519
   -1.237597106    0.000000000    9.832395937    5.245349571  -15.012078771
   -1.047197551    0.000000000   12.333893000   21.021429480  -11.538272245
   -0.856797996    0.000000000   17.680271225   34.231977233   -7.196937122
   -0.666398442    0.000000000   24.931439380   40.382163020   -2.917544932
   -0.475998887    0.000000000   32.466206080   36.973266246    0.535869992
   -0.285599332    0.000000000   38.423060411   24.063814428    2.860137384
   -0.095199777    0.000000000   41.196962483    4.174070916    4.306085424
    0.095199777    0.000000000   39.884539234  -17.897913801    5.546248443
    0.285599332    0.000000000   34.660225641  -35.789314187    7.356103306
    0.475998887    0.000000000   26.943087059  -43.141207449   10.230777310
    0.666398442    0.000000000   19.181360112  -35.950431358   14.081355037
    0.856797996    0.000000000   14.176506271  -14.734398466   18.197269600
    1.047197551    0.000000000   14.133166933   14.884362153   21.527949950
    1.237597106    0.000000000   19.835043013   44.082842378   23.158414140
    1.427996661    0.000000000   30.363431930   64.426597068   22.706699430
    1.618396215    0.000000000   43.495787175   70.996232195   20.439803251
    1.808795770    0.000000000   56.506117124   63.476095371   17.088840350
    1.999195325    0.000000000   66.971524721   44.952868834   13.491649346
    2.189594880    0.000000000   73.228589606   20.098926939   10.298660807
    2.379994435    0.000000000   74.524713095   -6.419768216    7.801124400
    2.570393989    0.000000000   70.951296938  -30.387173664    5.936389065
    2.760793544    0.000000000   63.356604469  -48.132307412    4.407657905
    2.951193099    0.000000000   53.215645996  -56.752952195    2.855908963

   -3.141592654    0.349065850   43.959743688  -57.669753338    0.732352055
   -2.951193099    0.349065850   33.806107658  -47.856869744   -0.608381090
   -2.760793544    0.349065850   26.068237386  -33.112861632   -2.029880932
   -2.570393989    0.349065850   21.164203733  -19.009986674   -3.525104485
   -2.379994435    0.349065850   18.474375887  -10.459783988   -5.098530969
   -2.189594880    0.349065850   16.711930878   -9.209700336   -6.743474172
   -1.999195325    0.349065850   14.643737057  -12.966881782   -8.354979430
   -1.808795770    0.349065850   11.780635352  -16.602632284   -9.650953970
   -1.618396215    0.349065850    8.661998549  -14.935707425  -10.205858151
   -1.427996661    0.349065850    6.592262327   -5.511890156   -9.637421587
   -1.237597106    0.349065850    6.961071838   10.108764534   -7.844407518
   -1.047197551    0.349065850   10.542103574   27.269700464   -5.139284106
   -0.856797996    0.349065850   17.091039472   40.356248692   -2.137064527
   -0.666398442    0.349065850   25.388791463   45.082507803    0.521395109
   -0.475998887    0.349065850   33.632186419   39.705410338    2.485438438
   -0.285599332    0.349065850   39.948268510   25.247669621    3.847491802
   -0.095199777    0.349065850   42.891871108    5.014748637    5.090615728
    0.095199777    0.349065850   41.826427701  -15.904704253    6.880404553
    0.285599332    0.349065850   37.187666484  -31.507593218    9.755480388
    0.475998887    0.349065850   30.527702462  -36.395312729   13.830327983
    0.666398442    0.349065850   24.212574701  -27.782189512   18.624916173
    0.856797996    0.349065850   20.748909402   -7.089672920   23.152051376
    1.047197551    0.349065850   21.944306904   19.944486679   26.279155696
    1.237597106    0.349065850   28.251606617   45.267865641   27.198946392
    1.427996661    0.349065850   38.623498363   61.703241373   25.752980031
    1.618396215    0.349065850   50.945107838   65.464377720   22.443322643
    1.808795770    0.349065850   62.764529075   56.783498276   18.161496561
    1.999195325    0.349065850   71.971322777   38.648819606   13.807036243
    2.189594880    0.349065850   77.147652723   15.153699433   10.023498205
    2.379994435    0.349065850   77.656462854   -9.762230715    7.082318300
    2.570393989    0.349065850   73.572684350  -32.508194342    4.935117633
    2.760793544    0.349065850   65.634283792  -49.757946837    3.342219313
    2.951193099    0.349065850   55.171617340  -58.611446845    2.015592187

   -3.141592654    0.698131701   45.062626881  -58.659020092   -0.658465357
   -2.951193099    0.698131701   34.704321807  -49.031987135   -0.698054049
   -2.760793544    0.698131701   26.711725805  -34.616210277   -0.630129140
   -2.570393989    0.698131701   21.486029456  -20.874306320   -0.656620883
   -2.379994435    0.698131701   18.411880309  -12.601518010   -0.918209404
   -2.189594880    0.698131701   16.231122558  -11.407862714   -1.444033708
   -1.999195325    0.698131701   13.768251263  -14.837427697   -2.131311034
   -1.808795770    0.698131701   10.619168011  -17.651058748   -2.763466373
   -1.618396215    0.698131701    7.414141947  -14.744922493   -3.085218949
   -1.427996661    0.698131701    5.509366450   -3.994124022   -2.925070231
   -1.237597106    0.698131701    6.266671719   12.562317568   -2.288617507
   -1.047197551    0.698131701   10.345181591   29.903398008   -1.365923353
   -0.856797996    0.698131701   17.351787646   42.423576373   -0.397285914
   -0.666398442    0.698131701   25.960428395   46.278645574    0.490497807
   -0.475998887    0.698131701   34.370734262   40.378938562    1.413573923
   -0.285599332    0.698131701   40.834266411   26.304070801    2.711494309
   -0.095199777    0.698131701   44.106719424    7.598293934    4.807713818
    0.095199777    0.698131701   43.755293185  -10.879300944    8.031376254
    0.285599332    0.698131701   40.330676978  -23.819519845   12.426788561
    0.475998887    0.698131701   35.334140082  -26.833431493   17.618628913
    0.666398442    0.698131701   30.884760789  -18.111616860   22.800903564
    0.856797996    0.698131701   29.096898995    0.469572744   26.918717097
    1.047197551    0.698131701   31.376248645   23.541766289   29.023831779
    1.237597106    0.698131701   37.921924206   44.170025705   28.642511538
    1.427996661    0.698131701   47.677416521   56.532698162   25.946819863
    1.618396215    0.698131701   58.748179878   57.812172535   21.646844168
    1.808795770    0.698131701   69.022516897   48.495142311   16.672822995
    1.999195325    0.698131701   76.713277537   31.206759171   11.843110143
    2.189594880    0.698131701   80.621973408    9.352608401    7.691319192
    2.379994435    0.698131701   80.198058140  -13.779828312    4.441037078
    2.570393989    0.698131701   75.496880880  -35.049047573    2.100515966
    2.760793544    0.698131701   67.176319291  -51.320218396    0.568807304
    2.951193099    0.698131701   56.469092261  -59.693099281   -0.295870697

   -3.141592654    1.047197551   43.735512192  -58.444038829   -6.192670606
   -2.951193099    1.047197551   33.509036888  -47.928533275   -5.369883881
   -2.760793544    1.047197551   25.767897096  -33.165879283   -4.118933827
   -2.570393989    1.047197551   20.806932443  -19.617722999   -2.823809415
   -2.379994435    1.047197551   17.923958829  -11.876907371   -1.771725191
   -2.189594880    1.047197551   15.823604165  -11.268965848   -1.073646110
   -1.999195325    1.047197551   13.345346464  -15.093107505   -0.692917241
   -1.808795770    1.047197551   10.133021611  -18.013958415   -0.529071525
   -1.618396215    1.047197551    6.866221620  -15.014252954   -0.500521957
   -1.427996661    1.047197551    4.921325025   -4.165278329   -0.583465854
   -1.237597106    1.047197551    5.644312039   12.330398574   -0.778082345
   -1.047197551    1.047197551    9.660963021   29.473579941   -1.045438543
   -0.856797996    1.047197551   16.574075663   41.911701554   -1.224706275
   -0.666398442    1.047197551   25.115071438   46.191320538   -1.022284643
   -0.475998887    1.047197551   33.610640286   41.510121915   -0.059074994
   -0.285599332    1.047197551   40.470749911   29.454733760    2.005935541
   -0.095199777    1.047197551   44.578643728   13.263147693    5.334233833
    0.095199777    1.047197551   45.543868560   -2.783397671    9.820465505
    0.285599332    1.047197551   43.833861698  -14.097908903   15.045109068
    0.475998887    1.047197551   40.729884430  -16.969185725   20.296194050
    0.666398442    1.047197551   38.025377002   -9.969134413   24.679278418
    0.856797996    1.047197551   37.485339816    5.198159508   27.333693746
    1.047197551    1.047197551   40.257549876   23.929166241   27.705407457
    1.237597106    1.047197551   46.468974741   40.392335096   25.753984026
    1.427996661    1.047197551   55.193948404   49.731062345   21.952963833
    1.618396215    1.047197551   64.805216954   49.544321853   17.088942473
    1.808795770    1.047197551   73.479931226   40.148009131   11.951709442
    1.999195325    1.047197551   79.648875395   23.668557572    7.106787549
    2.189594880    1.047197551   82.232326308    2.999421936    2.853017177
    2.379994435    1.047197551   80.719552129  -18.858604526   -0.690795825
    2.570393989    1.047197551   75.173683467  -38.833630127   -3.451062038
    2.760793544    1.047197551   66.259719248  -53.754465631   -5.330946046
    2.951193099    1.047197551   55.220460876  -60.744245804   -6.239355475

   -3.141592654    1.396263402   38.611158314  -58.386329177  -11.689633410
   -2.951193099    1.396263402   28.606142961  -45.730661931  -10.427106116
   -2.760793544    1.396263402   21.435275293  -29.508713619   -8.548102714
   -2.570393989    1.396263402   17.239258426  -15.385341710   -6.543313720
   -2.379994435    1.396263402   15.153623245   -7.837502041   -4.750794580
   -2.189594880    1.396263402   13.761928473   -7.923339123   -3.266750086
   -1.999195325    1.396263402   11.832853410  -12.700850705   -2.037123036
   -1.808795770    1.396263402    8.974102424  -16.711692898   -1.013972926
   -1.618396215    1.396263402    5.845128778  -14.880575154   -0.245833595
   -1.427996661    1.396263402    3.816676087   -5.157876532    0.158129684
   -1.237597106    1.396263402    4.266273199   10.517364745    0.164172438
   -1.047197551    1.396263402    7.910755742   27.509620486   -0.081803185
   -0.856797996    1.396263402   14.512283570   40.767695012   -0.228473152
   -0.666398442    1.396263402   22.998069423   46.912499519    0.178688166
   -0.475998887    1.396263402   31.873765383   44.872027075    1.551972384
   -0.285599332    1.396263402   39.647666086   35.666396649    4.113439102
   -0.095199777    1.396263402   45.176715977   21.838582788    7.793204359
    0.095199777    1.396263402   47.913489111    7.015543035   12.219510720
    0.285599332    1.396263402   48.061736312   -4.660650308   16.760432324
    0.475998887    1.396263402   46.585105711   -9.582322232   20.638221563
    0.666398442    1.396263402   44.978762427   -5.998159918   23.101410540
    0.856797996    1.396263402   44.811735864    5.118136689   23.638055922
    1.047197551    1.396263402   47.199006375   20.098052055   22.138260906
    1.237597106    1.396263402   52.406556707   33.899727869   18.938650230
    1.427996661    1.396263402   59.754908914   41.992412726   14.677568294
    1.618396215    1.396263402   67.870823147   41.721591655   10.046781207
    1.808795770    1.396263402   75.099513796   32.817861865    5.544331078
    1.999195325    1.396263402   79.925303229   16.860818268    1.384067832
    2.189594880    1.396263402   81.246110589   -3.483739755   -2.412230137
    2.379994435    1.396263402   78.523679153  -25.054587315   -5.839903970
    2.570393989    1.396263402   71.848864647  -44.400327838   -8.758332409
    2.760793544    1.396263402   61.985559493  -58.025260778  -10.880195561
    2.951193099    1.396263402   50.311988430  -63.031170153  -11.897748015

   -3.141592654    1.745329252   32.164556209  -57.438514785  -17.801235249
   -2.951193099    1.745329252   22.548734010  -42.718058249  -16.991269279
   -2.760793544    1.745329252   16.073897130  -25.380924080  -15.148934601
   -2.570393989    1.745329252   12.692092533  -11.099776145  -12.668964327
   -2.379994435    1.745329252   11.387342566   -3.980840759   -9.890333145
   -2.189594880    1.745329252   10.671796694   -4.686393628   -6.994852020
   -1.999195325    1.745329252    9.298258501  -10.109672347   -4.077296742
   -1.808795770    1.745329252    6.864960823  -14.863670638   -1.277210338
   -1.618396215    1.745329252    4.003484385  -13.952125067    1.163962693
   -1.427996661    1.745329252    2.059571840   -5.183121275    2.983175691
   -1.237597106    1.745329252    2.438942837    9.887999074    4.069954757
   -1.047197551    1.745329252    5.966668720   27.056950730    4.576209402
   -0.856797996    1.745329252   12.578126239   41.475931501    4.897423917
   -0.666398442    1.745329252   21.378575285   49.611914992    5.507294846
   -0.475998887    1.745329252   30.990350747   49.914838795    6.769677735
   -0.285599332    1.745329252   39.929369380   42.754176540    8.795688115
   -0.095199777    1.745329252   46.934463590   30.053716387   11.386917803
    0.095199777    1.745329252   51.236533898   14.990033940   14.079031107
    0.285599332    1.745329252   52.759534617    1.561604974   16.242689556
    0.475998887    1.745329252   52.197181309   -6.370881397   17.261953702
    0.666398442    1.745329252   50.859498345   -6.417077417   16.735231796
    0.856797996    1.745329252   50.277849997    1.294968717   14.644219800
    1.047197551    1.745329252   51.687219019   13.863400475   11.366830055
    1.237597106    1.745329252   55.586387539   26.612967853    7.540701891
    1.427996661    1.745329252   61.546105708   34.848392178    3.797157457
    1.618396215    1.745329252   68.368825035   35.319121127    0.526340981
    1.808795770    1.745329252   74.448296025   27.088849421   -2.241229115
    1.999195325    1.745329252   78.211592323   11.345056533   -4.757133384
    2.189594880    1.745329252   78.467657263   -9.185029633   -7.341011866
    2.379994435    1.745329252   74.641026153  -30.885881212  -10.153634452
    2.570393989    1.745329252   66.888665571  -49.737062088  -13.051405567
    2.760793544    1.745329252   56.130964103  -61.902739434  -15.615215893
    2.951193099    1.745329252   43.926251868  -64.625251639  -17.321844094

   -3.141592654    2.094395102   25.002287763  -57.825917094  -18.848680060
   -2.951193099    2.094395102   15.536713692  -40.811940156  -18.265307667
   -2.760793544    2.094395102    9.604479976  -21.701036318  -16.589633864
   -2.570393989    2.094395102    7.038641557   -6.321192751  -14.101728338
   -2.379994435    2.094395102    6.705709749    1.377843734  -11.067335936
   -2.189594880    2.094395102    7.039132059    0.927000532   -7.636403574
   -1.999195325    2.094395102    6.736282876   -4.535365094   -3.901658409
   -1.808795770    2.094395102    5.329078651   -9.741934587   -0.028268726
   -1.618396215    2.094395102    3.362140173   -9.754437093    3.677565840
   -1.427996661    2.094395102    2.105364382   -2.180950429    6.838845323
   -1.237597106    2.094395102    2.952478925   11.856765000    9.184245322
   -1.047197551    2.094395102    6.802583468   28.586638376   10.682055560
   -0.856797996    2.094395102   13.723810896   43.305374080   11.545925892
   -0.666398442    2.094395102   22.945779569   52.257268603   12.102108852
   -0.475998887    2.094395102   33.146823191   53.421102806   12.620350648
   -0.285599332    2.094395102   42.801926620   46.646938904   13.189721096
   -0.095199777    2.094395102   50.518777481   33.468801029   13.673321514
    0.095199777    2.094395102   55.343505178   16.891550325   13.747991290
    0.285599332    2.094395102   57.011436676    1.063878270   13.007773510
    0.475998887    2.094395102   56.090125686   -9.653471755   11.143910392
    0.666398442    2.094395102   53.883868679  -12.123126214    8.123803752
    0.856797996    2.094395102   52.064049235   -5.776377420    4.294550580
    1.047197551    2.094395102   52.107807190    6.828294173    0.287181850
    1.237597106    2.094395102   54.770610912   20.813118692   -3.217435078
    1.427996661    2.094395102   59.793531056   30.833944172   -5.774136603
    1.618396215    2.094395102   66.006862053   32.831630699   -7.337841178
    1.808795770    2.094395102   71.692482188   25.269662648   -8.252477681
    1.999195325    2.094395102   75.089914752    9.168220450   -9.061924059
    2.189594880    2.094395102   74.835241937  -12.440526716  -10.253608288
    2.379994435    2.094395102   70.273319074  -35.296628175  -12.047868706
    2.570393989    2.094395102   61.616032400  -54.669588233  -14.296351264
    2.760793544    2.094395102   49.953801230  -66.260838006  -16.545750845
    2.951193099    2.094395102   37.062522311  -67.320028045  -18.215681824

   -3.141592654    2.443460953   18.743126718  -58.751650101  -12.185192887
   -2.951193099    2.443460953    9.275616116  -39.918940742  -11.304551992
   -2.760793544    2.443460953    3.677620268  -19.131537536   -9.622024411
   -2.570393989    2.443460953    1.739401516   -2.349729598   -7.276025465
   -2.379994435    2.443460953    2.279809073    6.551007842   -4.395121433
   -2.189594880    2.443460953    3.702875390    7.175670678   -1.031129671
   -1.999195325    2.443460953    4.677026820    2.573593379    2.783697529
   -1.808795770    2.443460953    4.670320621   -2.244821570    6.913653027
   -1.618396215    2.443460953    4.113170938   -2.573806541   11.041332041
   -1.427996661    2.443460953    4.136834369    3.986600047   14.717858423
   -1.237597106    2.443460953    6.027293405   16.611437341   17.525671141
   -1.047197551    2.443460953   10.647167130   31.943507313   19.234624727
   -0.856797996    2.443460953   18.097083441   45.553730424   19.848485540
   -0.666398442    2.443460953   27.666039437   53.684745457   19.528714744
   -0.475998887    2.443460953   38.068928903   54.095791395   18.461934819
   -0.285599332    2.443460953   47.765519808   46.342454094   16.757792749
   -0.095199777    2.443460953   55.296494077   31.734169443   14.409396235
    0.095199777    2.443460953   59.614627401   13.227762897   11.322089720
    0.285599332    2.443460953   60.377633472   -4.789212449    7.410170149
    0.475998887    2.443460953   58.149778095  -17.426472467    2.749660668
    0.666398442    2.443460953   54.349560485  -20.872977197   -2.299246044
    0.856797996    2.443460953   50.880837129  -14.081792319   -7.088818080
    1.047197551    2.443460953   49.500650346    0.387365772  -10.882644743
    1.237597106    2.443460953   51.187985238   17.080965506  -13.145003387
    1.427996661    2.443460953   55.760389451   29.754834137  -13.769646256
    1.618396215    2.443460953   61.955175079   33.525596248  -13.112379317
    1.808795770    2.443460953   67.838940236   26.440278087  -11.829826460
    1.999195325    2.443460953   71.404913281    9.607026975  -10.614486621
    2.189594880    2.443460953   71.100982684  -13.457241606   -9.964884969
    2.379994435    2.443460953   66.196541474  -37.823061905  -10.059645953
    2.570393989    2.443460953   56.955126015  -58.139629214  -10.743724717
    2.760793544    2.443460953   44.614674912  -69.736707491  -11.626561455
    2.951193099    2.443460953   31.138312601  -69.849699866  -12.233367240

   -3.141592654    2.792526803   15.922427548  -58.406320765    1.573845260
   -2.951193099    2.792526803    6.614027888  -38.581193407    3.183813629
   -2.760793544    2.792526803    1.374078602  -16.712064150    4.764295227
   -2.570393989    2.792526803    0.000000000    1.147087941    6.333371822
   -2.379994435    2.792526803    1.309106107   11.125305496    8.058073905
   -2.189594880    2.792526803    3.706687382   12.830911217   10.211294486
   -1.999195325    2.792526803    5.853988855    9.205221204   13.018550530
   -1.808795770    2.792526803    7.176950140    5.003721279   16.469535087
   -1.618396215    2.792526803    8.009445831    4.646055607   20.217872758
   -1.427996661    2.792526803    9.342217708   10.385855778   23.655042195
   -1.237597106    2.792526803   12.315532688   21.489828753   26.131366541
   -1.047197551    2.792526803   17.682588888   34.864480112   27.195849356
   -0.856797996    2.792526803   25.487872228   46.358972624   26.707325302
   -0.666398442    2.792526803   35.008628722   52.381978664   24.798338484
   -0.475998887    2.792526803   44.968311832   50.751129823   21.725888839
   -0.285599332    2.792526803   53.838785024   41.019208798   17.743160597
   -0.095199777    2.792526803   60.172636976   24.500433498   13.032287783
    0.095199777    2.792526803   62.943557419    4.253127023    7.721684372
    0.285599332    2.792526803   61.864888359  -15.052659041    1.977301349
    0.475998887    2.792526803   57.627266482  -28.084554282   -3.876647051
    0.666398442    2.792526803   51.861865038  -30.600866267   -9.292976670
    0.856797996    2.792526803   46.743080934  -21.454546161  -13.585151666
    1.047197551    2.792526803   44.269320083   -3.610702339  -16.160200176
    1.237597106    2.792526803   45.537615092   16.636909529  -16.779998682
    1.427996661    2.792526803   50.310879461   32.136576848  -15.669473993
    1.618396215    2.792526803   57.126242347   37.433742856  -13.417715230
    1.808795770    2.792526803   63.788487179   30.511080804  -10.725404951
    1.999195325    2.792526803   68.059779020   12.826060741   -8.153855651
    2.189594880    2.792526803   68.244843280  -11.569009480   -5.994298286
    2.379994435    2.792526803   63.571734475  -37.237038835   -4.268672301
    2.570393989    2.792526803   54.347544040  -58.457228128   -2.820593764
    2.760793544    2.792526803   41.905812092  -70.376490654   -1.444954561
    2.951193099    2.792526803   28.324722740  -70.227648854    0.008832432
