#! FIELDS phi psi file.free der_phi der_psi
#! SET min_phi -pi
#! SET max_phi pi
#! SET nbins_phi  33
#! SET periodic_phi true
#! SET min_psi -pi
#! SET max_psi pi
#! SET nbins_psi  18
#! SET periodic_psi true
   -3.141592654   -3.141592654   18.379328077  -53.632697048   17.823202666
   -2.951193099   -3.141592654    9.919738113  -34.653714424   20.183959017
   -2.760793544   -3.141592654    5.276531482  -14.498015194   21.510926782
   -2.570393989   -3.141592654    4.140721586    1.446463407   22.016937989
   -2.379994435   -3.141592654    5.379257838   10.250255003   22.206520326
   -2.189594880   -3.141592654    7.610076142   12.204996639   22.712851987
   -1.999195325   -3.141592654    9.783511343   10.308728231   24.054351067
   -1.808795770   -3.141592654   11.557669051    8.695259315   26.386196268
   -1.618396215   -3.141592654   13.337087549   10.769467055   29.382862074
   -1.427996661   -3.141592654   15.990310215   17.887019424   32.324836722
   -1.237597106   -3.141592654   20.405030725   28.859224446   34.361114380
   -1.047197551   -3.141592654   27.047395948   40.668660197   34.809912471
   -0.856797996   -3.141592654   35.722250616   49.548741679   33.331050076
   -0.666398442   -3.141592654   45.546772689   52.293867061   29.954489256
   -0.475998887   -3.141592654   55.146596394   47.007465209   24.965430011
   -0.285599332   -3.141592654   62.939767181   33.424651480   18.794251854
   -0.095199777   -3.141592654   67.463074086   13.106355889   11.929541412
    0.095199777   -3.141592654   67.739869148  -10.432766651    4.878797519
    0.285599332   -3.141592654   63.641499948  -31.844600297   -1.832684668
    0.475998887   -3.141592654   56.153845479  -45.080651316   -7.657737774
    0.666398442   -3.141592654   47.317482829  -45.473715550  -12.060640938
    0.856797996   -3.141592654   39.746130381  -32.025624684  -14.636964372
    1.047197551   -3.141592654   35.789308445   -8.486617019  -15.266047482
    1.237597106   -3.141592654   36.697391696   17.651698840  -14.203138595
    1.427996661   -3.141592654   42.150109709   37.992826146  -11.988071514
    1.618396215   -3.141592654   50.391964061   46.188639283   -9.225054134
    1.808795770   -3.141592654   58.820058789   39.947675449   -6.331395217
    1.999195325   -3.141592654   64.803590020   21.140091506   -3.422479795
    2.189594880   -3.141592654   66.388922156   -5.224622616   -0.379270245
    2.379994435   -3.141592654   62.748705369  -32.619406973    2.980202019
    2.570393989   -3.141592654   54.314469689  -54.606042851    6.721368867
    2.760793544   -3.141592654   42.616465350  -66.310812993   10.691676471
    2.951193099   -3.141592654   29.868206837  -65.579114347   14.538923337

   -3.141592654   -2.792526803   26.250437912  -49.141682425   25.654995887
   -2.951193099   -2.792526803   18.439397649  -32.349186370   27.814445200
   -2.760793544   -2.792526803   14.044487425  -14.101795873   28.693370062
   -2.570393989   -2.792526803   12.866093658    0.781444455   28.630313103
   -2.379994435   -2.792526803   13.969920977    9.703675334   28.232275665
   -2.189594880   -2.792526803   16.201050045   12.917545138   28.169931895
   -1.999195325   -2.792526803   18.688646344   12.947522425   28.932775061
   -1.808795770   -2.792526803   21.144733198   13.123840191   30.600810041
   -1.618396215   -2.792526803   23.863835421   15.986015031   32.754645949
   -1.427996661   -2.792526803   27.461240337   22.306499699   34.585544424
   -1.237597106   -2.792526803   32.507065960   30.829995579   35.183021439
   -1.047197551   -2.792526803   39.189018741   38.977328949   33.875558993
   -0.856797996   -2.792526803   47.147688877   43.721166259   30.434431543
   -0.666398442   -2.792526803   55.484601682   42.609663949   25.105300378
   -0.475998887   -2.792526803   62.940210482   34.366327778   18.450485492
   -0.285599332   -2.792526803   68.144737003   19.120327283   11.167861204
   -0.095199777   -2.792526803   69.900577992   -1.405594857    3.935695037
    0.095199777   -2.792526803   67.507892964  -23.731936495   -2.669708198
    0.285599332   -2.792526803   61.092877776  -42.696069214   -8.191285518
    0.475998887   -2.792526803   51.848844843  -52.546098280  -12.281782815
    0.666398442   -2.792526803   41.956702311  -49.046121976  -14.700389710
    0.856797996   -2.792526803   34.074399869  -31.765459751  -15.365493359
    1.047197551   -2.792526803   30.481003670   -5.078828216  -14.415109322
    1.237597106   -2.792526803   32.247268502   23.064704796  -12.225404927
    1.427996661   -2.792526803   38.822519676   44.199720713   -9.299019577
    1.618396215   -2.792526803   48.250751029   52.363938485   -6.084004601
    1.808795770   -2.792526803   57.829213534   45.879688652   -2.797994421
    1.999195325   -2.792526803   64.939744216   27.121559369    0.609818582
    2.189594880   -2.792526803   67.705410888    1.254254961    4.336294380
    2.379994435   -2.792526803   65.367186303  -25.426269161    8.536924504
    2.570393989   -2.792526803   58.356087847  -46.940103817   13.160682461
    2.760793544   -2.792526803   48.112292900  -58.851987000   17.892916961
    2.951193099   -2.792526803   36.694905796  -59.220757996   22.231502040

   -3.141592654   -2.443460953   34.823843049  -44.738372009   22.895593241
   -2.951193099   -2.443460953   27.642945068  -30.132150841   24.607965044
   -2.760793544   -2.443460953   23.485359262  -13.726500360   25.305688699
   -2.570393989   -2.443460953   22.266218254    0.146225630   25.293773772
   -2.379994435   -2.443460953   23.236020121    9.105268789   25.022870936
   -2.189594880   -2.443460953   25.432166650   13.269609487   24.929984146
   -1.999195325   -2.443460953   28.114573044   14.649806442   25.278770710
   -1.808795770   -2.443460953   31.000039630   15.802865467   26.017131195
   -1.618396215   -2.443460953   34.235718349   18.495495691   26.736782718
   -1.427996661   -2.443460953   38.169872037   23.069115098   26.779672663
   -1.237597106   -2.443460953   43.076299494   28.424419408   25.477791714
   -1.047197551   -2.443460953   48.933412006   32.686475949   22.438826020
   -0.856797996   -2.443460953   55.335960061   33.806282453   17.700784926
   -0.666398442   -2.443460953   61.521360377   30.169753455   11.726180111
   -0.475998887   -2.443460953   66.489791127   20.962214728    5.215992602
   -0.285599332   -2.443460953   69.176116781    6.325934726   -1.097718837
   -0.095199777   -2.443460953   68.655960755  -12.339424899   -6.618666903
    0.095199777   -2.443460953   64.424128670  -32.021676361  -10.970124264
    0.285599332   -2.443460953   56.711379891  -48.014279446  -13.991538294
    0.475998887   -2.443460953   46.737420044  -54.911834662  -15.687303644
    0.666398442   -2.443460953   36.655582400  -48.722474657  -16.151192154
    0.856797996   -2.443460953   29.055190325  -29.202175095  -15.523538823
    1.047197551   -2.443460953   26.114360789   -0.888977963  -13.978161280
    1.237597106   -2.443460953   28.776218179   28.180500937  -11.734395683
    1.427996661   -2.443460953   36.362465901   49.624838060   -9.032030794
    1.618396215   -2.443460953   46.824829601   57.780108167   -6.072643372
    1.808795770   -2.443460953   57.436548535   51.360073292   -2.944528161
    1.999195325   -2.443460953   65.623684334   33.011509745    0.396634630
    2.189594880   -2.443460953   69.580221252    7.908134076    4.048638717
    2.379994435   -2.443460953   68.591076555  -17.943206715    8.052164245
    2.570393989   -2.443460953   63.057759360  -39.012364676   12.285764560
    2.760793544   -2.443460953   54.307437008  -51.251909427   16.441791506
    2.951193099   -2.443460953   44.233817799  -52.860825061   20.105119214

   -3.141592654   -2.094395102   41.040631644  -41.150318945   13.249517776
   -2.951193099   -2.094395102   34.410604384  -27.927685748   14.263046141
   -2.760793544   -2.094395102   30.557110094  -12.684206825   14.802124786
   -2.570393989   -2.094395102   29.457715603    0.439498005   15.050146830
   -2.379994435   -2.094395102   30.447427753    9.087105530   15.164935073
   -2.189594880   -2.094395102   32.636077256   13.238865509   15.208779447
   -1.999195325   -2.094395102   35.313550182   14.595058879   15.125555460
   -1.808795770   -2.094395102   38.155626199   15.297527593   14.735464097
   -1.618396215   -2.094395102   41.190595356   16.744181707   13.764632888
   -1.427996661   -2.094395102   44.599737702   19.169685633   11.920834503
   -1.237597106   -2.094395102   48.507313415   21.791937937    9.007552319
   -1.047197551   -2.094395102   52.841483735   23.410149725    5.057456230
   -0.856797996   -2.094395102   57.288657040   22.756539235    0.370046440
   -0.666398442   -2.094395102   61.309871993   18.749403131   -4.543160889
   -0.475998887   -2.094395102   64.188561984   10.669802504   -9.119264189
   -0.285599332   -2.094395102   65.117978066   -1.680378639  -12.895791226
   -0.095199777   -2.094395102   63.339557955  -17.506744022  -15.607960310
    0.095199777   -2.094395102   58.392573838  -34.417964940  -17.220201295
    0.285599332   -2.094395102   50.448001850  -48.159498662  -17.881415435
    0.475998887   -2.094395102   40.605366831  -53.492432492  -17.841528343
    0.666398442   -2.094395102   30.893799061  -46.324417123  -17.335686413
    0.856797996   -2.094395102   23.813006460  -26.169330748  -16.491422105
    1.047197551   -2.094395102   21.498141032    2.649848390  -15.301568516
    1.237597106   -2.094395102   24.878203433   32.185655290  -13.684654771
    1.427996661   -2.094395102   33.267903193   54.046371190  -11.579496729
    1.618396215   -2.094395102   44.607745684   62.558085186   -9.010430822
    1.808795770   -2.094395102   56.162298042   56.483578554   -6.081973731
    1.999195325   -2.094395102   65.362173432   38.523475985   -2.921995742
    2.189594880   -2.094395102   70.410039669   13.847639191    0.339513432
    2.379994435   -2.094395102   70.587863651  -11.667130760    3.581269938
    2.570393989   -2.094395102   66.260113149  -32.702851016    6.659749461
    2.760793544   -2.094395102   58.677771562  -45.387979344    9.400340671
    2.951193099   -2.094395102   49.637241119  -47.954736302   11.631353523

   -3.141592654   -1.745329252   43.290200110  -39.360287487    4.509049520
   -2.951193099   -1.745329252   36.957295023  -26.579773984    4.960368985
   -2.760793544   -1.745329252   33.328469491  -11.663321539    5.260382751
   -2.570393989   -1.745329252   32.395428668    1.155916715    5.422140131
   -2.379994435   -1.745329252   33.482703826    9.354810040    5.346775950
   -2.189594880   -1.745329252   35.656115450   12.746803274    4.834941429
   -1.999195325   -1.745329252   38.133402031   12.906231929    3.669253421
   -1.808795770   -1.745329252   40.502873718   11.952009848    1.705578549
   -1.618396215   -1.745329252   42.714575249   11.411495606   -1.063979469
   -1.427996661   -1.745329252   44.914712219   11.835822124   -4.491242624
   -1.237597106   -1.745329252   47.268289090   12.930874737   -8.301465890
   -1.047197551   -1.745329252   49.843915047   13.999867714  -12.122728233
   -0.856797996   -1.745329252   52.548131350   14.085882258  -15.555552023
   -0.666398442   -1.745329252   55.088179376   12.040291631  -18.239667688
   -0.475998887   -1.745329252   56.942559087    6.699678352  -19.938816449
   -0.285599332   -1.745329252   57.392047540   -2.781554419  -20.592032579
   -0.095199777   -1.745329252   55.642011813  -16.230545461  -20.319908979
    0.095199777   -1.745329252   51.094967476  -31.658500456  -19.404882742
    0.285599332   -1.745329252   43.735766540  -44.928960346  -18.214764491
    0.475998887   -1.745329252   34.484341768  -50.615548065  -17.099164177
    0.666398442   -1.745329252   25.251380281  -44.193496219  -16.261282374
    0.856797996   -1.745329252   18.511768357  -24.652910959  -15.670415309
    1.047197551   -1.745329252   16.467434616    4.082634656  -15.076397699
    1.237597106   -1.745329252   20.163368579   34.161249258  -14.143413565
    1.427996661   -1.745329252   29.017491147   56.977277155  -12.630433827
    1.618396215   -1.745329252   41.013863986   66.479985123  -10.510296934
    1.808795770   -1.745329252   53.389719098   61.114616825   -7.965911190
    1.999195325   -1.745329252   63.505160842   43.420104995   -5.277725363
    2.189594880   -1.745329252   69.478269903   18.599079010   -2.718431932
    2.379994435   -1.745329252   70.523303169   -7.356560590   -0.469892826
    2.570393989   -1.745329252   66.960801494  -29.001145058    1.376584765
    2.760793544   -1.745329252   60.019780242  -42.360810530    2.798236390
    2.951193099   -1.745329252   51.491918796  -45.585693221    3.819010640

   -3.141592654   -1.396263402   41.681395608  -39.577237301    1.617894198
   -2.951193099   -1.396263402   35.334579041  -26.491627412    1.273438283
   -2.760793544   -1.396263402   31.753381165  -11.287693973    0.897057189
   -2.570393989   -1.396263402   30.894541555    1.470533515    0.510581333
   -2.379994435   -1.396263402   31.987082035    8.971221911   -0.058100511
   -2.189594880   -1.396263402   33.962853023   10.938957655   -1.152169064
   -1.999195325   -1.396263402   35.914227284    9.130663461   -3.134030247
   -1.808795770   -1.396263402   37.365118208    6.107851612   -6.187011494
   -1.618396215   -1.396263402   38.300189522    3.974051759  -10.176210659
   -1.427996661   -1.396263402   39.008354073    3.795408948  -14.633505433
   -1.237597106   -1.396263402   39.874305516    5.564937888  -18.896625187
   -1.047197551   -1.396263402   41.211508233    8.539407900  -22.295699326
   -0.856797996   -1.396263402   43.130330600   11.397945489  -24.346223102
   -0.666398442   -1.396263402   45.451571340   12.427718361  -24.845335756
   -0.475998887   -1.396263402   47.653354226    9.861239275  -23.892404186
   -0.285599332   -1.396263402   48.909397940    2.365870460  -21.834851206
   -0.095199777   -1.396263402   48.242437756  -10.202763954  -19.164413162
    0.095199777   -1.396263402   44.831299971  -25.951783662  -16.421491354
    0.285599332   -1.396263402   38.441077661  -40.607492430  -14.074346269
    0.475998887   -1.396263402   29.824290307  -48.329806532  -12.419113982
    0.666398442   -1.396263402   20.827844360  -43.936053649  -11.499704427
    0.856797996   -1.396263402   13.996816991  -25.710772890  -11.099691006
    1.047197551   -1.396263402   11.718133689    2.877747934  -10.828134247
    1.237597106   -1.396263402   15.264543842   33.940318047  -10.283085514
    1.427996661   -1.396263402   24.226630580   58.363612429   -9.215934120
    1.618396215   -1.396263402   36.639609687   69.380469198   -7.610437462
    1.808795770   -1.396263402   49.663186339   64.870071797   -5.647528512
    1.999195325   -1.396263402   60.506191301   47.153456292   -3.590256222
    2.189594880   -1.396263402   67.129749758   21.599666024   -1.692924907
    2.379994435   -1.396263402   68.645670453   -5.442351038   -0.135194714
    2.570393989   -1.396263402   65.343897013  -28.147186921    0.976106863
    2.760793544   -1.396263402   58.486067027  -42.274742234    1.604720213
    2.951193099   -1.396263402   49.933734709  -45.848206009    1.781192553

   -3.141592654   -1.047197551   38.777996174  -42.291688279    2.901359732
   -2.951193099   -1.047197551   31.953929757  -28.715730056    1.706251598
   -2.760793544   -1.047197551   28.021806263  -12.746088701    0.403081596
   -2.570393989   -1.047197551   26.945104827    0.554938262   -0.937147397
   -2.379994435   -1.047197551   27.859027136    7.852105295   -2.440398143
   -2.189594880   -1.047197551   29.524829207    8.643109959   -4.419454045
   -1.999195325   -1.047197551   30.865612797    4.943131895   -7.209220435
   -1.808795770   -1.047197551   31.331343421    0.016955478  -10.928611426
   -1.618396215   -1.047197551   30.986507507   -3.171435892  -15.312253704
   -1.427996661   -1.047197551   30.347611343   -2.940502445  -19.710434401
   -1.237597106   -1.047197551   30.096644729    0.811122595  -23.297682069
   -1.047197551   -1.047197551   30.813561900    6.907671829  -25.356792552
   -0.856797996   -1.047197551   32.755214385   13.261236445  -25.523829289
   -0.666398442   -1.047197551   35.734812429   17.344245215  -23.874659432
   -0.475998887   -1.047197551   39.083214416   16.765263516  -20.855437607
   -0.285599332   -1.047197551   41.735552386    9.888337926  -17.119500528
   -0.095199777   -1.047197551   42.449773526   -3.434315923  -13.324510498
    0.095199777   -1.047197551   40.166136913  -21.022925141   -9.981909945
    0.285599332   -1.047197551   34.488652948  -38.093333528   -7.359981344
    0.475998887   -1.047197551   26.121683478  -48.151216673   -5.483063863
    0.666398442   -1.047197551   16.991290132  -45.359739090   -4.194092426
    0.856797996   -1.047197551    9.828896873  -27.570391256   -3.257730977
    1.047197551   -1.047197551    7.253405160    1.781316298   -2.455122146
    1.237597106   -1.047197551   10.732876253   34.400872544   -1.639991568
    1.427996661   -1.047197551   19.947445432   60.507330715   -0.752712223
    1.618396215   -1.047197551   32.894392205   72.710199763    0.203254058
    1.808795770   -1.047197551   46.599650897   68.544027310    1.194988115
    1.999195325   -1.047197551   58.106177492   50.313948398    2.178678895
    2.189594880   -1.047197551   65.231417951   23.630040991    3.087669153
    2.379994435   -1.047197551   67.000344897   -4.839711863    3.825972010
    2.570393989   -1.047197551   63.676112084  -28.958830151    4.263767003
    2.760793544   -1.047197551   56.548143794  -44.235582199    4.279242847
    2.951193099   -1.047197551   47.548738325  -48.482730446    3.808056594

   -3.141592654   -0.698131701   38.295822674  -46.062108929    3.010679980
   -2.951193099   -0.698131701   30.734201902  -32.599330947    0.729073079
   -2.760793544   -0.698131701   26.086720473  -16.331606397   -1.638294285
   -2.570393989   -0.698131701   24.362311687   -2.694469768   -3.932353910
   -2.379994435   -0.698131701   24.657891214    4.502566477   -6.210135279
   -2.189594880   -0.698131701   25.621845961    4.505199230   -8.739193980
   -1.999195325   -0.698131701   26.057344783   -0.462199209  -11.805190290
   -1.808795770   -0.698131701   25.381247767   -6.469612931  -15.437613465
   -1.618396215   -0.698131701   23.772584851   -9.727993901  -19.239184382
   -1.427996661   -0.698131701   21.999023476   -8.030521416  -22.441803568
   -1.237597106   -0.698131701   21.037189206   -1.362366955  -24.205557302
   -1.047197551   -0.698131701   21.685448026    8.408857019  -23.982409091
   -0.856797996   -0.698131701   24.252715533   18.209445767  -21.753609333
   -0.666398442   -0.698131701   28.421244035   24.646216756  -18.029101303
   -0.475998887   -0.698131701   33.262099105   24.861885500  -13.626546467
   -0.285599332   -0.698131701   37.409320475   17.265755410   -9.375985847
   -0.095199777   -0.698131701   39.371056256    2.164589079   -5.847125193
    0.095199777   -0.698131701   37.949385874  -17.569583361   -3.217680551
    0.285599332   -0.698131701   32.745834106  -36.467815741   -1.294365368
    0.475998887   -0.698131701   24.574371448  -47.575727201    0.311782295
    0.666398442   -0.698131701   15.525474044  -44.953797697    1.946512920
    0.856797996   -0.698131701    8.479950469  -26.691845479    3.725438958
    1.047197551   -0.698131701    6.139275898    3.354902536    5.503317207
    1.237597106   -0.698131701    9.975082482   36.508701121    7.002969137
    1.427996661   -0.698131701   19.615288131   62.798781833    7.999080758
    1.618396215   -0.698131701   32.990048179   74.861692661    8.443835589
    1.808795770   -0.698131701   47.075010247   70.355848916    8.470812221
    1.999195325   -0.698131701   58.885177646   51.674015138    8.286206011
    2.189594880   -0.698131701   66.217098783   24.416785262    8.039673873
    2.379994435   -0.698131701   68.066111228   -4.823595931    7.739230886
    2.570393989   -0.698131701   64.653182836  -29.938023816    7.247079462
    2.760793544   -0.698131701   57.232087159  -46.341704076    6.365607968
    2.951193099   -0.698131701   47.730397406  -51.606841356    4.948807224

   -3.141592654   -0.349065850   38.819020879  -51.142362352    2.783140307
   -2.951193099   -0.349065850   30.251230121  -37.969771254   -0.247272845
   -2.760793544   -0.349065850   24.599108855  -21.435225735   -3.288454982
   -2.570393989   -0.349065850   21.950054644   -7.299794819   -6.145112009
   -2.379994435   -0.349065850   21.399491155    0.148696490   -8.821492607
   -2.189594880   -0.349065850   21.517886751   -0.104868222  -11.502715169
   -1.999195325   -0.349065850   21.024259487   -5.609650097  -14.360661926
   -1.808795770   -0.349065850   19.341778687  -11.756889697  -17.295722976
   -1.618396215   -0.349065850   16.799681340  -14.000746506  -19.814005499
   -1.427996661   -0.349065850   14.426773376   -9.812046549  -21.158669947
   -1.237597106   -0.349065850   13.454524866    0.421182340  -20.667496179
   -1.047197551   -0.349065850   14.797190933   13.837513752  -18.145792867
   -0.856797996   -0.349065850   18.669616143   26.231332926  -14.015172586
   -0.666398442   -0.349065850   24.473682361   33.475241026   -9.173014655
   -0.475998887   -0.349065850   30.922375851   32.635661943   -4.619655460
   -0.285599332   -0.349065850   36.341518857   22.708738860   -1.083790530
   -0.095199777   -0.349065850   39.086050148    4.978678774    1.227631198
    0.095199777   -0.349065850   37.999084289  -16.684221965    2.651176742
    0.285599332   -0.349065850   32.884122167  -36.181515263    3.865841914
    0.475998887   -0.349065850   24.819575524  -46.556644932    5.540442706
    0.666398442   -0.349065850   16.099730541  -42.482035925    7.980786444
    0.856797996   -0.349065850    9.657955644  -22.941242307   10.961230406
    1.047197551   -0.349065850    8.087656255    7.502304727   13.847709690
    1.237597106   -0.349065850   12.666173286   39.995580844   15.940210285
    1.427996661   -0.349065850   22.847846720   64.928535319   16.818707160
    1.618396215   -0.349065850   36.487307057   75.549062182   16.501987028
    1.808795770   -0.349065850   50.594055332   69.986284711   15.363096402
    1.999195325   -0.349065850   62.274291492   50.759282496   13.876284467
    2.189594880   -0.349065850   69.406186263   23.255795572   12.387843001
    2.379994435   -0.349065850   71.008529737   -6.291818193   10.986975256
    2.570393989   -0.349065850   67.261404235  -32.045066003    9.528472549
    2.760793544   -0.349065850   59.348573007  -49.451980313    7.768016899
    2.951193099   -0.349065850   49.147220806  -55.833989695    5.519513758

   -3.141592654    0.000000000   39.974877451  -56.401851836    1.854460769
   -2.951193099    0.000000000   30.363954122  -43.577640485   -1.115342715
   -2.760793544    0.000000000   23.642782116  -26.995104859   -3.962741602
   -2.570393989    0.000000000   19.957098961  -12.612940364   -6.555962018
   -2.379994435    0.000000000   18.413407729   -4.991205772   -8.919736474
   -2.189594880    0.000000000   17.557559047   -5.202413181  -11.184772684
   -1.999195325    0.000000000   16.108499082  -10.465616662  -13.407755714
   -1.808795770    0.000000000   13.582180860  -15.580523743  -15.371889017
   -1.618396215    0.000000000   10.507313762  -15.548643528  -16.548686720
   -1.427996661    0.000000000    8.149482951   -7.961374430  -16.301344431
   -1.237597106    0.000000000    7.886226854    5.972500216  -14.247245846
   -1.047197551    0.000000000   10.576693543   22.201361862  -10.558357884
   -0.856797996    0.000000000   16.166677741   35.545272922   -5.967764341
   -0.666398442    0.000000000   23.664933011   41.625352578   -1.493786659
   -0.475998887    0.000000000   31.423838623   38.066975183    2.003193919
   -0.285599332    0.000000000   37.575148855   24.999734338    4.158543375
   -0.095199777    0.000000000   40.513779824    4.950466949    5.222709064
    0.095199777    0.000000000   39.332128825  -17.330327457    5.925598997
    0.285599332    0.000000000   34.186761223  -35.576571448    7.141024958
    0.475998887    0.000000000   26.462123451  -43.486453305    9.478611237
    0.666398442    0.000000000   18.572963094  -36.955834968   12.964575014
    0.856797996    0.000000000   13.329410718  -16.178991843   16.985348468
    1.047197551    0.000000000   13.020068543   13.665558647   20.555233298
    1.237597106    0.000000000   18.584562138   43.987523384   22.771196424
    1.427996661    0.000000000   29.258044940   66.083362833   23.199027166
    1.618396215    0.000000000   42.867493743   74.217128886   21.990728511
    1.808795770    0.000000000   56.557884064   67.130968466   19.715511126
    1.999195325    0.000000000   67.631775411   47.398589427   17.026484876
    2.189594880    0.000000000   74.128675893   20.008443888   14.398627702
    2.379994435    0.000000000   75.133769541   -9.346506191   11.996027864
    2.570393989    0.000000000   70.799473829  -35.230915353    9.718103865
    2.760793544    0.000000000   62.233114164  -53.202687444    7.351197922
    2.951193099    0.000000000   51.242626277  -60.386870268    4.730761771

   -3.141592654    0.349065850   41.857169924  -60.852890493    1.588039290
   -2.951193099    0.349065850   31.369325716  -48.267721503   -0.420194103
   -2.760793544    0.349065850   23.756019250  -31.621861697   -2.206679668
   -2.570393989    0.349065850   19.210942367  -16.988244885   -3.776906014
   -2.379994435    0.349065850   16.859823432   -9.093093628   -5.219824719
   -2.189594880    0.349065850   15.248452539   -9.015110571   -6.638080102
   -1.999195325    0.349065850   13.120230093  -13.701598103   -8.019781406
   -1.808795770    0.349065850   10.085122666  -17.539048923   -9.127398085
   -1.618396215    0.349065850    6.831374900  -15.319784842   -9.529234061
   -1.427996661    0.349065850    4.777912084   -4.944432117   -8.805758422
   -1.237597106    0.349065850    5.344290344   11.546247809   -6.827245620
   -1.047197551    0.349065850    9.250696816   29.138229400   -3.921824699
   -0.856797996    0.349065850   16.154410147   42.105213936   -0.768423731
   -0.666398442    0.349065850   24.739647055   46.282367607    1.909665661
   -0.475998887    0.349065850   33.143207286   40.164455818    3.705899587
   -0.285599332    0.349065850   39.480217187   25.020087744    4.713166445
   -0.095199777    0.349065850   42.333492705    4.321163807    5.472725038
    0.095199777    0.349065850   41.114175033  -16.802757143    6.739883057
    0.285599332    0.349065850   36.300798614  -32.445140625    9.149509124
    0.475998887    0.349065850   29.464499835  -37.330336114   12.903227386
    0.666398442    0.349065850   22.975159035  -28.676898145   17.597452521
    0.856797996    0.349065850   19.363420735   -7.698735527   22.300881903
    1.047197551    0.349065850   20.514431961   20.194509889   25.903250286
    1.237597106    0.349065850   27.010172032   47.090197716   27.564467289
    1.427996661    0.349065850   37.915850279   65.483281872   27.036231688
    1.618396215    0.349065850   51.117333442   70.751397416   24.689596389
    1.808795770    0.349065850   63.983945204   62.188586848   21.272944306
    1.999195325    0.349065850   74.082958499   42.287383411   17.553846060
    2.189594880    0.349065850   79.656379379   15.493018925   14.071770085
    2.379994435    0.349065850   79.872836262  -13.144020230   11.037371632
    2.570393989    0.349065850   74.858617585  -38.656193969    8.404627365
    2.760793544    0.349065850   65.636649931  -56.745386178    6.019885926
    2.951193099    0.349065850   53.932248900  -64.374478815    3.756541048

   -3.141592654    0.698131701   43.292058787  -63.007369143    0.748824342
   -2.951193099    0.698131701   32.409983343  -50.249461129    0.351368034
   -2.760793544    0.698131701   24.427847795  -33.517625636    0.203853626
   -2.570393989    0.698131701   19.522279668  -18.883258174    0.098832221
   -2.379994435    0.698131701   16.806362746  -11.017215593   -0.136528820
   -2.189594880    0.698131701   14.831746273  -10.868896350   -0.572641905
   -1.999195325    0.698131701   12.379339603  -15.184015320   -1.147965050
   -1.808795770    0.698131701    9.133364418  -18.187031891   -1.675697823
   -1.618396215    0.698131701    5.870443251  -14.716263740   -1.916701821
   -1.427996661    0.698131701    4.060530731   -3.018305364   -1.704625170
   -1.237597106    0.698131701    5.086939642   14.325580637   -1.050998601
   -1.047197551    0.698131701    9.534229985   31.875253695   -0.162991478
   -0.856797996    0.698131701   16.882497701   43.911078589    0.696473736
   -0.666398442    0.698131701   25.688396417   46.792870188    1.391408631
   -0.475998887    0.698131701   34.093340364   39.809754913    2.058918285
   -0.285599332    0.698131701   40.365279550   24.913886684    3.087453340
   -0.095199777    0.698131701   43.333781540    5.863873947    4.955901459
    0.095199777    0.698131701   42.659679069  -12.480890039    8.029786755
    0.285599332    0.698131701   38.969302678  -24.998077420   12.365803086
    0.475998887    0.698131701   33.798101011  -27.508507136   17.592355594
    0.666398442    0.698131701   29.270313067  -18.268918116   22.918840394
    0.856797996    0.698131701   27.515059960    1.006046473   27.315606572
    1.047197551    0.698131701   29.997794281   25.225109839   29.850665833
    1.237597106    0.698131701   37.019210863   47.547833869   30.027366431
    1.427996661    0.698131701   47.601259223   61.802846031   27.950045934
    1.618396215    0.698131701   59.815475168   64.354340359   24.233212721
    1.808795770    0.698131701   71.342948716   54.791668514   19.716513581
    1.999195325    0.698131701   80.053980827   35.287048702   15.155330008
    2.189594880    0.698131701   84.396881616    9.633133588   11.055264052
    2.379994435    0.698131701   83.620829693  -17.728846750    7.643224283
    2.570393989    0.698131701   77.837158504  -42.208509288    4.957700629
    2.760793544    0.698131701   68.009973403  -59.605803036    2.957121947
    2.951193099    0.698131701   55.804760499  -66.808471909    1.580205959

   -3.141592654    1.047197551   42.336214267  -63.071034926   -4.284089146
   -2.951193099    1.047197551   31.537648228  -49.377096842   -3.311741445
   -2.760793544    1.047197551   23.766930392  -32.255875915   -2.001998352
   -2.570393989    1.047197551   19.094735817  -17.764095807   -0.732228837
   -2.379994435    1.047197551   16.550386211  -10.355027992    0.246891819
   -2.189594880    1.047197551   14.652640800  -10.702966025    0.866208429
   -1.999195325    1.047197551   12.197398228  -15.340327931    1.180107791
   -1.808795770    1.047197551    8.909776273  -18.434664040    1.273835091
   -1.618396215    1.047197551    5.602093820  -14.936676555    1.191763828
   -1.427996661    1.047197551    3.748339852   -3.288891561    0.923054449
   -1.237597106    1.047197551    4.702366702   13.787288227    0.456410845
   -1.047197551    1.047197551    9.008530384   30.922894806   -0.148058944
   -0.856797996    1.047197551   16.147445770   42.721645154   -0.676398779
   -0.666398442    1.047197551   24.752068474   46.007484457   -0.759528797
   -0.475998887    1.047197551   33.121531550   40.400951337    0.058217662
   -0.285599332    1.047197551   39.715110821   27.836931215    2.165666656
   -0.095199777    1.047197551   43.511112437   11.671677398    5.715979186
    0.095199777    1.047197551   44.211897302   -3.937141696   10.533527084
    0.285599332    1.047197551   42.338974346  -14.670794358   16.095183618
    0.475998887    1.047197551   39.178740565  -17.024251407   21.601875205
    0.666398442    1.047197551   36.508980419   -9.561782978   26.128291432
    0.856797996    1.047197551   36.104391200    6.258422071   28.840572534
    1.047197551    1.047197551   39.179537648   26.141319169   29.239731354
    1.237597106    1.047197551   45.969553500   44.320145718   27.322865809
    1.427996661    1.047197551   55.624766688   55.528744557   23.563918554
    1.618396215    1.047197551   66.471372047   56.509914595   18.720024360
    1.808795770    1.047197551   76.463710430   46.688282671   13.552784669
    1.999195325    1.047197551   83.679324185   27.780192115    8.626589624
    2.189594880    1.047197551   86.684017192    3.118270236    4.274565567
    2.379994435    1.047197551   84.774272635  -23.106340450    0.670431145
    2.570393989    1.047197551   78.081442441  -46.358660070   -2.065135529
    2.760793544    1.047197551   67.589980589  -62.409639098   -3.820444805
    2.951193099    1.047197551   54.985490389  -68.190987535   -4.534545530

   -3.141592654    1.396263402   37.380864953  -61.935851211   -9.243098869
   -2.951193099    1.396263402   26.986019581  -46.372889007   -7.564089960
   -2.760793544    1.396263402   19.903928470  -28.164609914   -5.582207773
   -2.570393989    1.396263402   16.045919876  -13.432741250   -3.738698889
   -2.379994435    1.396263402   14.295314530   -6.430207982   -2.254781992
   -2.189594880    1.396263402   13.073408204   -7.574073294   -1.101109519
   -1.999195325    1.396263402   11.119801397  -13.233055377   -0.146998115
   -1.808795770    1.396263402    8.121707960  -17.534619457    0.660245640
   -1.618396215    1.396263402    4.857717300  -15.404075898    1.225027955
   -1.427996661    1.396263402    2.783425377   -5.121344926    1.384870464
   -1.237597106    1.396263402    3.285020218   10.951706905    1.092582438
   -1.047197551    1.396263402    7.019248375   27.920027953    0.537132144
   -0.856797996    1.396263402   13.666324178   40.768909124    0.158130413
   -0.666398442    1.396263402   22.103916367   46.401146840    0.507957619
   -0.475998887    1.396263402   30.850788424   44.076461669    2.062357984
   -0.285599332    1.396263402   38.479070132   34.985396213    5.037543338
   -0.095199777    1.396263402   43.917802858   21.586570265    9.274469210
    0.095199777    1.396263402   46.655508423    7.244723545   14.248912143
    0.285599332    1.396263402   46.878833965   -4.168555618   19.164645892
    0.475998887    1.396263402   45.498663651   -9.117869826   23.132659464
    0.666398442    1.396263402   43.970367237   -5.642529945   25.383995069
    0.856797996    1.396263402   43.885104798    5.700232904   25.478659683
    1.047197551    1.396263402   46.460479186   21.615572938   23.426431122
    1.237597106    1.396263402   52.108004346   37.087369993   19.673040373
    1.427996661    1.396263402   60.248308680   47.082281253   14.924436147
    1.618396215    1.396263402   69.468816397   48.018228109    9.898296768
    1.808795770    1.396263402   77.891234041   38.726394888    5.106518479
    1.999195325    1.396263402   83.650562612   20.429699212    0.792205166
    2.189594880    1.396263402   85.307068195   -3.695783919   -2.969732719
    2.379994435    1.396263402   82.156851202  -29.271205453   -6.120468582
    2.570393989    1.396263402   74.383442817  -51.440449101   -8.505078629
    2.760793544    1.396263402   63.075929157  -65.784625614   -9.896499899
    2.951193099    1.396263402   50.032686119  -69.358653709  -10.125289994

   -3.141592654    1.745329252   31.385470048  -59.406261410  -16.090497545
   -2.951193099    1.745329252   21.622539452  -42.424378826  -14.705021732
   -2.760793544    1.745329252   15.346642605  -23.804791553  -12.700057864
   -2.570393989    1.745329252   12.290585127   -9.470932246  -10.398942430
   -2.379994435    1.745329252   11.226684713   -3.196486176   -7.988959099
   -2.189594880    1.745329252   10.552727829   -5.032705858   -5.491086148
   -1.999195325    1.745329252    9.024701563  -11.307725474   -2.895779222
   -1.808795770    1.745329252    6.327061627  -16.347404463   -0.321659631
   -1.618396215    1.745329252    3.199377414  -15.207418153    1.950415696
   -1.427996661    1.745329252    1.061391650   -5.967965400    3.608368478
   -1.237597106    1.745329252    1.334906688    9.512859620    4.535723232
   -1.047197551    1.745329252    4.815601133   26.883370566    4.937591216
   -0.856797996    1.745329252   11.402508511   41.365520669    5.301629551
   -0.666398442    1.745329252   20.192778361   49.629504181    6.183212674
   -0.475998887    1.745329252   29.838848467   50.287737521    7.964856468
   -0.285599332    1.745329252   38.900438199   43.671366420   10.684146993
   -0.095199777    1.745329252   46.131021802   31.449173055   13.982298292
    0.095199777    1.745329252   50.717252044   16.475978940   17.193137803
    0.285599332    1.745329252   52.488264044    2.570592773   19.511801960
    0.475998887    1.745329252   52.037200276   -6.268322284   20.239186117
    0.666398442    1.745329252   50.631608667   -7.195504205   19.009267488
    0.856797996    1.745329252   49.864112438    0.257207819   15.936901999
    1.047197551    1.745329252   51.134074475   13.611966147   11.575405866
    1.237597106    1.745329252   55.144618988   28.152028296    6.718443903
    1.427996661    1.745329252   61.606576833   38.557198793    2.102276028
    1.618396215    1.745329252   69.301241471   40.556429552   -1.829805995
    1.808795770    1.745329252   76.405851179   32.292017079   -5.018412405
    1.999195325    1.745329252   81.007292334   14.634124927   -7.684142668
    2.189594880    1.745329252   81.595182840   -9.136381536  -10.103226340
    2.379994435    1.745329252   77.449851982  -34.206100872  -12.402697693
    2.570393989    1.745329252   68.829280476  -55.269393369  -14.455379111
    2.760793544    1.745329252   56.957402278  -67.752140487  -15.945999902
    2.951193099    1.745329252   43.756491254  -69.006263242  -16.540832777

   -3.141592654    2.094395102   24.534047651  -58.239376921  -18.372649257
   -2.951193099    2.094395102   15.143868397  -39.756870126  -17.206673612
   -2.760793544    2.094395102    9.479387786  -20.140620455  -15.339917951
   -2.570393989    2.094395102    7.178931423   -5.263132300  -12.987426666
   -2.379994435    2.094395102    6.950721581    1.352975518  -10.277729280
   -2.189594880    2.094395102    7.171693239   -0.194704056   -7.212359441
   -1.999195325    2.094395102    6.582333170   -6.336652074   -3.777877279
   -1.808795770    2.094395102    4.813447172  -11.655150213   -0.097498500
   -1.618396215    2.094395102    2.510366798  -11.329499849    3.518503720
   -1.427996661    2.094395102    1.006525881   -3.202047241    6.679450119
   -1.237597106    2.094395102    1.715352608   11.397041237    9.128243593
   -1.047197551    2.094395102    5.528175075   28.630738215   10.877924932
   -0.856797996    2.094395102   12.507388259   43.866989288   12.191418653
   -0.666398442    2.094395102   21.895298332   53.449186747   13.403369747
   -0.475998887    2.094395102   32.393474814   55.344552079   14.715123417
   -0.285599332    2.094395102   42.478968864   49.185061893   16.068738477
   -0.095199777    2.094395102   50.704054222   36.143174078   17.134841384
    0.095199777    2.094395102   55.992062710   18.923712912   17.413501057
    0.285599332    2.094395102   57.922073666    1.654529245   16.398072146
    0.475998887    2.094395102   56.939085642  -10.926709557   13.793813408
    0.666398442    2.094395102   54.329083453  -14.998197922    9.687438621
    0.856797996    2.094395102   51.884600349   -9.260299906    4.605203539
    1.047197551    2.094395102   51.320450710    4.156844028   -0.643503073
    1.237597106    2.094395102   53.659731041   20.239104688   -5.248186205
    1.427996661    2.094395102   58.825011607   32.891051859   -8.694472085
    1.618396215    2.094395102   65.645414156   36.944915867  -10.913544820
    1.808795770    2.094395102   72.195525304   29.916195272  -12.238068415
    1.999195325    2.094395102   76.383322954   12.524930138  -13.188037148
    2.189594880    2.094395102   76.537721729  -11.637556135  -14.209287466
    2.379994435    2.094395102   71.867228377  -37.168382484  -15.489479413
    2.570393989    2.094395102   62.674379874  -58.189567223  -16.898119403
    2.760793544    2.094395102   50.311906739  -69.836959788  -18.086479990
    2.951193099    2.094395102   36.848973124  -69.586727548  -18.659898163

   -3.141592654    2.443460953   18.260038944  -58.046166016  -12.561128456
   -2.951193099    2.443460953    9.020437349  -38.391238347  -11.247315169
   -2.760793544    2.443460953    3.721200353  -17.695660750   -9.439222864
   -2.570393989    2.443460953    1.982668586   -1.819036086   -7.227753244
   -2.379994435    2.443460953    2.509512001    5.849178416   -4.636101675
   -2.189594880    2.443460953    3.695181040    5.446001693   -1.593050666
   -1.999195325    2.443460953    4.284882099    0.362698587    1.975206727
   -1.808795770    2.443460953    3.861478746   -4.325881263    6.002780586
   -1.618396215    2.443460953    2.959683696   -4.074098591   10.207258896
   -1.427996661    2.443460953    2.774951813    3.301897307   14.150385107
   -1.237597106    2.443460953    4.620213576   16.804696474   17.417065440
   -1.047197551    2.443460953    9.362378706   33.020457117   19.767981963
   -0.856797996    2.443460953   17.103748787   47.527732210   21.171515716
   -0.666398442    2.443460953   27.134278678   56.535075843   21.705998092
   -0.475998887    2.443460953   38.152114791   57.642336137   21.420683342
   -0.285599332    2.443460953   48.555241429   50.094300436   20.258796045
   -0.095199777    2.443460953   56.757813052   34.862410982   18.066776284
    0.095199777    2.443460953   61.535715174   14.752240713   14.679653624
    0.285599332    2.443460953   62.372720456   -5.643032632   10.048956127
    0.475998887    2.443460953   59.736536444  -20.843364273    4.387900256
    0.666398442    2.443460953   55.086023552  -26.231123731   -1.759937228
    0.856797996    2.443460953   50.516737014  -20.026794758   -7.583183912
    1.047197551    2.443460953   48.084806807   -4.451681073  -12.251271040
    1.237597106    2.443460953   49.076730933   14.783085858  -15.213480717
    1.427996661    2.443460953   53.510112054   30.582606038  -16.396464427
    1.618396215    2.443460953   60.125253028   36.906264308  -16.191939524
    1.808795770    2.443460953   66.781089272   30.850636551  -15.256969609
    1.999195325    2.443460953   71.140863606   13.243437488  -14.238608493
    2.189594880    2.443460953   71.350010441  -11.836736294  -13.561914461
    2.379994435    2.443460953   66.542263397  -38.364124018  -13.346692919
    2.570393989    2.443460953   57.057826137  -59.948820903  -13.437869444
    2.760793544    2.443460953   44.359353465  -71.481210833  -13.530466277
    2.951193099    2.443460953   30.645334939  -70.495154612  -13.306284660

   -3.141592654    2.792526803   15.150755018  -57.071946974    1.475770287
   -2.951193099    2.792526803    6.153167104  -36.816492867    3.338259251
   -2.760793544    2.792526803    1.221890798  -15.395093527    4.944031378
   -2.570393989    2.792526803    0.000000000    1.320288360    6.346953330
   -2.379994435    2.792526803    1.217118838    9.981251106    7.792785457
   -2.189594880    2.792526803    3.297667033   10.729606584    9.653698429
   -1.999195325    2.792526803    5.007696267    6.830018147   12.258939839
   -1.808795770    2.792526803    5.911286225    3.073186291   15.688038720
   -1.618396215    2.792526803    6.463852604    3.680757907   19.655248337
   -1.427996661    2.792526803    7.729516199   10.650191203   23.567741374
   -1.237597106    2.792526803   10.876165753   23.020002240   26.743321259
   -1.047197551    2.792526803   16.649599510   37.565635961   28.649218182
   -0.856797996    2.792526803   25.068101684   50.048651659   29.020178781
   -0.666398442    2.792526803   35.363442187   56.749707483   27.836112663
   -0.475998887    2.792526803   46.181636720   55.283903493   25.198104441
   -0.285599332    2.792526803   55.872540057   44.945310401   21.243915658
   -0.095199777    2.792526803   62.822888993   26.875645104   16.125594873
    0.095199777    2.792526803   65.829402984    4.214513956   10.054946776
    0.285599332    2.792526803   64.474852363  -17.952416341    3.379105624
    0.475998887    2.792526803   59.426743927  -33.612029793   -3.357554416
    0.666398442    2.792526803   52.432365523  -37.780248195   -9.435150817
    0.856797996    2.792526803   45.909453137  -28.755156804  -14.106555475
    1.047197551    2.792526803   42.170125821   -9.357448318  -16.843393640
    1.237597106    2.792526803   42.602175355   13.740265531  -17.548744708
    1.427996661    2.792526803   47.139324810   32.523054580  -16.583312544
    1.618396215    2.792526803   54.298963213   40.453652207  -14.598577678
    1.808795770    2.792526803   61.673474646   34.668079569  -12.258182637
    1.999195325    2.792526803   66.708063943   16.418697665  -10.012016606
    2.189594880    2.792526803   67.426663184   -9.671663395   -8.020419095
    2.379994435    2.792526803   62.937759037  -37.134489946   -6.215749925
    2.570393989    2.792526803   53.623421855  -59.326431644   -4.432761118
    2.760793544    2.792526803   41.017215052  -71.066859892   -2.545463231
    2.951193099    2.792526803   27.391748767  -69.936235643   -0.539906664
