#! FIELDS phi psi file.free der_phi der_psi
#! SET min_phi -pi
#! SET max_phi pi
#! SET nbins_phi  33
#! SET periodic_phi true
#! SET min_psi -pi
#! SET max_psi pi
#! SET nbins_psi  18
#! SET periodic_psi true
   -3.141592654   -3.141592654   18.277571771  -53.121765619   17.166458909
   -2.951193099   -3.141592654    9.907448034  -34.201202673   19.621023595
   -2.760793544   -3.141592654    5.352564665  -14.005182905   21.147118378
   -2.570393989   -3.141592654    4.319076203    2.038129293   21.909659219
   -2.379994435   -3.141592654    5.676017373   10.892711652   22.356404790
   -2.189594880   -3.141592654    8.023275878   12.763615286   23.065105345
   -1.999195325   -3.141592654   10.281493152   10.616513451   24.505470889
   -1.808795770   -3.141592654   12.079604541    8.624232542   26.799287607
   -1.618396215   -3.141592654   13.804765028   10.277267804   29.612272702
   -1.427996661   -3.141592654   16.326180647   17.012912016   32.247976676
   -1.237597106   -3.141592654   20.545173516   27.701980743   33.907948169
   -1.047197551   -3.141592654   26.948505978   39.336525273   33.982108961
   -0.856797996   -3.141592654   35.359431961   48.124786529   32.205521862
   -0.666398442   -3.141592654   44.908753551   50.840848515   28.668466365
   -0.475998887   -3.141592654   54.234401821   45.601648936   23.688199383
   -0.285599332   -3.141592654   61.774471895   32.206203499   17.687410884
   -0.095199777   -3.141592654   66.099639569   12.289478500   11.105585820
    0.095199777   -3.141592654   66.277289774  -10.613743326    4.369350407
    0.285599332   -3.141592654   62.217560088  -31.238356648   -2.084812604
    0.475998887   -3.141592654   54.919524404  -43.710960213   -7.775489282
    0.666398442   -3.141592654   46.399318316  -43.570862054  -12.182969819
    0.856797996   -3.141592654   39.210368965  -29.980265167  -14.862558769
    1.047197551   -3.141592654   35.620197453   -6.747850868  -15.615876240
    1.237597106   -3.141592654   36.798011019   18.697359079  -14.619164625
    1.427996661   -3.141592654   42.365867522   38.148109996  -12.367866856
    1.618396215   -3.141592654   50.555849560   45.530408892   -9.475174881
    1.808795770   -3.141592654   58.806616484   38.823175266   -6.415525101
    1.999195325   -3.141592654   64.570099069   20.039253107   -3.382590177
    2.189594880   -3.141592654   65.982467885   -5.886192678   -0.321263192
    2.379994435   -3.141592654   62.273272417  -32.678820909    2.930451423
    2.570393989   -3.141592654   53.877208488  -54.180687362    6.472469261
    2.760793544   -3.141592654   42.284953104  -65.670239910   10.225910162
    2.951193099   -3.141592654   29.659129389  -64.958540654   13.918880124

   -3.141592654   -2.792526803   25.987301645  -48.533201777   25.048073309
   -2.951193099   -2.792526803   18.302760459  -31.613570676   27.295021709
   -2.760793544   -2.792526803   14.063033986  -13.202308349   28.344026065
   -2.570393989   -2.792526803   13.069717100    1.821069206   28.493207186
   -2.379994435   -2.792526803   14.374304638   10.748775403   28.304694715
   -2.189594880   -2.792526803   16.787168717   13.744872456   28.405108249
   -1.999195325   -2.792526803   19.391375324   13.309574565   29.241637923
   -1.808795770   -2.792526803   21.856728044   12.839583591   30.862842755
   -1.618396215   -2.792526803   24.455119459   15.015308889   32.840824057
   -1.427996661   -2.792526803   27.809613096   20.761654812   34.392331625
   -1.237597106   -2.792526803   32.524270291   28.946667011   34.665301059
   -1.047197551   -2.792526803   38.837110097   37.033331732   33.065244755
   -0.856797996   -2.792526803   46.438891113   41.954125345   29.437972694
   -0.666398442   -2.792526803   54.468968394   41.176189928   24.077853449
   -0.475998887   -2.792526803   61.689400588   33.341811062   17.556660538
   -0.285599332   -2.792526803   66.740331887   18.540568600   10.536656440
   -0.095199777   -2.792526803   68.429941782   -1.510558203    3.622878097
    0.095199777   -2.792526803   66.063764636  -23.337924553   -2.700737299
    0.285599332   -2.792526803   59.769900466  -41.817237806   -8.060089313
    0.475998887   -2.792526803   50.732860849  -51.264135406  -12.151607450
    0.666398442   -2.792526803   41.110605023  -47.518803539  -14.719723881
    0.856797996   -2.792526803   33.525078752  -30.210275907  -15.613512061
    1.047197551   -2.792526803   30.210160757   -3.745356103  -14.874504094
    1.237597106   -2.792526803   32.189348736   23.934450281  -12.795379734
    1.427996661   -2.792526803   38.871944075   44.444256558   -9.841624819
    1.618396215   -2.792526803   48.285219277   51.982343250   -6.483571232
    1.808795770   -2.792526803   57.745358996   45.070108949   -3.008831879
    1.999195325   -2.792526803   64.687026461   26.221366305    0.546919416
    2.189594880   -2.792526803   67.299156600    0.588854889    4.314483280
    2.379994435   -2.792526803   64.871631135  -25.684901430    8.431796063
    2.570393989   -2.792526803   57.849346895  -46.811500138   12.885150740
    2.760793544   -2.792526803   47.656279199  -58.469165385   17.432736815
    2.951193099   -2.792526803   36.325355352  -58.705355657   21.645961870

   -3.141592654   -2.443460953   34.420267163  -44.063516353   22.563242625
   -2.951193099   -2.443460953   27.392036348  -29.195834855   24.306214625
   -2.760793544   -2.443460953   23.436818855  -12.541261795   25.087689821
   -2.570393989   -2.443460953   22.460667947    1.498331746   25.189829032
   -2.379994435   -2.443460953   23.688662701   10.431163912   25.039091439
   -2.189594880   -2.443460953   26.112042194   14.282973680   25.047608845
   -1.999195325   -2.443460953   28.932450483   15.041849489   25.450683445
   -1.808795770   -2.443460953   31.814476646   15.352269043   26.171532085
   -1.618396215   -2.443460953   34.879359483   17.171968114   26.792765493
   -1.427996661   -2.443460953   38.491099765   21.059427838   26.675296892
   -1.237597106   -2.443460953   42.976994896   26.089994572   25.199176752
   -1.047197551   -2.443460953   48.391642866   30.444995763   22.034775047
   -0.856797996   -2.443460953   54.404150803   32.000510826   17.275841114
   -0.666398442   -2.443460953   60.303233150   28.988904590   11.410356252
   -0.475998887   -2.443460953   65.108510883   20.424986258    5.123658462
   -0.285599332   -2.443460953   67.746089504    6.332885413   -0.907775516
   -0.095199777   -2.443460953   67.266965270  -11.934732301   -6.167743732
    0.095199777   -2.443460953   63.137989922  -31.358009601  -10.359875705
    0.285599332   -2.443460953   55.566668405  -47.198317799  -13.377325805
    0.475998887   -2.443460953   45.756366509  -54.008763210  -15.230530398
    0.666398442   -2.443460953   35.851251845  -47.766780494  -15.966337946
    0.856797996   -2.443460953   28.435072568  -28.225291093  -15.640691003
    1.047197551   -2.443460953   25.676455463    0.036212024  -14.335782682
    1.237597106   -2.443460953   28.498783864   28.916206128  -12.205864829
    1.427996661   -2.443460953   36.193831840   50.009456362   -9.472887132
    1.618396215   -2.443460953   46.687112638   57.717737843   -6.370818100
    1.808795770   -2.443460953   57.246791930   50.901216943   -3.055437763
    1.999195325   -2.443460953   65.323182963   32.351229904    0.440949550
    2.189594880   -2.443460953   69.154110090    7.290340289    4.159036621
    2.379994435   -2.443460953   68.066364201  -18.337460202    8.122799717
    2.570393989   -2.443460953   62.485098394  -39.114199741   12.238598548
    2.760793544   -2.443460953   53.742054238  -51.075008336   16.254862108
    2.951193099   -2.443460953   43.725860075  -52.433045476   19.812209758

   -3.141592654   -2.094395102   40.639421517  -40.528997766   13.409242524
   -2.951193099   -2.094395102   34.157343499  -26.990588759   14.359982563
   -2.760793544   -2.094395102   30.510408990  -11.457620660   14.851320269
   -2.570393989   -2.094395102   29.664728506    1.860682269   15.072615577
   -2.379994435   -2.094395102   30.927523176   10.497512985   15.187424935
   -2.189594880   -2.094395102   33.359232437   14.328569828   15.258175312
   -1.999195325   -2.094395102   36.185752846   15.021465136   15.217271678
   -1.808795770   -2.094395102   39.024478545   14.811193571   14.866154739
   -1.618396215   -2.094395102   41.875121041   15.318699909   13.915654109
   -1.427996661   -2.094395102   44.939764353   17.042171582   12.074375536
   -1.237597106   -2.094395102   48.409451098   19.407777594    9.166953091
   -1.047197551   -2.094395102   52.304953376   21.269828424    5.257570788
   -0.856797996   -2.094395102   56.399305114   21.241337382    0.671504264
   -0.666398442   -2.094395102   60.205531234   18.015684692   -4.077179702
   -0.475998887   -2.094395102   63.013422169   10.634019836   -8.452267465
   -0.285599332   -2.094395102   63.983550833   -1.259667537  -12.041962560
   -0.095199777   -2.094395102   62.305697804  -16.909671074  -14.639839552
    0.095199777   -2.094395102   57.470250358  -33.862314707  -16.255474357
    0.285599332   -2.094395102   49.617596715  -47.746652812  -17.051340609
    0.475998887   -2.094395102   39.840383323  -53.195954402  -17.250552455
    0.666398442   -2.094395102   30.182232566  -46.029952271  -17.027984027
    0.856797996   -2.094395102   23.167374928  -25.749211244  -16.438659247
    1.047197551   -2.094395102   20.948567309    3.240735970  -15.415491600
    1.237597106   -2.094395102   24.450983896   32.856420992  -13.848863098
    1.427996661   -2.094395102   32.960935568   54.605282490  -11.684501610
    1.618396215   -2.094395102   44.380869643   62.819575311   -8.981264991
    1.808795770   -2.094395102   55.949868745   56.379266606   -5.891799252
    1.999195325   -2.094395102   65.100267245   38.137391494   -2.591640549
    2.189594880   -2.094395102   70.061144473   13.356029258    0.754616868
    2.379994435   -2.094395102   70.149453710  -12.086743776    4.013079805
    2.570393989   -2.094395102   65.758305442  -32.928880990    7.050623042
    2.760793544   -2.094395102   58.156129162  -45.359067605    9.717397778
    2.951193099   -2.094395102   49.147531944  -47.639772199   11.866352681

   -3.141592654   -1.745329252   42.980355145  -38.940079402    4.933301440
   -2.951193099   -1.745329252   36.756808124  -25.844363118    5.253751621
   -2.760793544   -1.745329252   33.297973105  -10.613776655    5.403705382
   -2.570393989   -1.745329252   32.589768756    2.455944747    5.426192088
   -2.379994435   -1.745329252   33.934600130   10.726713156    5.253775334
   -2.189594880   -1.745329252   36.352364496   13.887479242    4.710174876
   -1.999195325   -1.745329252   38.995780743   13.457309969    3.584215829
   -1.808795770   -1.745329252   41.390390881   11.636127968    1.720595370
   -1.618396215   -1.745329252   43.452923395   10.183560572   -0.909782870
   -1.427996661   -1.745329252   45.348975893    9.938621169   -4.178871701
   -1.237597106   -1.745329252   47.313446895   10.833232367   -7.823032963
   -1.047197551   -1.745329252   49.511865612   12.219888427  -11.474585917
   -0.856797996   -1.745329252   51.937946232   12.988089546  -14.738124317
   -0.666398442   -1.745329252   54.343218596   11.717593276  -17.266383428
   -0.475998887   -1.745329252   56.196910770    6.971974300  -18.847234318
   -0.285599332   -1.745329252   56.728087235   -2.252420006  -19.449873017
   -0.095199777   -1.745329252   55.075284920  -15.781702408  -19.219882104
    0.095199777   -1.745329252   50.587313095  -31.498663349  -18.446741342
    0.285599332   -1.745329252   43.226906873  -45.080235651  -17.479293886
    0.475998887   -1.745329252   33.927328062  -50.924076366  -16.623512652
    0.666398442   -1.745329252   24.639564839  -44.409892598  -16.027913036
    0.856797996   -1.745329252   17.886044526  -24.548553903  -15.615934330
    1.047197551   -1.745329252   15.899710812    4.589724189  -15.114618971
    1.237597106   -1.745329252   19.722326482   34.952334619  -14.191710248
    1.427996661   -1.745329252   28.733465513   57.788076487  -12.625503168
    1.618396215   -1.745329252   40.863431862   67.037842461  -10.412058229
    1.808795770   -1.745329252   53.308010407   61.274046192   -7.754006066
    1.999195325   -1.745329252   63.416529002   43.212086295   -4.948395573
    2.189594880   -1.745329252   69.326305391   18.177734763   -2.283185958
    2.379994435   -1.745329252   70.285223070   -7.807213355    0.045930945
    2.570393989   -1.745329252   66.645617465  -29.334799482    1.936954935
    2.760793544   -1.745329252   59.659212618  -42.488408210    3.360194464
    2.951193099   -1.745329252   51.130524823  -45.456246667    4.335584244

   -3.141592654   -1.396263402   41.526031115  -39.493301162    1.703465458
   -2.951193099   -1.396263402   35.221779989  -26.112550342    1.256114969
   -2.760793544   -1.396263402   31.745198328  -10.558629002    0.726338031
   -2.570393989   -1.396263402   31.057670529    2.536853325    0.171648893
   -2.379994435   -1.396263402   32.374842242   10.236095824   -0.534373908
   -2.189594880   -1.396263402   34.588621345   12.121929176   -1.693249640
   -1.999195325   -1.396263402   36.728582675    9.873681492   -3.642465289
   -1.808795770   -1.396263402   38.253830773    6.112215649   -6.564092621
   -1.618396215   -1.396263402   39.110065477    3.157914046  -10.343181256
   -1.427996661   -1.396263402   39.597819061    2.358746808  -14.545100428
   -1.237597106   -1.396263402   40.163370311    3.931372036  -18.543870337
   -1.047197551   -1.396263402   41.208337503    7.180041835  -21.702761268
   -0.856797996   -1.396263402   42.920979784   10.626410194  -23.564249543
   -0.666398442   -1.396263402   45.156423489   12.284560215  -23.946248174
   -0.475998887   -1.396263402   47.374213871   10.123928541  -22.962110449
   -0.285599332   -1.396263402   48.690508178    2.679934274  -20.963508242
   -0.095199777   -1.396263402   48.062000243  -10.148176781  -18.433683018
    0.095199777   -1.396263402   44.623404474  -26.291484962  -15.889694835
    0.285599332   -1.396263402   38.135420696  -41.254209325  -13.763810662
    0.475998887   -1.396263402   29.385568671  -49.018056801  -12.310675364
    0.666398442   -1.396263402   20.279340229  -44.343215526  -11.540072678
    0.856797996   -1.396263402   13.417283388  -25.599580952  -11.220978035
    1.047197551   -1.396263402   11.212767908    3.535251509  -10.970810056
    1.237597106   -1.396263402   14.921699131   34.944710903  -10.412331401
    1.427996661   -1.396263402   24.081867696   59.385177435   -9.322601602
    1.618396215   -1.396263402   36.665818189   70.119819507   -7.700388341
    1.808795770   -1.396263402   49.789954153   65.184913174   -5.726944283
    1.999195325   -1.396263402   60.653658816   47.081164030   -3.656295288
    2.189594880   -1.396263402   67.237057083   21.282975164   -1.732665221
    2.379994435   -1.396263402   68.681515922   -5.849365113   -0.131245467
    2.570393989   -1.396263402   65.302435708  -28.531358634    1.035092253
    2.760793544   -1.396263402   58.379074691  -42.564644873    1.712344026
    2.951193099   -1.396263402   49.784842547  -45.984952651    1.905556334

   -3.141592654   -1.047197551   38.724601699  -42.307256530    2.846460846
   -2.951193099   -1.047197551   31.910685396  -28.574070512    1.601640185
   -2.760793544   -1.047197551   28.028259862  -12.344060603    0.162361111
   -2.570393989   -1.047197551   27.058537171    1.288859751   -1.362653904
   -2.379994435   -1.047197551   28.140846568    8.873371715   -3.044401832
   -2.189594880   -1.047197551   30.013178049    9.749623393   -5.141051697
   -1.999195325   -1.047197551   31.547494000    5.817402842   -7.948548771
   -1.808795770   -1.047197551   32.132271104    0.354557956  -11.573001578
   -1.618396215   -1.047197551   31.787486810   -3.504520554  -15.763521960
   -1.427996661   -1.047197551   31.027785238   -3.830345742  -19.907712228
   -1.237597106   -1.047197551   30.578504019   -0.313743853  -23.228986296
   -1.047197551   -1.047197551   31.088574853    5.922717057  -25.059342661
   -0.856797996   -1.047197551   32.876821620   12.661999867  -25.073955491
   -0.666398442   -1.047197551   35.781868554   17.146755042  -23.369691276
   -0.475998887   -1.047197551   39.116023288   16.772714183  -20.392994688
   -0.285599332   -1.047197551   41.766080273    9.815168676  -16.776728760
   -0.095199777   -1.047197551   42.439941208   -3.803717446  -13.143508333
    0.095199777   -1.047197551   40.052624514  -21.724640056   -9.964075676
    0.285599332   -1.047197551   34.220948088  -38.961265627   -7.470914864
    0.475998887   -1.047197551   25.695533818  -48.883315892   -5.665897932
    0.666398442   -1.047197551   16.462931626  -45.651329320   -4.389617860
    0.856797996   -1.047197551    9.301550347  -27.252584179   -3.425420050
    1.047197551   -1.047197551    6.840752608    2.641990627   -2.587197053
    1.237597106   -1.047197551   10.514235530   35.522904031   -1.762659470
    1.427996661   -1.047197551   19.937629206   61.523382683   -0.912018523
    1.618396215   -1.047197551   33.043775978   73.339605872   -0.036329283
    1.808795770   -1.047197551   46.823258512   68.704897995    0.855388811
    1.999195325   -1.047197551   58.322735072   50.115627911    1.754685721
    2.189594880   -1.047197551   65.390989364   23.268954603    2.628281400
    2.379994435   -1.047197551   67.089263813   -5.195332621    3.399052486
    2.570393989   -1.047197551   63.704483316  -29.227560719    3.931870950
    2.760793544   -1.047197551   56.533952881  -44.412923985    4.073370005
    2.951193099   -1.047197551   47.507674231  -48.586564542    3.710540258

   -3.141592654   -0.698131701   38.285171200  -45.940190330    2.911727184
   -2.951193099   -0.698131701   30.739546482  -32.534910620    0.656988865
   -2.760793544   -0.698131701   26.108614332  -16.188588674   -1.800341734
   -2.570393989   -0.698131701   24.431681309   -2.307102967   -4.264621731
   -2.379994435   -0.698131701   24.830811481    5.208824309   -6.733923227
   -2.189594880   -0.698131701   25.952975038    5.433798070   -9.414942381
   -1.999195325   -0.698131701   26.566437132    0.431288521  -12.546590892
   -1.808795770   -0.698131701   26.032424853   -5.914377044  -16.137429291
   -1.618396215   -0.698131701   24.480101003   -9.701626653  -19.798487636
   -1.427996661   -0.698131701   22.660415005   -8.513477675  -22.797505498
   -1.237597106   -0.698131701   21.573885349   -2.137244006  -24.347287293
   -1.047197551   -0.698131701   22.069477772    7.632138907  -23.954031234
   -0.856797996   -0.698131701   24.505728549   17.635341874  -21.638935081
   -0.666398442   -0.698131701   28.587454107   24.300863704  -17.923939949
   -0.475998887   -0.698131701   33.373793285   24.607183931  -13.609232693
   -0.285599332   -0.698131701   37.464800061   16.903860851   -9.483569222
   -0.095199777   -0.698131701   39.335962141    1.570163467   -6.067390481
    0.095199777   -0.698131701   37.779385205  -18.367539147   -3.498295258
    0.285599332   -0.698131701   32.417801359  -37.281124974   -1.564995905
    0.475998887   -0.698131701   24.110791185  -48.131038926    0.113789588
    0.666398442   -0.698131701   14.999665171  -45.016423249    1.853772073
    0.856797996   -0.698131701    7.996574218  -26.182831244    3.727961712
    1.047197551   -0.698131701    5.796857942    4.289225289    5.548609731
    1.237597106   -0.698131701    9.825674823   37.543833682    7.008995949
    1.427996661   -0.698131701   19.643026993   63.575076486    7.877727283
    1.618396215   -0.698131701   33.120895642   75.155017423    8.127786368
    1.808795770   -0.698131701   47.213835894   70.173633522    7.936948051
    1.999195325   -0.698131701   58.958845798   51.223903143    7.568016094
    2.189594880   -0.698131701   66.201183352   23.975044855    7.223785615
    2.379994435   -0.698131701   67.983566865   -5.056213756    6.944500751
    2.570393989   -0.698131701   64.550756721  -29.914628620    6.588813245
    2.760793544   -0.698131701   57.151461449  -46.155678670    5.915708953
    2.951193099   -0.698131701   47.688623918  -51.405358783    4.709125046

   -3.141592654   -0.349065850   38.851235787  -50.763292248    2.872656877
   -2.951193099   -0.349065850   30.325541504  -37.890384102   -0.069734770
   -2.760793544   -0.349065850   24.671426983  -21.490816491   -3.165379073
   -2.570393989   -0.349065850   22.018501366   -7.234566281   -6.179965900
   -2.379994435   -0.349065850   21.507411996    0.522574354   -9.054496309
   -2.189594880   -0.349065850   21.728055315    0.582504786  -11.910133742
   -1.999195325   -0.349065850   21.380498639   -4.804351468  -14.870668012
   -1.808795770   -0.349065850   19.839177460  -11.126658924  -17.815502975
   -1.618396215   -0.349065850   17.380228790  -13.779839362  -20.259710379
   -1.427996661   -0.349065850   15.003367036  -10.063041726  -21.482287216
   -1.237597106   -0.349065850   13.946663551   -0.177356590  -20.871203252
   -1.047197551   -0.349065850   15.158957416   13.110472105  -18.278189947
   -0.856797996   -0.349065850   18.895686637   25.561348089  -14.151138561
   -0.666398442   -0.349065850   24.583612401   32.929173688   -9.381756952
   -0.475998887   -0.349065850   30.936411781   32.164019172   -4.937350788
   -0.285599332   -0.349065850   36.264653423   22.215090913   -1.497990791
   -0.095199777   -0.349065850   38.907817341    4.410697433    0.773876645
    0.095199777   -0.349065850   37.707783864  -17.282746393    2.239150341
    0.285599332   -0.349065850   32.485983328  -36.669541716    3.572959645
    0.475998887   -0.349065850   24.352778872  -46.752517756    5.414797292
    0.666398442   -0.349065850   15.634116622  -42.254668623    8.023940862
    0.856797996   -0.349065850    9.276264418  -22.297797752   11.123683980
    1.047197551   -0.349065850    7.853690219    8.369202461   14.037163573
    1.237597106   -0.349065850   12.592865749   40.762583503   16.041795435
    1.427996661   -0.349065850   22.884876817   65.282725180   16.722903833
    1.618396215   -0.349065850   36.538854854   75.350660617   16.134112298
    1.808795770   -0.349065850   50.561858113   69.351254671   14.707629393
    1.999195325   -0.349065850   62.103467453   50.006938786   12.989272918
    2.189594880   -0.349065850   69.109837070   22.748723384   11.391129883
    2.379994435   -0.349065850   70.658471688   -6.325029191   10.040918886
    2.570393989   -0.349065850   66.951235011  -31.608710480    8.786264857
    2.760793544   -0.349065850   59.149896165  -48.761247357    7.325758609
    2.951193099   -0.349065850   49.080084159  -55.188520113    5.384079738

   -3.141592654    0.000000000   40.111044084  -55.662100226    2.141775227
   -2.951193099    0.000000000   30.586127707  -43.398573238   -0.720420041
   -2.760793544    0.000000000   23.859304828  -27.176850405   -3.615170657
   -2.570393989    0.000000000   20.131344273  -12.806633603   -6.370205502
   -2.379994435    0.000000000   18.573756898   -4.902487785   -8.947116209
   -2.189594880    0.000000000   17.770491738   -4.740567030  -11.413009802
   -1.999195325    0.000000000   16.434235914   -9.781168036  -13.775556425
   -1.808795770    0.000000000   14.036450763  -14.966325636  -15.794706015
   -1.618396215    0.000000000   11.048775325  -15.279660766  -16.948038998
   -1.427996661    0.000000000    8.697227043   -8.165406452  -16.630690623
   -1.237597106    0.000000000    8.353031703    5.355091862  -14.504635687
   -1.047197551    0.000000000   10.900034568   21.353593327  -10.780410075
   -0.856797996    0.000000000   16.322300614   34.667873751   -6.208536598
   -0.666398442    0.000000000   23.661403526   40.848787009   -1.795388575
   -0.475998887    0.000000000   31.285481511   37.431999523    1.631533691
   -0.285599332    0.000000000   37.327672550   24.488052209    3.747771847
   -0.095199777    0.000000000   40.178319127    4.541749303    4.833669116
    0.095199777    0.000000000   38.929054152  -17.620101557    5.627754418
    0.285599332    0.000000000   33.744156640  -35.681892640    6.988012701
    0.475998887    0.000000000   26.023039477  -43.324103317    9.488721572
    0.666398442    0.000000000   18.193416770  -36.487525102   13.109447835
    0.856797996    0.000000000   13.062782682  -15.480288968   17.190353573
    1.047197551    0.000000000   12.891350587   14.372620378   20.712019673
    1.237597106    0.000000000   18.566361908   44.393650119   22.761760030
    1.427996661    0.000000000   29.266591076   65.933554159   22.925336201
    1.618396215    0.000000000   42.788333044   73.467392068   21.403273560
    1.808795770    0.000000000   56.295019467   66.017709952   18.833341301
    1.999195325    0.000000000   67.156085136   46.362971908   15.942783642
    2.189594880    0.000000000   73.499700840   19.502871548   13.267147988
    2.379994435    0.000000000   74.480837182   -9.071996205   10.996706767
    2.570393989    0.000000000   70.269524508  -34.248038410    9.007695236
    2.760793544    0.000000000   61.930523096  -51.869473141    7.015180819
    2.951193099    0.000000000   51.189461104  -59.172776579    4.757192839

   -3.141592654    0.349065850   42.052707023  -59.682926175    1.803495519
   -2.951193099    0.349065850   31.706508578  -47.935826523   -0.104532145
   -2.760793544    0.349065850   24.092195908  -31.896753197   -1.926940959
   -2.570393989    0.349065850   19.470551283  -17.431368068   -3.635303909
   -2.379994435    0.349065850   17.051656264   -9.304277138   -5.267201002
   -2.189594880    0.349065850   15.438323934   -8.814675216   -6.872888345
   -1.999195325    0.349065850   13.381273702  -13.188958539   -8.397881640
   -1.808795770    0.349065850   10.451560756  -16.999112688   -9.580820954
   -1.618396215    0.349065850    7.278061878  -15.057848235   -9.988909460
   -1.427996661    0.349065850    5.232097999   -5.138008567   -9.222639142
   -1.237597106    0.349065850    5.717515183   10.913020890   -7.183077232
   -1.047197551    0.349065850    9.473419800   28.233186935   -4.226076767
   -0.856797996    0.349065850   16.196062777   41.152794179   -1.044714234
   -0.666398442    0.349065850   24.609982834   45.462400561    1.641261402
   -0.475998887    0.349065850   32.877642152   39.568689786    3.439168264
   -0.285599332    0.349065850   39.123212958   24.656003030    4.457821474
   -0.095199777    0.349065850   41.926107362    4.154529766    5.248469911
    0.095199777    0.349065850   40.690476384  -16.806439264    6.567866416
    0.285599332    0.349065850   35.890709514  -32.291076884    9.042923140
    0.475998887    0.349065850   29.098968518  -37.008058902   12.858176936
    0.666398442    0.349065850   22.685359340  -28.206061452   17.584344996
    0.856797996    0.349065850   19.169217822   -7.187202079   22.261405506
    1.047197551    0.349065850   20.404405127   20.527801986   25.757250685
    1.237597106    0.349065850   26.924544186   46.974537247   27.228917544
    1.427996661    0.349065850   37.748955379   64.734581703   26.449695693
    1.618396215    0.349065850   50.748821165   69.421248011   23.835057598
    1.808795770    0.349065850   63.331728582   60.623478201   20.191625976
    1.999195325    0.349065850   73.152828434   41.035385640   16.345775181
    2.189594880    0.349065850   78.560537017   15.081193207   12.880620897
    2.379994435    0.349065850   78.801643041  -12.458113546   10.019337580
    2.570393989    0.349065850   74.013407599  -37.022899743    7.686681029
    2.760793544    0.349065850   65.153792589  -54.673771877    5.662006861
    2.951193099    0.349065850   53.833839268  -62.507945918    3.734256496

   -3.141592654    0.698131701   43.563850538  -61.601149998    0.648220333
   -2.951193099    0.698131701   32.849118276  -49.883004221    0.288045219
   -2.760793544    0.698131701   24.855098063  -33.934725469    0.105685653
   -2.570393989    0.698131701   19.833433466  -19.588950224   -0.084096897
   -2.379994435    0.698131701   16.993823927  -11.541918334   -0.429798578
   -2.189594880    0.698131701   14.958222206  -10.965068147   -0.978632806
   -1.999195325    0.698131701   12.526522675  -14.898355739   -1.646785501
   -1.808795770    0.698131701    9.351854068  -17.776373798   -2.228392108
   -1.618396215    0.698131701    6.154214956  -14.484792552   -2.473019558
   -1.427996661    0.698131701    4.354167685   -3.160067121   -2.215032731
   -1.237597106    0.698131701    5.315544862   13.805060464   -1.477581158
   -1.047197551    0.698131701    9.638330601   31.128768651   -0.485430049
   -0.856797996    0.698131701   16.839246850   43.153077305    0.479900371
   -0.666398442    0.698131701   25.513070493   46.187186880    1.266605730
   -0.475998887    0.698131701   33.822568995   39.418898796    1.998413584
   -0.285599332    0.698131701   40.038198532   24.707521145    3.054623088
   -0.095199777    0.698131701   42.979209573    5.776434448    4.911836685
    0.095199777    0.698131701   42.295309972  -12.495450525    7.942563776
    0.285599332    0.698131701   38.608475390  -24.936866888   12.216548188
    0.475998887    0.698131701   33.457533708  -27.347178844   17.373177472
    0.666398442    0.698131701   28.968938849  -18.020800820   22.622385522
    0.856797996    0.698131701   27.260936159    1.232150413   26.924342912
    1.047197551    0.698131701   29.767909192   25.216683762   29.334148910
    1.237597106    0.698131701   36.745194582   47.059870060   29.352320712
    1.427996661    0.698131701   47.175890507   60.699248403   27.097374269
    1.618396215    0.698131701   59.127390034   62.747761633   23.214611350
    1.808795770    0.698131701   70.330920527   53.089585504   18.583106775
    1.999195325    0.698131701   78.755177299   34.084914596   13.993923653
    2.189594880    0.698131701   82.961300268    9.475472412    9.971727956
    2.379994435    0.698131701   82.275915097  -16.612191264    6.735793906
    2.570393989    0.698131701   76.811414034  -40.043285083    4.288180774
    2.760793544    0.698131701   67.449170698  -57.007607308    2.533151526
    2.951193099    0.698131701   55.719689697  -64.524999223    1.356905747

   -3.141592654    1.047197551   42.578363387  -61.656041860   -4.680799420
   -2.951193099    1.047197551   31.942929409  -49.057432858   -3.770515918
   -2.760793544    1.047197551   24.148581793  -32.746863237   -2.512866354
   -2.570393989    1.047197551   19.344770171  -18.558782443   -1.280971585
   -2.379994435    1.047197551   16.658400977  -10.983665347   -0.334443307
   -2.189594880    1.047197551   14.678886475  -10.911880893    0.248274335
   -1.999195325    1.047197551   12.223800117  -15.152900035    0.523793580
   -1.808795770    1.047197551    8.993095798  -18.070713387    0.594337989
   -1.618396215    1.047197551    5.749638390  -14.664769410    0.528520678
   -1.427996661    1.047197551    3.923345394   -3.284915111    0.334210319
   -1.237597106    1.047197551    4.849674075   13.510228407    0.003039617
   -1.047197551    1.047197551    9.084598535   30.485077730   -0.422090000
   -0.856797996    1.047197551   16.137137790   42.285455920   -0.762221652
   -0.666398442    1.047197551   24.667229649   45.673341906   -0.692452345
   -0.475998887    1.047197551   32.983120737   40.168971767    0.201711528
   -0.285599332    1.047197551   39.536337910   27.634918290    2.284968706
   -0.095199777    1.047197551   43.290323611   11.430840638    5.714586889
    0.095199777    1.047197551   43.940028282   -4.221708985   10.348235632
    0.285599332    1.047197551   42.013602618  -14.926672450   15.712653634
    0.475998887    1.047197551   38.814287262  -17.160660725   21.053606051
    0.666398442    1.047197551   36.132014474   -9.556884077   25.467608601
    0.856797996    1.047197551   35.733565378    6.292610155   28.116246812
    1.047197551    1.047197551   38.799383877   25.967812862   28.480245529
    1.237597106    1.047197551   45.514668074   43.673927563   26.538423847
    1.427996661    1.047197551   54.989156058   54.277813292   22.759543496
    1.618396215    1.047197551   65.548276332   54.797480014   17.910311737
    1.808795770    1.047197551   75.203859126   44.964623966   12.768959613
    1.999195325    1.047197551   82.139312373   26.672219684    7.911133492
    2.189594880    1.047197551   85.036202175    3.167404108    3.665563645
    2.379994435    1.047197551   83.263835661  -21.716429363    0.182239328
    2.570393989    1.047197551   76.942917943  -43.925450475   -2.453392223
    2.760793544    1.047197551   66.961572893  -59.613869894   -4.159127293
    2.951193099    1.047197551   54.861064418  -65.809848143   -4.881691638

   -3.141592654    1.396263402   37.576901855  -60.806072963   -9.934266694
   -2.951193099    1.396263402   27.296401414  -46.269845062   -8.343699978
   -2.760793544    1.396263402   20.159019452  -28.771554259   -6.369643931
   -2.570393989    1.396263402   16.155853048  -14.260392890   -4.473663867
   -2.379994435    1.396263402   14.261528719   -7.050776619   -2.919157460
   -2.189594880    1.396263402   12.960667029   -7.764310373   -1.715606974
   -1.999195325    1.396263402   11.011801969  -13.012957432   -0.746962415
   -1.808795770    1.396263402    8.080709677  -17.090173634    0.055649394
   -1.618396215    1.396263402    4.904181253  -14.961846282    0.631897752
   -1.427996661    1.396263402    2.900307148   -4.834400752    0.852940765
   -1.237597106    1.396263402    3.437826442   11.054052580    0.683754731
   -1.047197551    1.396263402    7.177825648   27.897895912    0.295916516
   -0.856797996    1.396263402   13.813791464   40.689484447    0.086194797
   -0.666398442    1.396263402   22.230811525   46.260405890    0.553635133
   -0.475998887    1.396263402   30.938799970   43.796469631    2.129900095
   -0.285599332    1.396263402   38.492806774   34.479183736    5.013441644
   -0.095199777    1.396263402   43.811798291   20.850656631    9.064126626
    0.095199777    1.396263402   46.395938141    6.403354751   13.809542385
    0.285599332    1.396263402   46.465434175   -4.899765421   18.520176650
    0.475998887    1.396263402   44.972087899   -9.547008310   22.361899004
    0.666398442    1.396263402   43.395598808   -5.722371802   24.588661254
    0.856797996    1.396263402   43.316991043    5.812926061   24.747591497
    1.047197551    1.396263402   45.907422011   21.606826782   22.812467723
    1.237597106    1.396263402   51.514250360   36.625382349   19.190431879
    1.427996661    1.396263402   59.508043788   46.004848717   14.560515888
    1.618396215    1.396263402   68.473272819   46.474293667    9.629966755
    1.808795770    1.396263402   76.592034698   37.185306940    4.911127290
    1.999195325    1.396263402   82.107781749   19.521940839    0.648173135
    2.189594880    1.396263402   83.693968163   -3.461519455   -3.091016814
    2.379994435    1.396263402   80.710125602  -27.773506239   -6.263863815
    2.570393989    1.396263402   73.317007125  -49.034649762   -8.731144251
    2.760793544    1.396263402   62.500065393  -63.164165951  -10.264129736
    2.951193099    1.396263402   49.916846379  -67.251635479  -10.664252507

   -3.141592654    1.745329252   31.402053451  -58.574049896  -16.600694391
   -2.951193099    1.745329252   21.713324250  -42.439943073  -15.323655534
   -2.760793544    1.745329252   15.376320454  -24.362715898  -13.310070464
   -2.570393989    1.745329252   12.195063543  -10.153386041  -10.920025338
   -2.379994435    1.745329252   11.017080017   -3.663922200   -8.400253737
   -2.189594880    1.745329252   10.289183303   -5.118034623   -5.823912415
   -1.999195325    1.745329252    8.780978443  -11.029010624   -3.203338779
   -1.808795770    1.745329252    6.160847865  -15.840365995   -0.643487457
   -1.618396215    1.745329252    3.138014231  -14.634984536    1.610224667
   -1.427996661    1.745329252    1.104760649   -5.448412039    3.280567095
   -1.237597106    1.745329252    1.467177799    9.931161072    4.264326258
   -1.047197551    1.745329252    5.016320925   27.187323423    4.750917147
   -0.856797996    1.745329252   11.647065169   41.518329346    5.189406982
   -0.666398442    1.745329252   20.444309207   49.532642797    6.090363923
   -0.475998887    1.745329252   30.037632997   49.815799552    7.806381294
   -0.285599332    1.745329252   38.967449795   42.764055861   10.374974613
   -0.095199777    1.745329252   45.989503034   30.203296483   13.472809688
    0.095199777    1.745329252   50.326015938   15.159762399   16.495035082
    0.285599332    1.745329252   51.867147624    1.533859609   18.702249348
    0.475998887    1.745329252   51.267471535   -6.759005794   19.438532510
    0.666398442    1.745329252   49.825260035   -7.100652927   18.343466551
    0.856797996    1.745329252   49.114597256    0.705986577   15.501532071
    1.047197551    1.745329252   50.470898567   13.999741946   11.415860144
    1.237597106    1.745329252   54.514898723   28.061018411    6.830361104
    1.427996661    1.745329252   60.894386808   37.776845122    2.444845101
    1.618396215    1.745329252   68.381997127   39.222278931   -1.316811552
    1.808795770    1.745329252   75.214723503   30.875989857   -4.402715298
    1.999195325    1.745329252   79.588214971   13.763895102   -7.037023930
    2.189594880    1.745329252   80.103191742   -8.971392944   -9.501926925
    2.379994435    1.745329252   76.098828436  -32.909918406  -11.932095622
    2.570393989    1.745329252   67.807132809  -53.199555641  -14.198773241
    2.760793544    1.745329252   56.352468735  -65.554237264  -15.961532769
    2.951193099    1.745329252   43.530310615  -67.312185706  -16.833769631

   -3.141592654    2.094395102   24.443153228  -57.728260830  -18.625644535
   -2.951193099    2.094395102   15.089402546  -39.846967303  -17.517570605
   -2.760793544    2.094395102    9.370330867  -20.569550718  -15.591311112
   -2.570393989    2.094395102    6.980495236   -5.718605579  -13.107546506
   -2.379994435    2.094395102    6.681264953    1.094353169  -10.257725218
   -2.189594880    2.094395102    6.879825104   -0.163942376   -7.096965589
   -1.999195325    2.094395102    6.322364464   -6.042617614   -3.636487851
   -1.808795770    2.094395102    4.627723507  -11.186935327    0.007794491
   -1.618396215    2.094395102    2.422069060  -10.785334374    3.552876344
   -1.427996661    2.094395102    1.022015410   -2.660639120    6.636847904
   -1.237597106    2.094395102    1.828442892   11.879182419    9.015908487
   -1.047197551    2.094395102    5.721925498   28.987040884   10.696821520
   -0.856797996    2.094395102   12.748103165   43.987356595   11.923724770
   -0.666398442    2.094395102   22.124162492   53.181113188   13.014231576
   -0.475998887    2.094395102   32.522900492   54.557700827   14.169796149
   -0.285599332    2.094395102   42.407194522   47.878195619   15.355357148
   -0.095199777    2.094395102   50.348124129   34.523404224   16.283577066
    0.095199777    2.094395102   55.327714032   17.384905508   16.501730490
    0.285599332    2.094395102   57.007715121    0.639386786   15.537857123
    0.475998887    2.094395102   55.906144710  -11.126159010   13.104364525
    0.666398442    2.094395102   53.337349318  -14.390694428    9.265412715
    0.856797996    2.094395102   51.060904822   -8.174372857    4.504118272
    1.047197551    2.094395102   50.707640355    5.199259731   -0.418261560
    1.237597106    2.094395102   53.199537490   20.733306448   -4.730765444
    1.427996661    2.094395102   58.382479103   32.570534560   -7.944554029
    1.618396215    2.094395102   65.068831714   35.914090524  -10.003334969
    1.808795770    2.094395102   71.388435223   28.629282406  -11.245406632
    1.999195325    2.094395102   75.355251349   11.596886221  -12.194970424
    2.189594880    2.094395102   75.407294964  -11.724969357  -13.302989622
    2.379994435    2.094395102   70.811862026  -36.308682078  -14.758640132
    2.570393989    2.094395102   61.850782068  -56.691899527  -16.417962773
    2.760793544    2.094395102   49.791042637  -68.249989800  -17.894152011
    2.951193099    2.094395102   36.596955238  -68.414564487  -18.732706935

   -3.141592654    2.443460953   18.114695751  -57.679448061  -12.601550554
   -2.951193099    2.443460953    8.906355410  -38.393532282  -11.294183681
   -2.760793544    2.443460953    3.587449924  -17.860270380   -9.385132685
   -2.570393989    2.443460953    1.818358588   -1.940186857   -7.007842800
   -2.379994435    2.443460953    2.335146158    5.879884035   -4.242874572
   -2.189594880    2.443460953    3.542295825    5.640029654   -1.072076762
   -1.999195325    2.443460953    4.180426799    0.667709756    2.544403694
   -1.808795770    2.443460953    3.820352587   -3.976440654    6.530378302
   -1.618396215    2.443460953    2.984564864   -3.732400694   10.612994169
   -1.427996661    2.443460953    2.860237154    3.594716077   14.374241316
   -1.237597106    2.443460953    4.752706627   17.005968957   17.419358120
   -1.047197551    2.443460953    9.518567754   33.057064530   19.526230291
   -0.856797996    2.443460953   17.241759654   47.283079237   20.679485307
   -0.666398442    2.443460953   27.187929299   55.876453990   20.977806423
   -0.475998887    2.443460953   38.033647513   56.494764887   20.499567660
   -0.285599332    2.443460953   48.176145825   48.538553873   19.221515263
   -0.095199777    2.443460953   56.064360274   33.185767966   17.018372574
    0.095199777    2.443460953   60.545251889   13.394153184   13.735751687
    0.285599332    2.443460953   61.188885136   -6.250271642    9.311422618
    0.475998887    2.443460953   58.528789651  -20.470055927    3.922786883
    0.666398442    2.443460953   54.037134908  -24.976430829   -1.930654933
    0.856797996    2.443460953   49.759010733  -18.308116796   -7.474245956
    1.047197551    2.443460953   47.651481213   -2.858278539  -11.897335487
    1.237597106    2.443460953   48.889697964   15.705454638  -14.653339786
    1.427996661    2.443460953   53.408871176   30.547653775  -15.666573547
    1.618396215    2.443460953   59.930182556   36.011553390  -15.329647866
    1.808795770    2.443460953   66.367175471   29.549956331  -14.309619875
    1.999195325    2.443460953   70.489222800   12.153047513  -13.270708232
    2.189594880    2.443460953   70.551326990  -12.230714553  -12.655073525
    2.379994435    2.443460953   65.748007053  -37.935100995  -12.588308924
    2.570393989    2.443460953   56.405407608  -58.953375760  -12.898056167
    2.760793544    2.443460953   43.914164301  -70.377408538  -13.235824458
    2.951193099    2.443460953   30.387425358  -69.678814476  -13.223486164

   -3.141592654    2.792526803   15.054015456  -56.718619842    1.278877172
   -2.951193099    2.792526803    6.102268791  -36.657601550    3.186282491
   -2.760793544    2.792526803    1.194445394  -15.280022296    4.937749096
   -2.570393989    2.792526803    0.000000000    1.514577084    6.546646107
   -2.379994435    2.792526803    1.263624191   10.277752594    8.206169677
   -2.189594880    2.792526803    3.405712878   11.069905022   10.235996623
   -1.999195325    2.792526803    5.176883762    7.117829275   12.921913884
   -1.808795770    2.792526803    6.123592640    3.227963512   16.316205259
   -1.618396215    2.792526803    6.689022657    3.663730208   20.127097207
   -1.427996661    2.792526803    7.933625033   10.452560442   23.778483645
   -1.237597106    2.792526803   11.025171925   22.645103295   26.623042134
   -1.047197551    2.792526803   16.708837823   36.996617562   28.174838993
   -0.856797996    2.792526803   24.996306173   49.236075136   28.220269795
   -0.666398442    2.792526803   35.108891634   55.639284222   26.787990326
   -0.475998887    2.792526803   45.686328215   53.879559908   24.019429318
   -0.285599332    2.792526803   55.091258277   43.387018173   20.074033930
   -0.095199777    2.792526803   61.752498714   25.464399593   15.098183789
    0.095199777    2.792526803   64.534801512    3.343901515    9.266296964
    0.285599332    2.792526803   63.093317756  -17.947465394    2.864439089
    0.475998887    2.792526803   58.140562765  -32.616047074   -3.628076278
    0.666398442    2.792526803   51.417092668  -35.982136610   -9.534448982
    0.856797996    2.792526803   45.277694404  -26.611714663  -14.111914912
    1.047197551    2.792526803   41.932735600   -7.449512514  -16.800616051
    1.237597106    2.792526803   42.662926606   14.897947899  -17.456993083
    1.427996661    2.792526803   47.325220041   32.668074267  -16.407559018
    1.618396215    2.792526803   54.420232522   39.682532356  -14.300692176
    1.808795770    2.792526803   61.592277638   33.409624273  -11.830390269
    1.999195325    2.792526803   66.386810675   15.255977946   -9.495342017
    2.189594880    2.792526803   66.932117927  -10.270705789   -7.499945297
    2.379994435    2.792526803   62.397204565  -37.023732257   -5.793868292
    2.570393989    2.792526803   53.158047274  -58.699088491   -4.190138770
    2.760793544    2.792526803   40.691461621  -70.288390540   -2.508027701
    2.951193099    2.792526803   27.202576211  -69.314024875   -0.666716611
