#! FIELDS phi psi file.free der_phi der_psi
#! SET min_phi -pi
#! SET max_phi pi
#! SET nbins_phi  33
#! SET periodic_phi true
#! SET min_psi -pi
#! SET max_psi pi
#! SET nbins_psi  18
#! SET periodic_psi true
   -3.141592654   -3.141592654   19.845738632  -55.109140427   14.406403488
   -2.951193099   -3.141592654   10.921610388  -37.730867545   16.751841855
   -2.760793544   -3.141592654    5.682756095  -17.341372484   18.435643828
   -2.570393989   -3.141592654    4.152439718    0.374370377   19.539184493
   -2.379994435   -3.141592654    5.404250846   11.494462666   20.401112031
   -2.189594880   -3.141592654    8.053402657   15.198892763   21.485618516
   -1.999195325   -3.141592654   10.859260311   13.710557248   23.151967853
   -1.808795770   -3.141592654   13.193513056   10.934928700   25.429887698
   -1.618396215   -3.141592654   15.183250098   10.610304582   27.930827645
   -1.427996661   -3.141592654   17.522076220   14.741706348   29.962851769
   -1.237597106   -3.141592654   21.059243999   22.912106610   30.803391626
   -1.047197551   -3.141592654   26.359033954   32.713697442   29.987618338
   -0.856797996   -3.141592654   33.416207914   40.738731263   27.449627495
   -0.666398442   -3.141592654   41.580843793   43.901694313   23.497858548
   -0.475998887   -3.141592654   49.717523597   40.240784907   18.629986031
   -0.285599332   -3.141592654   56.462038362   29.360445617   13.339057897
   -0.095199777   -3.141592654   60.536817342   12.596574950    7.969361773
    0.095199777   -3.141592654   61.091903838   -6.942283774    2.685737650
    0.285599332   -3.141592654   58.027728911  -24.540266248   -2.422891732
    0.475998887   -3.141592654   52.219717182  -34.942190027   -7.178300462
    0.666398442   -3.141592654   45.448725526  -34.229840448  -11.196367459
    0.856797996   -3.141592654   39.949597730  -21.857688162  -13.955885398
    1.047197551   -3.141592654   37.651307126   -1.516982277  -15.022804263
    1.237597106   -3.141592654   39.458029131   19.997763523  -14.306403683
    1.427996661   -3.141592654   44.892971066   35.585505590  -12.132978868
    1.618396215   -3.141592654   52.323100158   40.446286368   -9.113647335
    1.808795770   -3.141592654   59.540002033   33.472949244   -5.865047731
    1.999195325   -3.141592654   64.445568040   16.716275296   -2.777416110
    2.189594880   -3.141592654   65.532385821   -5.886872471    0.058727130
    2.379994435   -3.141592654   62.125445129  -29.689172683    2.778051624
    2.570393989   -3.141592654   54.450296117  -49.957021892    5.573860893
    2.760793544   -3.141592654   43.599206712  -62.434753424    8.535244359
    2.951193099   -3.141592654   31.361248087  -64.257703691   11.566517678

   -3.141592654   -2.792526803   26.441618798  -50.133671494   21.295341249
   -2.951193099   -2.792526803   18.317219398  -34.364868825   23.801795864
   -2.760793544   -2.792526803   13.562253997  -15.582465618   25.269932636
   -2.570393989   -2.792526803   12.254194520    1.079591227   25.868591421
   -2.379994435   -2.792526803   13.611859679   12.065123331   26.043863343
   -2.189594880   -2.792526803   16.431051282   16.540607766   26.336783572
   -1.999195325   -2.792526803   19.607858825   16.287774031   27.136658239
   -1.808795770   -2.792526803   22.535675903   14.485327820   28.469903272
   -1.618396215   -2.792526803   25.221370158   14.165260239   29.937196025
   -1.427996661   -2.792526803   28.131740938   16.967495741   30.846927570
   -1.237597106   -2.792526803   31.867299751   22.619868348   30.496639666
   -1.047197551   -2.792526803   36.816029965   29.282198490   28.469124889
   -0.856797996   -2.792526803   42.922497790   34.273013023   24.775042167
   -0.666398442   -2.792526803   49.616703710   35.078381326   19.819589436
   -0.475998887   -2.792526803   55.923677556   30.016221388   14.192385440
   -0.285599332   -2.792526803   60.661185538   18.648309501    8.450072290
   -0.095199777   -2.792526803   62.704793591    2.069570040    2.963224559
    0.095199777   -2.792526803   61.308797103  -16.842918719   -2.106099769
    0.285599332   -2.792526803   56.449149410  -33.425857051   -6.693171276
    0.475998887   -2.792526803   49.086736265  -42.264367072  -10.671244721
    0.666398442   -2.792526803   41.126019520  -39.266506220  -13.745448527
    0.856797996   -2.792526803   34.938498422  -23.951127049  -15.521103273
    1.047197551   -2.792526803   32.542754773   -0.455376728  -15.692609060
    1.237597106   -2.792526803   34.820446977   23.770095063  -14.256305127
    1.427996661   -2.792526803   41.156026601   41.095346618  -11.550193562
    1.618396215   -2.792526803   49.713708490   46.623787619   -8.123472779
    1.808795770   -2.792526803   58.107027280   39.575876723   -4.483000513
    1.999195325   -2.792526803   64.146231110   22.525324343   -0.902722059
    2.189594880   -2.792526803   66.325779388   -0.164217249    2.608337337
    2.379994435   -2.792526803   64.027783293  -23.716776096    6.204118785
    2.570393989   -2.792526803   57.528201079  -43.590124370   10.017491900
    2.760793544   -2.792526803   47.912314651  -55.903940772   14.005743942
    2.951193099   -2.792526803   36.889578090  -58.151721564   17.902195337

   -3.141592654   -2.443460953   33.855671102  -45.157226092   19.970071802
   -2.951193099   -2.443460953   26.510969710  -31.198410687   22.007357706
   -2.760793544   -2.443460953   22.187815555  -14.161933370   23.139968713
   -2.570393989   -2.443460953   21.026519617    1.328217232   23.538554192
   -2.379994435   -2.443460953   22.387521701   11.999278642   23.547759226
   -2.189594880   -2.443460953   25.228444543   16.937015138   23.537125156
   -1.999195325   -2.443460953   28.555205797   17.468353184   23.730937362
   -1.808795770   -2.443460953   31.759936589   16.099482430   24.079128413
   -1.618396215   -2.443460953   34.721298476   15.252923678   24.240934508
   -1.427996661   -2.443460953   37.691876797   16.319553983   23.706119114
   -1.237597106   -2.443460953   41.058416325   19.292841133   22.016123551
   -1.047197551   -2.443460953   45.090533873   23.012260922   18.985876653
   -0.856797996   -2.443460953   49.758536089   25.596877711   14.788508419
   -0.666398442   -2.443460953   54.654306387   25.078190397    9.895437067
   -0.475998887   -2.443460953   59.027741087   19.900871895    4.870206958
   -0.285599332   -2.443460953   61.904190534    9.339552905    0.174575895
   -0.095199777   -2.443460953   62.289711290   -5.999182924   -3.949386678
    0.095199777   -2.443460953   59.479671836  -23.637236054   -7.476739664
    0.285599332   -2.443460953   53.439961443  -39.031503590  -10.479647925
    0.475998887   -2.443460953   45.127321433  -46.588911826  -12.973520633
    0.666398442   -2.443460953   36.491098076  -41.949018372  -14.809462009
    0.856797996   -2.443460953   29.985511016  -24.525772904  -15.710418141
    1.047197551   -2.443460953   27.702415865    1.314952065  -15.411749185
    1.237597106   -2.443460953   30.525291727   27.659696234  -13.846615122
    1.427996661   -2.443460953   37.752880208   46.446342570  -11.213570557
    1.618396215   -2.443460953   47.405888136   52.654373309   -7.909346066
    1.808795770   -2.443460953   56.964588394   45.724153915   -4.341199840
    1.999195325   -2.443460953   64.169846285   28.625116131   -0.761701837
    2.189594880   -2.443460953   67.518549353    6.056662759    2.772790001
    2.379994435   -2.443460953   66.437084795  -17.133721256    6.338290599
    2.570393989   -2.443460953   61.230396123  -36.624116742    9.994200492
    2.760793544   -2.443460953   52.952826467  -48.909303827   13.661996108
    2.951193099   -2.443460953   43.213289233  -51.802142809   17.097188908

   -3.141592654   -2.094395102   39.627069248  -41.382187506   13.023587680
   -2.951193099   -2.094395102   32.886381415  -28.654508971   14.113826636
   -2.760793544   -2.094395102   28.933482348  -12.790104497   14.716280188
   -2.570393989   -2.094395102   27.943496635    1.814316441   14.974563173
   -2.379994435   -2.094395102   29.342026186   11.964548143   15.033213848
   -2.189594880   -2.094395102   32.149103443   16.641994225   14.958671851
   -1.999195325   -2.094395102   35.397008543   16.908243410   14.701219822
   -1.808795770   -2.094395102   38.445665137   14.942020948   14.102377190
   -1.618396215   -2.094395102   41.085196932   12.928448578   12.947590657
   -1.427996661   -2.094395102   43.456093487   12.271907166   11.050306674
   -1.237597106   -2.094395102   45.864977368   13.293117401    8.346022766
   -1.047197551   -2.094395102   48.588183410   15.366929114    4.965016203
   -0.856797996   -2.094395102   51.704808448   17.125751167    1.216733154
   -0.666398442   -2.094395102   54.990988615   16.820664009   -2.491549848
   -0.475998887   -2.094395102   57.885604359   12.746626079   -5.804819286
   -0.285599332   -2.094395102   59.543737893    3.734657999   -8.530059820
   -0.095199777   -2.094395102   59.007092696  -10.122954388  -10.672596532
    0.095199777   -2.094395102   55.521946106  -26.679100412  -12.390187102
    0.285599332   -2.094395102   48.970753779  -41.413602002  -13.868821238
    0.475998887   -2.094395102   40.251579310  -48.460145191  -15.191571330
    0.666398442   -2.094395102   31.322732463  -43.077319750  -16.250412894
    0.856797996   -2.094395102   24.710403255  -24.421999434  -16.768301367
    1.047197551   -2.094395102   22.600927708    3.088510946  -16.418060995
    1.237597106   -2.094395102   25.931497377   31.203813457  -15.003651681
    1.427996661   -2.094395102   33.979252965   51.429039679  -12.572556947
    1.618396215   -2.094395102   44.672108570   58.478776779   -9.413421860
    1.808795770   -2.094395102   55.373186309   51.814354102   -5.921864708
    1.999195325   -2.094395102   63.734437560   34.635584552   -2.432380699
    2.189594880   -2.094395102   68.213599595   11.921665303    0.862563803
    2.379994435   -2.094395102   68.240894057  -11.346231494    3.914158973
    2.570393989   -2.094395102   64.130653303  -30.914656204    6.721355980
    2.760793544   -2.094395102   56.919639625  -43.470846351    9.244955646
    2.951193099   -2.094395102   48.161692889  -47.001905358   11.382917906

   -3.141592654   -1.745329252   42.265378037  -39.935601167    6.311357274
   -2.951193099   -1.745329252   35.752918447  -27.692291608    6.522484637
   -2.760793544   -1.745329252   31.948119954  -12.182850309    6.485971892
   -2.570393989   -1.745329252   31.046308657    2.129929704    6.274160212
   -2.379994435   -1.745329252   32.471003235   11.891274429    5.867058390
   -2.189594880   -1.745329252   35.206263102   15.901607034    5.137351380
   -1.999195325   -1.745329252   38.218367585   15.103026782    3.910840443
   -1.808795770   -1.745329252   40.790798996   11.695234869    2.063347203
   -1.618396215   -1.745329252   42.657763891    8.056819356   -0.397881849
   -1.427996661   -1.745329252   43.956429555    5.943176130   -3.307659478
   -1.237597106   -1.745329252   45.064136269    6.090036667   -6.377863090
   -1.047197551   -1.745329252   46.403077258    8.200801091   -9.262393171
   -0.856797996   -1.745329252   48.238178221   10.992206961  -11.651099703
   -0.666398442   -1.745329252   50.517089950   12.463081133  -13.340758894
   -0.475998887   -1.745329252   52.774657989   10.404984904  -14.297453539
   -0.285599332   -1.745329252   54.156904362    3.087121029  -14.659868296
   -0.095199777   -1.745329252   53.602578700   -9.798460228  -14.688279523
    0.095199777   -1.745329252   50.206395421  -26.191969452  -14.684703745
    0.285599332   -1.745329252   43.713600256  -41.348894243  -14.879740713
    0.475998887   -1.745329252   34.951332135  -48.950456404  -15.337476338
    0.666398442   -1.745329252   25.901891060  -43.754308593  -15.903779912
    0.856797996   -1.745329252   19.198428971  -24.568232124  -16.241518811
    1.047197551   -1.745329252   17.172331253    4.213919307  -15.950882368
    1.237597106   -1.745329252   20.875370060   34.016758423  -14.750079700
    1.427996661   -1.745329252   29.616374413   55.828917967  -12.606604820
    1.618396215   -1.745329252   41.258488119   63.920200171   -9.758206650
    1.808795770   -1.745329252   53.038144771   57.579255743   -6.600239576
    1.999195325   -1.745329252   62.477651906   40.103390665   -3.515241876
    2.189594880   -1.745329252   67.940408361   16.745819112   -0.766643176
    2.379994435   -1.745329252   68.815855661   -7.268447670    1.538195519
    2.570393989   -1.745329252   65.413115804  -27.557734092    3.385075019
    2.760793544   -1.745329252   58.776901232  -40.788656534    4.787379865
    2.951193099   -1.745329252   50.468013595  -44.960210234    5.753347306

   -3.141592654   -1.396263402   41.689236212  -41.013090013    3.120017465
   -2.951193099   -1.396263402   34.982319362  -28.621689167    2.610203319
   -2.760793544   -1.396263402   31.028163422  -12.829455803    1.894700336
   -2.570393989   -1.396263402   30.018767427    1.585464153    1.069509029
   -2.379994435   -1.396263402   31.312225423   10.954857754    0.081605017
   -2.189594880   -1.396263402   33.781852658   13.945414504   -1.284900871
   -1.999195325   -1.396263402   36.283319952   11.644027552   -3.294182517
   -1.808795770   -1.396263402   38.044573110    6.668996061   -6.078940690
   -1.618396215   -1.396263402   38.839161170    1.944112847   -9.500769502
   -1.427996661   -1.396263402   38.942823977   -0.315268245  -13.137474966
   -1.237597106   -1.396263402   38.933873839    0.803912879  -16.411924138
   -1.047197551   -1.396263402   39.436907528    4.832063130  -18.781881071
   -0.856797996   -1.396263402   40.855846592   10.023619062  -19.921948076
   -0.666398442   -1.396263402   43.175586766   13.795208084  -19.801106964
   -0.475998887   -1.396263402   45.860894102   13.426038787  -18.673674747
   -0.285599332   -1.396263402   47.908028988    6.885541197  -16.982621275
   -0.095199777   -1.396263402   48.073304657   -6.193383913  -15.217295961
    0.095199777   -1.396263402   45.280319230  -23.568712210  -13.790734816
    0.285599332   -1.396263402   39.155972413  -40.134522833  -12.931120716
    0.475998887   -1.396263402   30.490991817  -49.090414831  -12.633867294
    0.666398442   -1.396263402   21.326743268  -44.696551066  -12.673138080
    0.856797996   -1.396263402   14.438281449  -25.414260201  -12.683001693
    1.047197551   -1.396263402   12.336334485    4.388726928  -12.286766906
    1.237597106   -1.396263402   16.220824109   35.789265160  -11.241232913
    1.427996661   -1.396263402   25.457037429   59.197371757   -9.523120423
    1.618396215   -1.396263402   37.853783200   68.342093446   -7.321558484
    1.808795770   -1.396263402   50.512005340   62.239428551   -4.935874699
    1.999195325   -1.396263402   60.798648829   44.221302556   -2.644604491
    2.189594880   -1.396263402   66.951138790   19.812020105   -0.638546411
    2.379994435   -1.396263402   68.292658696   -5.450676883    0.993935821
    2.570393989   -1.396263402   65.121120492  -26.920589658    2.211240213
    2.760793544   -1.396263402   58.512106505  -41.089219930    2.981042481
    2.951193099   -1.396263402   50.083808089  -45.843177995    3.275145383

   -3.141592654   -1.047197551   39.868476168  -44.077160268    3.297170026
   -2.951193099   -1.047197551   32.580873592  -31.573148545    2.322835317
   -2.760793544   -1.047197551   28.110797774  -15.258773449    0.928714052
   -2.570393989   -1.047197551   26.693934606   -0.304820489   -0.766234415
   -2.379994435   -1.047197551   27.644686927    9.132786486   -2.750878119
   -2.189594880   -1.047197551   29.715451826   11.452299190   -5.160173812
   -1.999195325   -1.047197551   31.628806251    7.902129750   -8.164595990
   -1.808795770   -1.047197551   32.552628986    1.675938626  -11.778577787
   -1.618396215   -1.047197551   32.328456243   -3.592036244  -15.711493941
   -1.427996661   -1.047197551   31.419469918   -5.201314366  -19.377578316
   -1.237597106   -1.047197551   30.639976998   -2.225317448  -22.084578678
   -1.047197551   -1.047197551   30.808289276    4.415709824  -23.294469532
   -0.856797996   -1.047197551   32.406599816   12.274714462  -22.830890602
   -0.666398442   -1.047197551   35.363893991   18.090133368  -20.928204127
   -0.475998887   -1.047197551   38.980279701   18.705696202  -18.126989929
   -0.285599332   -1.047197551   42.034270676   11.993357670  -15.078399234
   -0.095199777   -1.047197551   43.076551650   -2.224386729  -12.329265441
    0.095199777   -1.047197551   40.883533525  -21.288228759  -10.184064479
    0.285599332   -1.047197551   35.026224262  -39.570823962   -8.661737030
    0.475998887   -1.047197551   26.339720287  -49.767089093   -7.565675388
    0.666398442   -1.047197551   16.994244842  -45.771831468   -6.621251748
    0.856797996   -1.047197551    9.939854288  -25.946124886   -5.614363626
    1.047197551   -1.047197551    7.850797344    5.129234101   -4.468946867
    1.237597106   -1.047197551   12.023375604   38.062599210   -3.239496828
    1.427996661   -1.047197551   21.820803208   62.725704056   -2.042139493
    1.618396215   -1.047197551   34.959553798   72.471702025   -0.971690557
    1.808795770   -1.047197551   48.401289474   66.216205768   -0.047401577
    1.999195325   -1.047197551   59.379683443   47.421362674    0.783648663
    2.189594880   -1.047197551   66.036144918   21.862665836    1.590202985
    2.379994435   -1.047197551   67.645172235   -4.704477708    2.396544634
    2.570393989   -1.047197551   64.490850594  -27.475246698    3.131921403
    2.760793544   -1.047197551   57.661344762  -42.820323665    3.641168510
    2.951193099   -1.047197551   48.812112715  -48.465931038    3.735831987

   -3.141592654   -0.698131701   39.828275206  -46.673738984    2.639118272
   -2.951193099   -0.698131701   31.967557151  -34.933708600    1.000010981
   -2.760793544   -0.698131701   26.813389588  -19.024294752   -1.163746930
   -2.570393989   -0.698131701   24.661093767   -4.246593766   -3.671876279
   -2.379994435   -0.698131701   24.840149396    4.927248201   -6.435345901
   -2.189594880   -0.698131701   26.060503645    6.667114609   -9.507405019
   -1.999195325   -0.698131701   26.987579211    2.322310873  -12.961044170
   -1.808795770   -0.698131701   26.789594509   -4.428645955  -16.683967953
   -1.618396215   -0.698131701   25.419424585   -9.330295600  -20.244288481
   -1.427996661   -0.698131701   23.552761067   -9.305860678  -22.956733921
   -1.237597106   -0.698131701   22.239477328   -3.581529020  -24.146007021
   -1.047197551   -0.698131701   22.454184041    6.266239604  -23.454469079
   -0.856797996   -0.698131701   24.683829144   16.917364823  -21.018919668
   -0.666398442   -0.698131701   28.705544310   24.401034018  -17.427103948
   -0.475998887   -0.698131701   33.570218843   25.267532794  -13.481551418
   -0.285599332   -0.698131701   37.797695811   17.589173828   -9.907569678
   -0.095199777   -0.698131701   39.755560789    1.739473905   -7.107741668
    0.095199777   -0.698131701   38.158378046  -18.940283096   -5.072300732
    0.285599332   -0.698131701   32.636234073  -38.274603606   -3.462767731
    0.475998887   -0.698131701   24.159283127  -48.737098012   -1.838518247
    0.666398442   -0.698131701   15.038733819  -44.371953517    0.075308792
    0.856797996   -0.698131701    8.309821347  -23.943248694    2.224683049
    1.047197551   -0.698131701    6.648239615    7.541654278    4.257400455
    1.237597106   -0.698131701   11.286291290   40.451273340    5.733420599
    1.427996661   -0.698131701   21.503804876   64.690459280    6.371405848
    1.618396215   -0.698131701   34.961717269   73.851161001    6.192674055
    1.808795770   -0.698131701   48.616760342   67.108984652    5.496587320
    1.999195325   -0.698131701   59.736709863   48.053284800    4.695841285
    2.189594880   -0.698131701   66.503394981   22.403683749    4.128521305
    2.379994435   -0.698131701   68.206779882   -4.279322948    3.924849349
    2.570393989   -0.698131701   65.105100458  -27.399777826    3.972522755
    2.760793544   -0.698131701   58.229310400  -43.443265209    3.984164348
    2.951193099   -0.698131701   49.171867941  -50.054747750    3.618072285

   -3.141592654   -0.349065850   40.374515337  -49.640936242    2.305587713
   -2.951193099   -0.349065850   31.835484218  -39.022045359    0.336952788
   -2.760793544   -0.349065850   25.827937861  -23.816378170   -2.204661395
   -2.570393989   -0.349065850   22.728161634   -9.354987666   -5.116519427
   -2.379994435   -0.349065850   21.916002369   -0.379666266   -8.245499390
   -2.189594880   -0.349065850   22.100626767    1.078856342  -11.539304612
   -1.999195325   -0.349065850   21.937705394   -3.498220922  -14.935733938
   -1.808795770   -0.349065850   20.647239041   -9.944250733  -18.186598115
   -1.618396215   -0.349065850   18.337691697  -13.470887968  -20.771681041
   -1.427996661   -0.349065850   15.912721046  -10.842231415  -22.022931337
   -1.237597106   -0.349065850   14.622925572   -1.735548769  -21.426028236
   -1.047197551   -0.349065850   15.508202974   11.358880699  -18.917982197
   -0.856797996   -0.349065850   18.935716614   24.159797841  -14.979292115
   -0.666398442   -0.349065850   24.412086466   32.149974083  -10.475331798
   -0.475998887   -0.349065850   30.672141976   31.947250483   -6.306122089
   -0.285599332   -0.349065850   35.989047396   22.265257353   -3.070173373
   -0.095199777   -0.349065850   38.638313511    4.398995285   -0.857916014
    0.095199777   -0.349065850   37.416053049  -17.476304950    0.734275956
    0.285599332   -0.349065850   32.155843190  -36.784528836    2.368733424
    0.475998887   -0.349065850   24.049649152  -46.222892054    4.603264277
    0.666398442   -0.349065850   15.533949225  -40.579188133    7.551139145
    0.856797996   -0.349065850    9.606744647  -19.499667191   10.768021707
    1.047197551   -0.349065850    8.762901925   11.465384313   13.446112285
    1.237597106   -0.349065850   14.009069944   42.765560367   14.827214863
    1.427996661   -0.349065850   24.470948003   64.929557452   14.579268142
    1.618396215   -0.349065850   37.797526448   72.348202552   12.936134489
    1.808795770   -0.349065850   51.067912544   64.740891491   10.548884163
    1.999195325   -0.349065850   61.732251175   45.781885970    8.159597265
    2.189594880   -0.349065850   68.128881489   20.850210099    6.314186430
    2.379994435   -0.349065850   69.615389674   -5.039325576    5.197753073
    2.570393989   -0.349065850   66.413640064  -27.793155149    4.642402191
    2.760793544   -0.349065850   59.443011837  -44.173708499    4.253349066
    2.951193099   -0.349065850   50.161927498  -51.755299386    3.580504948

   -3.141592654    0.000000000   41.509439497  -52.238214723    1.410020785
   -2.951193099    0.000000000   32.347865195  -42.924935337   -0.384171028
   -2.760793544    0.000000000   25.490118527  -28.778903324   -2.650288288
   -2.570393989    0.000000000   21.372280685  -15.022231100   -5.240180259
   -2.379994435    0.000000000   19.437898937   -6.454520616   -8.018488343
   -2.189594880    0.000000000   18.449616518   -5.105906628  -10.885110372
   -1.999195325    0.000000000   17.137063101   -9.271482291  -13.677366767
   -1.808795770    0.000000000   14.856048314  -14.392813189  -16.047299379
   -1.618396215    0.000000000   11.917289869  -15.437748925  -17.451202192
   -1.427996661    0.000000000    9.431926223   -9.405982642  -17.329023613
   -1.237597106    0.000000000    8.758359058    3.234811894  -15.402511392
   -1.047197551    0.000000000   10.861562783   18.951800266  -11.901671032
   -0.856797996    0.000000000   15.852935035   32.672471499   -7.537379461
   -0.666398442    0.000000000   22.889169867   39.742811610   -3.240990396
   -0.475998887    0.000000000   30.398228655   37.333267009    0.227030846
   -0.285599332    0.000000000   36.500639254   25.174310576    2.568743449
   -0.095199777    0.000000000   39.523863359    5.622885963    4.044748330
    0.095199777    0.000000000   38.489585282  -16.456761404    5.338393682
    0.285599332    0.000000000   33.526803184  -34.473006615    7.219911499
    0.475998887    0.000000000   26.053635891  -41.858766564   10.142750476
    0.666398442    0.000000000   18.541269636  -34.594006307   13.937452246
    0.856797996    0.000000000   13.796334466  -13.391412370   17.803336760
    1.047197551    0.000000000   13.978314660   15.831091701   20.641668366
    1.237597106    0.000000000   19.776972024   44.062773736   21.575787729
    1.427996661    0.000000000   30.168558022   62.965770378   20.354062815
    1.618396215    0.000000000   42.876782646   68.049325670   17.428069894
    1.808795770    0.000000000   55.224289117   59.610004775   13.696348123
    1.999195325    0.000000000   64.947738024   41.232955204   10.086476973
    2.189594880    0.000000000   70.604434450   17.703533031    7.238790262
    2.379994435    0.000000000   71.637116746   -6.706475151    5.354379081
    2.570393989    0.000000000   68.219498965  -28.518848370    4.247168929
    2.760793544    0.000000000   61.133529287  -44.816662662    3.503528633
    2.951193099    0.000000000   51.671579716  -53.126375674    2.667174544

   -3.141592654    0.349065850   43.039019711  -53.895100381    0.864998916
   -2.951193099    0.349065850   33.450861384  -45.727383063   -0.174324365
   -2.760793544    0.349065850   25.959351303  -32.580471642   -1.495865272
   -2.570393989    0.349065850   21.046093444  -19.511461328   -3.076237112
   -2.379994435    0.349065850   18.218440104  -11.287347515   -4.871381125
   -2.189594880    0.349065850   16.307377984   -9.889242208   -6.802465844
   -1.999195325    0.349065850   14.132096943  -13.434196292   -8.686264148
   -1.808795770    0.349065850   11.180808726  -17.120228344  -10.178775507
   -1.618396215    0.349065850    7.929707369  -15.859743823  -10.823640802
   -1.427996661    0.349065850    5.629037821   -7.012419195  -10.233454399
   -1.237597106    0.349065850    5.667291752    8.201323044   -8.317828262
   -1.047197551    0.349065850    8.881644560   25.428228780   -5.404487374
   -0.856797996    0.349065850   15.130952724   39.150558393   -2.129498266
   -0.666398442    0.349065850   23.291543788   44.902237047    0.830999437
   -0.475998887    0.349065850   31.602329550   40.574168835    3.072876658
   -0.285599332    0.349065850   38.159630896   26.842611363    4.630870835
   -0.095199777    0.349065850   41.436917229    6.855637056    5.952352042
    0.095199777    0.349065850   40.711003779  -14.219636553    7.702328953
    0.285599332    0.349065850   36.361214704  -30.160250665   10.440626358
    0.475998887    0.349065850   29.923567656  -35.389985390   14.291946109
    0.666398442    0.349065850   23.766980629  -27.119399705   18.753007585
    0.856797996    0.349065850   20.385954811   -6.916133925   22.791939370
    1.047197551    0.349065850   21.542810469   19.313932834   25.253500990
    1.237597106    0.349065850   27.624809435   43.490410344   25.375308226
    1.427996661    0.349065850   37.535022014   58.647507670   23.122582982
    1.618396215    0.349065850   49.171979401   61.424429977   19.167405714
    1.808795770    0.349065850   60.186453191   52.537802670   14.550883235
    1.999195325    0.349065850   68.649589845   35.279152796   10.243708835
    2.189594880    0.349065850   73.350314808   13.683034819    6.861110618
    2.379994435    0.349065850   73.808050226   -8.784354945    4.568032024
    2.570393989    0.349065850   70.135097196  -29.257302856    3.179714604
    2.760793544    0.349065850   62.966033687  -45.110208323    2.335166338
    2.951193099    0.349065850   53.421401276  -53.822465761    1.656701278

   -3.141592654    0.698131701   43.993408219  -54.192588190   -0.616155038
   -2.951193099    0.698131701   34.302974625  -46.522949819   -0.558605200
   -2.760793544    0.698131701   26.598286239  -34.026021861   -0.529148862
   -2.570393989    0.698131701   21.346190095  -21.606000885   -0.697235427
   -2.379994435    0.698131701   18.069551969  -13.864360259   -1.167968215
   -2.189594880    0.698131701   15.647432970  -12.607158845   -1.929906997
   -1.999195325    0.698131701   12.980788241  -15.780861804   -2.833318194
   -1.808795770    0.698131701    9.666180925  -18.490858962   -3.614003284
   -1.618396215    0.698131701    6.288841353  -15.753702851   -3.977511285
   -1.427996661    0.698131701    4.164322788   -5.284782211   -3.722405883
   -1.237597106    0.698131701    4.661931057   11.192127014   -2.840370164
   -1.047197551    0.698131701    8.506956280   28.916530273   -1.529854062
   -0.856797996    0.698131701   15.401013414   42.307829852   -0.074695727
   -0.666398442    0.698131701   24.089465185   47.254330488    1.314978497
   -0.475998887    0.698131701   32.775589421   42.243512732    2.645621227
   -0.285599332    0.698131701   39.637719680   28.529043901    4.157354820
   -0.095199777    0.698131701   43.319234490    9.593169230    6.226676558
    0.095199777    0.698131701   43.291292359   -9.506521552    9.205164184
    0.285599332    0.698131701   40.058513410  -23.163500419   13.208682852
    0.475998887    0.698131701   35.123993422  -26.809381338   17.934665407
    0.666398442    0.698131701   30.622824743  -18.673382119   22.612015568
    0.856797996    0.698131701   28.662757620   -0.804952777   26.179584703
    1.047197551    0.698131701   30.610608561   21.297896127   27.675850245
    1.237597106    0.698131701   36.619336920   40.764411810   26.650146180
    1.427996661    0.698131701   45.620269567   52.071861797   23.354542987
    1.618396215    0.698131701   55.780428881   52.841707476   18.619169830
    1.808795770    0.698131701   65.131966298   43.959736125   13.484514490
    1.999195325    0.698131701   72.087026129   28.202185759    8.819138581
    2.189594880    0.698131701   75.641985392    8.766517264    5.121570909
    2.379994435    0.698131701   75.367784729  -11.616990926    2.506929074
    2.570393989    0.698131701   71.313726664  -30.533737669    0.843591266
    2.760793544    0.698131701   63.996521149  -45.502162222   -0.091406158
    2.951193099    0.698131701   54.411869520  -53.939109578   -0.515533447

   -3.141592654    1.047197551   42.787577200  -53.891372617   -6.058353635
   -2.951193099    1.047197551   33.226027792  -45.522934570   -5.504613213
   -2.760793544    1.047197551   25.741290123  -32.793737692   -4.558683555
   -2.570393989    1.047197551   20.705573000  -20.634344038   -3.535414381
   -2.379994435    1.047197551   17.561931695  -13.463870502   -2.692694325
   -2.189594880    1.047197551   15.157516769  -12.797976626   -2.137352651
   -1.999195325    1.047197551   12.416493731  -16.314837046   -1.829530286
   -1.808795770    1.047197551    8.996977924  -18.999196620   -1.653295573
   -1.618396215    1.047197551    5.550458980  -15.938251277   -1.503875476
   -1.427996661    1.047197551    3.430777933   -5.056137974   -1.335169407
   -1.237597106    1.047197551    4.003732737   11.714086857   -1.144371171
   -1.047197551    1.047197551    7.961063455   29.545637701   -0.921338899
   -0.856797996    1.047197551   14.980435737   42.999756287   -0.575324653
   -0.666398442    1.047197551   23.824503196   48.261138174    0.082720561
   -0.475998887    1.047197551   32.771428890   44.082458294    1.318946273
   -0.285599332    1.047197551   40.111452069   31.806804837    3.393796078
   -0.095199777    1.047197551   44.593497328   14.774645472    6.456769471
    0.095199777    1.047197551   45.742185973   -2.363154146   10.466446208
    0.285599332    1.047197551   44.016600794  -14.626878367   15.116001952
    0.475998887    1.047197551   40.744970545  -18.142861241   19.803858626
    0.666398442    1.047197551   37.770348017  -11.615984094   23.701372771
    0.856797996    1.047197551   36.864703939    2.974740824   25.957923641
    1.047197551    1.047197551   39.135965077   20.850333283   25.997319538
    1.237597106    1.047197551   44.662048662   36.267143010   23.763557564
    1.427996661    1.047197551   52.510974601   44.729088027   19.750128057
    1.618396215    1.047197551   61.133961305   44.319252829   14.801460226
    1.808795770    1.047197551   68.872490816   35.740446883    9.773841886
    1.999195325    1.047197551   74.368600971   21.193840718    5.265314021
    2.189594880    1.047197551   76.730989314    3.254693513    1.538268034
    2.379994435    1.047197551   75.543828251  -15.724846445   -1.398161950
    2.570393989    1.047197551   70.825574785  -33.425735793   -3.618446531
    2.760793544    1.047197551   63.064096064  -47.282072911   -5.153739543
    2.951193099    1.047197551   53.243604940  -54.635656125   -5.971235123

   -3.141592654    1.396263402   37.997708850  -54.595188076  -11.145192727
   -2.951193099    1.396263402   28.499201148  -44.185871310  -10.385077008
   -2.760793544    1.396263402   21.429447763  -29.879357960   -8.956494849
   -2.570393989    1.396263402   17.038384486  -16.913991042   -7.259912381
   -2.379994435    1.396263402   14.618172668   -9.693829996   -5.614781351
   -2.189594880    1.396263402   12.891694836   -9.513516096   -4.148703658
   -1.999195325    1.396263402   10.705574052  -13.803606174   -2.848538243
   -1.808795770    1.396263402    7.679287091  -17.397458808   -1.689399880
   -1.618396215    1.396263402    4.446394284  -15.302198875   -0.724576557
   -1.427996661    1.396263402    2.359041402   -5.333006638   -0.060976498
   -1.237597106    1.396263402    2.812637980   10.794347339    0.255019415
   -1.047197551    1.396263402    6.576356282   28.540027411    0.331054985
   -0.856797996    1.396263402   13.458485593   42.692410411    0.452631329
   -0.666398442    1.396263402   22.377760364   49.478847519    0.994778213
   -0.475998887    1.396263402   31.752239506   47.424646750    2.304000641
   -0.285599332    1.396263402   39.947371586   37.425962585    4.579904498
   -0.095199777    1.396263402   45.690098196   22.286177047    7.791850263
    0.095199777    1.396263402   48.380588943    6.131373075   11.661620984
    0.285599332    1.396263402   48.264038278   -6.459200723   15.675624976
    0.475998887    1.396263402   46.399685987  -11.770398715   19.155918436
    0.666398442    1.396263402   44.363741991   -8.300688570   21.400919273
    0.856797996    1.396263402   43.739838236    2.580260166   21.890669204
    1.047197551    1.396263402   45.591913481   16.957439330   20.467781342
    1.237597106    1.396263402   50.119139527   29.878467291   17.414365595
    1.427996661    1.396263402   56.624131595   37.232008004   13.337623865
    1.618396215    1.396263402   63.813478901   36.915181884    8.937122394
    1.808795770    1.396263402   70.207522969   29.069344940    4.745956646
    1.999195325    1.396263402   74.510169633   15.294635431    1.005951361
    2.189594880    1.396263402   75.799173584   -2.177343291   -2.281505156
    2.379994435    1.396263402   73.599043099  -20.950142858   -5.200789623
    2.570393989    1.396263402   67.908076055  -38.362633456   -7.745709694
    2.760793544    1.396263402   59.269484200  -51.441457948   -9.748802399
    2.951193099    1.396263402   48.784858979  -57.332824428  -10.943726794

   -3.141592654    1.745329252   32.051853661  -54.916688648  -17.032800239
   -2.951193099    1.745329252   22.700358119  -42.392170587  -16.777874869
   -2.760793544    1.745329252   16.122615271  -26.641619337  -15.382074245
   -2.570393989    1.745329252   12.418603522  -13.066923294  -13.150923063
   -2.379994435    1.745329252   10.736853922   -5.859075016  -10.415864362
   -2.189594880    1.745329252    9.712851899   -6.000652971   -7.410712957
   -1.999195325    1.745329252    8.153097695  -10.762240363   -4.299062631
   -1.808795770    1.745329252    5.647063906  -15.015585940   -1.274532725
   -1.618396215    1.745329252    2.786293813  -13.814894409    1.386014113
   -1.427996661    1.745329252    0.887655388   -4.830714025    3.394955770
   -1.237597106    1.745329252    1.362535700   10.587259199    4.611543478
   -1.047197551    1.745329252    5.072002912   28.306470081    5.147979542
   -0.856797996    1.745329252   11.978281293   43.314486807    5.357640635
   -0.666398442    1.745329252   21.161193525   51.720019166    5.687327314
   -0.475998887    1.745329252   31.148856931   51.642694825    6.510414421
   -0.285599332    1.745329252   40.324362731   43.423503535    7.994051305
   -0.095199777    1.745329252   47.324732550   29.333989409   10.035012552
    0.095199777    1.745329252   51.369322792   13.093427166   12.277696472
    0.285599332    1.745329252   52.466612754   -0.886043210   14.184315594
    0.475998887    1.745329252   51.438130327   -8.722818291   15.185320783
    0.666398442    1.745329252   49.687095899   -8.395693531   14.869653410
    0.856797996    1.745329252   48.748812306   -0.539581021   13.160564491
    1.047197551    1.745329252   49.779245629   11.631183500   10.349827512
    1.237597106    1.745329252   53.176584724   23.534648752    6.990315218
    1.427996661    1.745329252   58.467004818   30.965457284    3.657238083
    1.618396215    1.745329252   64.522863006   31.320361070    0.730888242
    1.808795770    1.745329252   69.919298469   24.138029450   -1.726173166
    1.999195325    1.745329252   73.314262035   10.608328836   -3.921996873
    2.189594880    1.745329252   73.695843492   -7.077546198   -6.165120818
    2.379994435    1.745329252   70.527689881  -26.191382596   -8.668194716
    2.570393989    1.745329252   63.832852911  -43.552611197  -11.390413846
    2.760793544    1.745329252   54.272839292  -55.760994662  -14.012615133
    2.951193099    1.745329252   43.119223475  -59.907757442  -16.040941637

   -3.141592654    2.094395102   25.273971269  -56.327663805  -17.687030631
   -2.951193099    2.094395102   15.884606651  -41.391985256  -17.636622000
   -2.760793544    2.094395102    9.707196775  -23.522783412  -16.349746694
   -2.570393989    2.094395102    6.753208940   -8.417350921  -14.032959258
   -2.379994435    2.094395102    6.055819125   -0.257067132  -10.955281960
   -2.189594880    2.094395102    6.151403800    0.084998874   -7.330455848
   -1.999195325    2.094395102    5.761727765   -4.638968523   -3.339353994
   -1.808795770    2.094395102    4.383387134   -9.393513263    0.771005748
   -1.618396215    2.094395102    2.500096781   -9.258762845    4.628765185
   -1.427996661    2.094395102    1.336649703   -1.693064103    7.807802993
   -1.237597106    2.094395102    2.277606815   12.393958691    9.999072646
   -1.047197551    2.094395102    6.245340061   29.320673361   11.148379287
   -0.856797996    2.094395102   13.328580626   44.267887052   11.474437158
   -0.666398442    2.094395102   22.737227381   53.202207162   11.349810378
   -0.475998887    2.094395102   33.077321856   53.855815531   11.138462010
   -0.285599332    2.094395102   42.727038581   46.107265748   11.056916684
   -0.095199777    2.094395102   50.234736794   31.844432449   11.096520252
    0.095199777    2.094395102   54.672811549   14.564358099   11.024852088
    0.285599332    2.094395102   55.885199706   -1.262235994   10.466143903
    0.475998887    2.094395102   54.572079217  -11.359175911    9.077552647
    0.666398442    2.094395102   52.116712460  -13.048855836    6.744640676
    0.856797996    2.094395102   50.165595246   -6.329702277    3.709226354
    1.047197551    2.094395102   50.080051072    5.905939625    0.495981021
    1.237597106    2.094395102   52.478721312   18.897948723   -2.303062824
    1.427996661    2.094395102   57.030721614   27.861819122   -4.300347016
    1.618396215    2.094395102   62.624963787   29.480990401   -5.466677948
    1.808795770    2.094395102   67.731204886   22.775697020   -6.121013807
    1.999195325    2.094395102   70.836867775    8.790823853   -6.761035259
    2.189594880    2.094395102   70.770574077  -10.037014132   -7.840557797
    2.379994435    2.094395102   66.912694787  -30.441195757   -9.588851647
    2.570393989    2.094395102   59.319470399  -48.603932754  -11.909066064
    2.760793544    2.094395102   48.796276192  -60.626407580  -14.405630942
    2.951193099    2.094395102   36.823779668  -63.466629532  -16.507017083

   -3.141592654    2.443460953   19.477843610  -58.119048924  -11.447386518
   -2.951193099    2.443460953    9.934998103  -41.190091610  -10.972471836
   -2.760793544    2.443460953    3.990401101  -21.308961326   -9.527328373
   -2.570393989    2.443460953    1.632729723   -4.420592819   -7.213502343
   -2.379994435    2.443460953    1.844224568    5.245910143   -4.181322424
   -2.189594880    2.443460953    3.109397627    6.816735061   -0.552381483
   -1.999195325    2.443460953    4.089765449    2.938070123    3.547472828
   -1.808795770    2.443460953    4.187233261   -1.596054621    7.889919099
   -1.618396215    2.443460953    3.744897238   -2.068131415   12.079563415
   -1.427996661    2.443460953    3.828279176    4.100352826   15.611618014
   -1.237597106    2.443460953    5.699898854   16.336288019   18.039328355
   -1.047197551    2.443460953   10.240907263   31.436140620   19.138741727
   -0.856797996    2.443460953   17.582979715   44.948236137   18.967702476
   -0.666398442    2.443460953   27.025251954   52.948081069   17.795852301
   -0.475998887    2.443460953   37.259319215   53.030162020   15.962013076
   -0.285599332    2.443460953   46.706520463   44.787044696   13.736358138
   -0.095199777    2.443460953   53.899593439   29.797924646   11.230997042
    0.095199777    2.443460953   57.845262963   11.358055171    8.387653600
    0.285599332    2.443460953   58.306206637   -5.989378651    5.067983552
    0.475998887    2.443460953   55.947597495  -17.558276993    1.232606123
    0.666398442    2.443460953   52.219762122  -20.038484790   -2.891233986
    0.856797996    2.443460953   48.953598299  -12.922619299   -6.768435547
    1.047197551    2.443460953   47.751278476    0.957810170   -9.740161642
    1.237597106    2.443460953   49.429120848   16.337349693  -11.317882716
    1.427996661    2.443460953   53.719906751   27.599236586  -11.424004354
    1.618396215    2.443460953   59.419025982   30.663609073  -10.429357828
    1.808795770    2.443460953   64.790969471   24.180453951   -8.988644784
    1.999195325    2.443460953   68.092756020    9.295375284   -7.774365403
    2.189594880    2.443460953   67.978470675  -11.106133410   -7.255095094
    2.379994435    2.443460953   63.756164891  -33.155400840   -7.585532883
    2.570393989    2.443460953   55.525114863  -52.463701917   -8.601288791
    2.760793544    2.443460953   44.226278471  -64.737391103   -9.907409194
    2.951193099    2.443460953   31.527472915  -66.827413642  -11.003114671

   -3.141592654    2.792526803   16.876033829  -58.304729747    0.991862622
   -2.951193099    2.792526803    7.409480640  -40.177960297    2.322476157
   -2.760793544    2.792526803    1.784420336  -18.964252870    3.815678920
   -2.570393989    2.792526803    0.000000000   -0.759285044    5.484520895
   -2.379994435    2.792526803    1.028774176   10.152408535    7.450128831
   -2.189594880    2.792526803    3.338515387   12.856204695    9.910134568
   -1.999195325    2.792526803    5.559377845    9.870645840   13.001584253
   -1.808795770    2.792526803    7.024992774    5.734598046   16.630228612
   -1.618396215    2.792526803    7.957502514    4.896950485   20.382909913
   -1.427996661    2.792526803    9.262328960    9.824635519   23.609464058
   -1.237597106    2.792526803   12.045791443   20.097019063   25.652520901
   -1.047197551    2.792526803   17.083690056   32.867268856   26.096515331
   -0.856797996    2.792526803   24.476042486   44.079235937   24.887621034
   -0.666398442    2.792526803   33.556856454   50.084216719   22.294519973
   -0.475998887    2.792526803   43.088745519   48.581804937   18.735243717
   -0.285599332    2.792526803   51.566822866   39.101877137   14.601022541
   -0.095199777    2.792526803   57.575672830   23.063792304   10.135252607
    0.095199777    2.792526803   60.145649628    3.653718629    5.420378876
    0.285599332    2.792526803   59.060210018  -14.474160990    0.487272029
    0.475998887    2.792526803   55.052542918  -26.260428310   -4.507476628
    0.666398442    2.792526803   49.725053749  -27.922651522   -9.150364219
    0.856797996    2.792526803   45.133726875  -18.746559553  -12.815295696
    1.047197551    2.792526803   43.098027997   -1.859882523  -14.902075235
    1.237597106    2.792526803   44.546005038   16.703669384  -15.135956536
    1.427996661    2.792526803   49.158890490   30.449018101  -13.718692472
    1.618396215    2.792526803   55.537830246   34.730408435  -11.251831698
    1.808795770    2.792526803   61.692101522   28.137472250   -8.474823517
    1.999195325    2.792526803   65.655660665   12.176501523   -5.986896507
    2.189594880    2.792526803   65.949531835   -9.722240442   -4.090818441
    2.379994435    2.792526803   61.851260789  -33.184776315   -2.784854819
    2.570393989    2.792526803   53.513428783  -53.462161561   -1.861906621
    2.760793544    2.792526803   41.981043213  -66.076511292   -1.052533381
    2.951193099    2.792526803   29.047311391  -67.861655512   -0.135325483
