#! FIELDS phi psi file.free der_phi der_psi
#! SET min_phi -pi
#! SET max_phi pi
#! SET nbins_phi  33
#! SET periodic_phi true
#! SET min_psi -pi
#! SET max_psi pi
#! SET nbins_psi  18
#! SET periodic_psi true
   -3.141592654   -3.141592654   18.264639613  -53.352814524   17.845615430
   -2.951193099   -3.141592654    9.858372474  -34.372501528   20.213151121
   -2.760793544   -3.141592654    5.269194678  -14.211124249   21.559216716
   -2.570393989   -3.141592654    4.188584484    1.738102606   22.093708346
   -2.379994435   -3.141592654    5.481738600   10.527031467   22.314969336
   -2.189594880   -3.141592654    7.760891525   12.428323958   22.847125753
   -1.999195325   -3.141592654    9.968204190   10.435301568   24.198884943
   -1.808795770   -3.141592654   11.754915402    8.698691231   26.518696898
   -1.618396215   -3.141592654   13.523614391   10.658508947   29.480377622
   -1.427996661   -3.141592654   16.147949067   17.704021110   32.370908820
   -1.237597106   -3.141592654   20.525755341   28.664457482   34.351041201
   -1.047197551   -3.141592654   27.134204387   40.514412026   34.751570334
   -0.856797996   -3.141592654   35.785446904   49.455588539   33.242139740
   -0.666398442   -3.141592654   45.597092391   52.247414633   29.857491018
   -0.475998887   -3.141592654   55.189415445   46.968129528   24.882119316
   -0.285599332   -3.141592654   62.972480298   33.353331789   18.740446460
   -0.095199777   -3.141592654   67.477367242   12.983949947   11.910859770
    0.095199777   -3.141592654   67.726219296  -10.600214880    4.888752280
    0.285599332   -3.141592654   63.593166884  -32.036393878   -1.810287510
    0.475998887   -3.141592654   56.067968217  -45.279711571   -7.641566398
    0.666398442   -3.141592654   47.193348823  -45.676024246  -12.062937843
    0.856797996   -3.141592654   39.582828470  -32.235518670  -14.657108601
    1.047197551   -3.141592654   35.585067841   -8.705399026  -15.290362661
    1.237597106   -3.141592654   36.451402752   17.435316235  -14.211448853
    1.427996661   -3.141592654   41.865006458   37.803250596  -11.963265581
    1.618396215   -3.141592654   50.075546316   46.053781145   -9.160698462
    1.808795770   -3.141592654   58.484784610   39.887344805   -6.234025437
    1.999195325   -3.141592654   64.464459892   21.161149316   -3.308274932
    2.189594880   -3.141592654   66.061263568   -5.126107938   -0.267311428
    2.379994435   -3.141592654   62.446474984  -32.452356732    3.074630023
    2.570393989   -3.141592654   54.049473408  -54.383977567    6.790818072
    2.760793544   -3.141592654   42.397522996  -66.052024406   10.736956589
    2.951193099   -3.141592654   29.700478342  -65.303072642   14.567240891

   -3.141592654   -2.792526803   26.147850974  -48.871048907   25.666776683
   -2.951193099   -2.792526803   18.390319259  -32.056641779   27.821424020
   -2.760793544   -2.792526803   14.053529578  -13.783654586   28.708742252
   -2.570393989   -2.792526803   12.937767410    1.118480224   28.665036920
   -2.379994435   -2.792526803   14.105268539   10.027595435   28.291572199
   -2.189594880   -2.792526803   16.392504034   13.172300405   28.250287181
   -1.999195325   -2.792526803   18.917047217   13.072681875   29.021092471
   -1.808795770   -2.792526803   21.381437890   13.083527784   30.677046568
   -1.618396215   -2.792526803   24.077711396   15.793410738   32.797693240
   -1.427996661   -2.792526803   27.628443362   22.022457725   34.580562624
   -1.237597106   -2.792526803   32.618301211   30.540693377   35.127266212
   -1.047197551   -2.792526803   39.250966875   38.759764938   33.779480341
   -0.856797996   -2.792526803   47.178286233   43.611605985   30.318785656
   -0.666398442   -2.792526803   55.503988101   42.596407701   24.995267688
   -0.475998887   -2.792526803   62.962396677   34.399241447   18.369092546
   -0.285599332   -2.792526803   68.172658917   19.138925053   11.130157766
   -0.095199777   -2.792526803   69.926768710   -1.447263696    3.944836601
    0.095199777   -2.792526803   67.518647098  -23.852032429   -2.623219318
    0.285599332   -2.792526803   61.073670577  -42.885796149   -8.126083819
    0.475998887   -2.792526803   51.788493292  -52.782157945  -12.218190406
    0.666398442   -2.792526803   41.849049648  -49.301701061  -14.652128318
    0.856797996   -2.792526803   33.918246548  -32.015455877  -15.334006834
    1.047197551   -2.792526803   30.279400897   -5.302518105  -14.389363971
    1.237597106   -2.792526803   32.006885737   22.883549991  -12.187692120
    1.427996661   -2.792526803   38.552638407   44.072511281   -9.233551670
    1.618396215   -2.792526803   47.962179921   52.295069921   -5.984186563
    1.808795770   -2.792526803   57.532835335   45.866145233   -2.669192062
    1.999195325   -2.792526803   64.645462829   27.157314957    0.752712856
    2.189594880   -2.792526803   67.422257700    1.335553161    4.474736331
    2.379994435   -2.792526803   65.103909129  -25.297868379    8.654865850
    2.570393989   -2.792526803   58.121754535  -46.763944909   13.248659662
    2.760793544   -2.792526803   47.915585138  -58.633987356   17.949086950
    2.951193099   -2.792526803   36.542817425  -58.972129098   22.260651385

   -3.141592654   -2.443460953   34.725150527  -44.501199951   22.913126519
   -2.951193099   -2.443460953   27.593301016  -29.852299368   24.603932129
   -2.760793544   -2.443460953   23.493588911  -13.398289584   25.291926821
   -2.570393989   -2.443460953   22.340874046    0.511862974   25.282865781
   -2.379994435   -2.443460953   23.380731030    9.465269050   25.024237038
   -2.189594880   -2.443460953   25.639319890   13.551985062   24.946212532
   -1.999195325   -2.443460953   28.361810014   14.778178167   25.303866807
   -1.808795770   -2.443460953   31.253016943   15.731770144   26.037956622
   -1.618396215   -2.443460953   34.456902290   18.240953235   26.737774692
   -1.427996661   -2.443460953   38.330789580   22.707956823   26.749512299
   -1.237597106   -2.443460953   43.166926693   28.065875168   25.415330425
   -1.047197551   -2.443460953   48.964117592   32.429614363   22.354626355
   -0.856797996   -2.443460953   55.331831497   33.700544268   17.614588250
   -0.666398442   -2.443460953   61.510983056   30.203667974   11.660712802
   -0.475998887   -2.443460953   66.494436961   21.073475024    5.189699862
   -0.285599332   -2.443460953   69.202763638    6.433117111   -1.076361565
   -0.095199777   -2.443460953   68.696864179  -12.305608052   -6.553626510
    0.095199777   -2.443460953   64.461182622  -32.097840008  -10.876012442
    0.285599332   -2.443460953   56.723141170  -48.198577134  -13.888079756
    0.475998887   -2.443460953   46.705858979  -55.173611314  -15.592046491
    0.666398442   -2.443460953   36.570301208  -49.016038260  -16.073423129
    0.856797996   -2.443460953   28.914828075  -29.479800520  -15.461617078
    1.047197551   -2.443460953   25.925653926   -1.113786834  -13.921088758
    1.237597106   -2.443460953   28.551422630   28.028040392  -11.667263344
    1.427996661   -2.443460953   36.115776499   49.546264514   -8.942454022
    1.618396215   -2.443460953   46.569245355   57.762298449   -5.955645207
    1.808795770   -2.443460953   57.181716546   51.382856201   -2.804023850
    1.999195325   -2.443460953   65.375557649   33.058381507    0.549795047
    2.189594880   -2.443460953   69.342719454    7.973461689    4.200555020
    2.379994435   -2.443460953   68.368194674  -17.852604224    8.189429537
    2.570393989   -2.443460953   62.855217448  -38.887029194   12.397926627
    2.760793544   -2.443460953   54.132369608  -51.088025516   16.522464921
    2.951193099   -2.443460953   44.093498513  -52.660195809   20.152542311

   -3.141592654   -2.094395102   40.951021188  -40.974411231   13.290041430
   -2.951193099   -2.094395102   34.359749646  -27.693059153   14.267184771
   -2.760793544   -2.094395102   30.557674456  -12.377686700   14.777618931
   -2.570393989   -2.094395102   29.522916747    0.807563163   15.008829510
   -2.379994435   -2.094395102   30.584919625    9.466328180   15.119288564
   -2.189594880   -2.094395102   32.840251615   13.544150504   15.168209376
   -1.999195325   -2.094395102   35.561345474   14.735676244   15.093872942
   -1.808795770   -2.094395102   38.409637543   15.218314229   14.710345610
   -1.618396215   -2.094395102   41.409268432   16.461373952   13.739748722
   -1.427996661   -2.094395102   44.751641878   18.771407558   11.890023009
   -1.237597106   -2.094395102   48.582387955   21.404996383    8.969449470
   -1.047197551   -2.094395102   52.853466118   23.150810211    5.017326137
   -0.856797996   -2.094395102   57.268625866   22.683419271    0.338808490
   -0.666398442   -2.094395102   61.292991032   18.847685461   -4.553154933
   -0.475998887   -2.094395102   64.200862722   10.862192949   -9.099578404
   -0.285599332   -2.094395102   65.167642650   -1.496634529  -12.845582868
   -0.095199777   -2.094395102   63.416058006  -17.420085510  -15.534549774
    0.095199777   -2.094395102   58.472163611  -34.474670192  -17.135896198
    0.285599332   -2.094395102   50.502934359  -48.354981526  -17.798328471
    0.475998887   -2.094395102   40.612889902  -53.783111547  -17.766940471
    0.666398442   -2.094395102   30.841764698  -46.647588136  -17.269825106
    0.856797996   -2.094395102   23.701414077  -26.462372336  -16.428242130
    1.047197551   -2.094395102   21.337298988    2.431398991  -15.231564483
    1.237597106   -2.094395102   24.684528097   32.060107373  -13.598774980
    1.427996661   -2.094395102   33.058776009   54.006700780  -11.472210068
    1.618396215   -2.094395102   44.397327483   62.579136953   -8.881222251
    1.808795770   -2.094395102   55.959142079   56.534305984   -5.934910799
    1.999195325   -2.094395102   65.169411277   38.580583062   -2.764064997
    2.189594880   -2.094395102   70.227914671   13.902821467    0.500099837
    2.379994435   -2.094395102   70.416502887  -11.606547611    3.735525341
    2.570393989   -2.094395102   66.101644636  -32.625102790    6.798064974
    2.760793544   -2.094395102   58.536368786  -45.284848333    9.512966387
    2.951193099   -2.094395102   49.518335627  -47.820412041   11.710024554

   -3.141592654   -1.745329252   43.216382243  -39.257900355    4.564731908
   -2.951193099   -1.745329252   36.908397576  -26.414952229    4.973940194
   -2.760793544   -1.745329252   33.318928333  -11.411997408    5.232132447
   -2.570393989   -1.745329252   32.441985094    1.490300065    5.358329996
   -2.379994435   -1.745329252   33.597346745    9.723273666    5.258129912
   -2.189594880   -1.745329252   35.837283190   13.060267377    4.734365035
   -1.999195325   -1.745329252   38.360919753   13.065910896    3.569433699
   -1.808795770   -1.745329252   40.740540269   11.893689093    1.616444944
   -1.618396215   -1.745329252   42.920540495   11.145346016   -1.136648335
   -1.427996661   -1.745329252   45.056595929   11.449945144   -4.545702887
   -1.237597106   -1.745329252   47.335661715   12.557089573   -8.338146028
   -1.047197551   -1.745329252   49.851359280   13.761722893  -12.142630985
   -0.856797996   -1.745329252   52.528739586   14.046087225  -15.559055352
   -0.666398442   -1.745329252   55.079271004   12.181022710  -18.227216423
   -0.475998887   -1.745329252   56.971057727    6.934125730  -19.912693489
   -0.285599332   -1.745329252   57.464946983   -2.567750145  -20.557266890
   -0.095199777   -1.745329252   55.745733657  -16.132650807  -20.283485264
    0.095199777   -1.745329252   51.202219351  -31.720760048  -19.372727356
    0.285599332   -1.745329252   43.816429322  -45.137222037  -18.188603971
    0.475998887   -1.745329252   34.515439989  -50.914247859  -17.075418499
    0.666398442   -1.745329252   25.222545597  -44.511735817  -16.232503912
    0.856797996   -1.745329252   18.425732876  -24.926345765  -15.628502312
    1.047197551   -1.745329252   16.336981111    3.894212819  -15.015576560
    1.237597106   -1.745329252   20.006232011   34.069069715  -14.061959278
    1.427996661   -1.745329252   28.851026816   56.967644671  -12.530351559
    1.618396215   -1.745329252   40.851163674   66.523633835  -10.395794766
    1.808795770   -1.745329252   53.237778464   61.179500338   -7.841387062
    1.999195325   -1.745329252   63.365523279   43.483469093   -5.146402959
    2.189594880   -1.745329252   69.349659040   18.651813934   -2.582501592
    2.379994435   -1.745329252   70.403943562   -7.310152188   -0.332529060
    2.570393989   -1.745329252   66.850157262  -28.953799991    1.509225455
    2.760793544   -1.745329252   59.918624927  -42.306977101    2.916423915
    2.951193099   -1.745329252   51.402225140  -45.516970981    3.911070630

   -3.141592654   -1.396263402   41.624165611  -39.545390165    1.623038404
   -2.951193099   -1.396263402   35.288113862  -26.403299863    1.243711189
   -2.760793544   -1.396263402   31.731928923  -11.108821857    0.825429986
   -2.570393989   -1.396263402   30.916487177    1.745413669    0.394917472
   -2.379994435   -1.396263402   32.067637187    9.300756946   -0.213671952
   -2.189594880   -1.396263402   34.104946868   11.239930415   -1.336882145
   -1.999195325   -1.396263402   36.103026925    9.306604756   -3.331698743
   -1.808795770   -1.396263402   37.569744321    6.092037600   -6.379743511
   -1.618396215   -1.396263402   38.483126461    3.768963490  -10.348861510
   -1.427996661   -1.396263402   39.139740089    3.478504306  -14.777637488
   -1.237597106   -1.396263402   39.944169403    5.256962550  -19.011724816
   -1.047197551   -1.396263402   41.232965269    8.355290880  -22.388046390
   -0.856797996   -1.396263402   43.133624805   11.394376786  -24.425573126
   -0.666398442   -1.396263402   45.470193536   12.582336327  -24.921582727
   -0.475998887   -1.396263402   47.709662695   10.084576279  -23.973299810
   -0.285599332   -1.396263402   49.005646459    2.544461181  -21.924474119
   -0.095199777   -1.396263402   48.361051681  -10.156694741  -19.262463747
    0.095199777   -1.396263402   44.943081731  -26.068364923  -16.522642261
    0.285599332   -1.396263402   38.517014457  -40.856277853  -14.168835051
    0.475998887   -1.396263402   29.845314330  -48.642927813  -12.495170402
    0.666398442   -1.396263402   20.789006830  -44.239443496  -11.547160840
    0.856797996   -1.396263402   13.905961597  -25.946168040  -11.113414436
    1.047197551   -1.396263402   11.591410278    2.738960385  -10.809663388
    1.237597106   -1.396263402   15.120720259   33.897506242  -10.239827451
    1.427996661   -1.396263402   24.082175541   58.395126774   -9.158259798
    1.618396215   -1.396263402   36.505745199   69.454732737   -7.548279109
    1.808795770   -1.396263402   49.545068055   64.957381245   -5.587559697
    1.999195325   -1.396263402   60.404121192   47.234408816   -3.534700077
    2.189594880   -1.396263402   67.041641843   21.665283847   -1.640406138
    2.379994435   -1.396263402   68.568517986   -5.392101925   -0.083617503
    2.570393989   -1.396263402   65.274779430  -28.112098793    1.026433710
    2.760793544   -1.396263402   58.422115505  -42.254660293    1.649233014
    2.951193099   -1.396263402   49.872726419  -45.834623356    1.811292656

   -3.141592654   -1.047197551   38.726157804  -42.291236388    2.863046796
   -2.951193099   -1.047197551   31.904848471  -28.679910177    1.647885768
   -2.760793544   -1.047197551   27.985988712  -12.636945733    0.311050083
   -2.570393989   -1.047197551   26.938454885    0.752122923   -1.073870525
   -2.379994435   -1.047197551   27.896521877    8.110008353   -2.625894734
   -2.189594880   -1.047197551   29.612040399    8.894268129   -4.647536827
   -1.999195325   -1.047197551   30.993126026    5.102924795   -7.463147442
   -1.808795770   -1.047197551   31.475163511    0.021935460  -11.185337790
   -1.618396215   -1.047197551   31.115553747   -3.326946447  -15.549243622
   -1.427996661   -1.047197551   30.435981688   -3.195866320  -19.913102568
   -1.237597106   -1.047197551   30.134763002    0.556845086  -23.463709276
   -1.047197551   -1.047197551   30.811458653    6.753873374  -25.495795435
   -0.856797996   -1.047197551   32.737880739   13.257852396  -25.652533489
   -0.666398442   -1.047197551   35.730143779   17.471932482  -24.010035466
   -0.475998887   -1.047197551   39.109356573   16.945751300  -21.008631376
   -0.285599332   -1.047197551   41.793216686   10.024103750  -17.292268538
   -0.095199777   -1.047197551   42.523001479   -3.414216855  -13.509038702
    0.095199777   -1.047197551   40.230293071  -21.135463349  -10.163151785
    0.285599332   -1.047197551   34.521090937  -38.303138047   -7.520360056
    0.475998887   -1.047197551   26.109643853  -48.395778456   -5.608142864
    0.666398442   -1.047197551   16.934145233  -45.579704875   -4.277182488
    0.856797996   -1.047197551    9.735514262  -27.726555852   -3.301708315
    1.047197551   -1.047197551    7.137487461    1.701106883   -2.470871524
    1.237597106   -1.047197551   10.608286741   34.387409571   -1.642176685
    1.427996661   -1.047197551   19.825027845   60.539856944   -0.754922433
    1.618396215   -1.047197551   32.780705402   72.765844412    0.191851827
    1.808795770   -1.047197551   46.497300296   68.605776660    1.170934209
    1.999195325   -1.047197551   58.015323850   50.374361738    2.143682266
    2.189594880   -1.047197551   65.151695145   23.686961447    3.046813182
    2.379994435   -1.047197551   66.931093004   -4.786681669    3.785212900
    2.570393989   -1.047197551   63.616036250  -28.916165383    4.227348505
    2.760793544   -1.047197551   56.494366075  -44.212961099    4.247786675
    2.951193099   -1.047197551   47.497162987  -48.480712877    3.777515988

   -3.141592654   -0.698131701   38.232712791  -46.063771931    2.933724329
   -2.951193099   -0.698131701   30.670698567  -32.595325667    0.653025862
   -2.760793544   -0.698131701   26.027470283  -16.284506097   -1.731706133
   -2.570393989   -0.698131701   24.318215036   -2.580069962   -4.061634530
   -2.379994435   -0.698131701   24.641614794    4.675363673   -6.387433999
   -2.189594880   -0.698131701   25.640586211    4.690799066   -8.964845158
   -1.999195325   -0.698131701   26.107212443   -0.331302854  -12.066158800
   -1.808795770   -0.698131701   25.445997780   -6.450989060  -15.711425897
   -1.618396215   -0.698131701   23.828589861   -9.836521616  -19.501455290
   -1.427996661   -0.698131701   22.024880401   -8.226384241  -22.675163186
   -1.237597106   -0.698131701   21.023374024   -1.568842155  -24.405730192
   -1.047197551   -0.698131701   21.637886956    8.273180075  -24.158655215
   -0.856797996   -0.698131701   24.190042049   18.189578471  -21.923719941
   -0.666398442   -0.698131701   28.365415145   24.731861167  -18.210965840
   -0.475998887   -0.698131701   33.228094809   24.993694361  -13.830066860
   -0.285599332   -0.698131701   37.398694293   17.367997692   -9.598521895
   -0.095199777   -0.698131701   39.372498595    2.183752859   -6.074040918
    0.095199777   -0.698131701   37.945375138  -17.643048884   -3.427320876
    0.285599332   -0.698131701   32.721063786  -36.603860202   -1.465910825
    0.475998887   -0.698131701   24.521261187  -47.728341663    0.190694105
    0.666398442   -0.698131701   15.444731936  -45.085984430    1.875440852
    0.856797996   -0.698131701    8.377598967  -26.784926720    3.691624279
    1.047197551   -0.698131701    6.023069660    3.301884665    5.486392338
    1.237597106   -0.698131701    9.851944259   36.487412103    6.981884472
    1.427996661   -0.698131701   19.490269140   62.798840753    7.958072519
    1.618396215   -0.698131701   32.866384357   74.874800515    8.375200621
    1.808795770   -0.698131701   46.954749902   70.378778498    8.374589680
    1.999195325   -0.698131701   58.770212870   51.709261840    8.168133252
    2.189594880   -0.698131701   66.110218187   24.467184104    7.908863628
    2.379994435   -0.698131701   67.970265715   -4.758785618    7.606334544
    2.570393989   -0.698131701   64.570128317  -29.870566326    7.122336453
    2.760793544   -0.698131701   57.160555122  -46.290965151    6.256712097
    2.951193099   -0.698131701   47.665767509  -51.585700390    4.858290670

   -3.141592654   -0.349065850   38.733556848  -51.107767607    2.689887708
   -2.951193099   -0.349065850   30.169436258  -37.961638824   -0.327024056
   -2.760793544   -0.349065850   24.518527500  -21.424625647   -3.373230676
   -2.570393989   -0.349065850   21.874060078   -7.258053139   -6.254280775
   -2.379994435   -0.349065850   21.335368149    0.230491403   -8.968518060
   -2.189594880   -0.349065850   21.471686656   -0.003279202  -11.689826191
   -1.999195325   -0.349065850   20.995790569   -5.532433237  -14.577588935
   -1.808795770   -0.349065850   19.321997639  -11.748889236  -17.523426884
   -1.618396215   -0.349065850   16.773054093  -14.080723865  -20.031692160
   -1.427996661   -0.349065850   14.377785797   -9.958856348  -21.351876518
   -1.237597106   -0.349065850   13.375175234    0.259232782  -20.833699776
   -1.047197551   -0.349065850   14.690406645   13.720932972  -18.294497043
   -0.856797996   -0.349065850   18.548213808   26.197702369  -14.163208205
   -0.666398442   -0.349065850   24.353946667   33.523182914   -9.336481253
   -0.475998887   -0.349065850   30.816637194   32.727136611   -4.806136028
   -0.285599332   -0.349065850   36.253228682   22.792753693   -1.288235666
   -0.095199777   -0.349065850   39.009939617    5.019145396    1.021864188
    0.095199777   -0.349065850   37.925677585  -16.694382021    2.466468184
    0.285599332   -0.349065850   32.805052278  -36.226099151    3.721734721
    0.475998887   -0.349065850   24.730385627  -46.614191837    5.445878661
    0.666398442   -0.349065850   15.999288276  -42.541082860    7.930418854
    0.856797996   -0.349065850    9.546263691  -23.000440779   10.937181855
    1.047197551   -0.349065850    7.964444822    7.440499468   13.825722814
    1.237597106   -0.349065850   12.530973881   39.932318684   15.897762846
    1.427996661   -0.349065850   22.700888263   64.869704978   16.741343967
    1.618396215   -0.349065850   36.330202265   75.502676706   16.385600948
    1.808795770   -0.349065850   50.429967733   69.961099013   15.212391780
    1.999195325   -0.349065850   62.108024653   50.764725180   13.701398911
    2.189594880   -0.349065850   69.244382518   23.298240024   12.201238105
    2.379994435   -0.349065850   70.858436823   -6.212132345   10.801784514
    2.570393989   -0.349065850   67.129005770  -31.941695290    9.357134369
    2.760793544   -0.349065850   59.236056114  -49.350974131    7.620564997
    2.951193099   -0.349065850   49.051573669  -55.760988453    5.400750758

   -3.141592654    0.000000000   39.864235574  -56.317211589    1.759709551
   -2.951193099    0.000000000   30.264433259  -43.543748468   -1.190448647
   -2.760793544    0.000000000   23.546187188  -26.993176342   -4.036170776
   -2.570393989    0.000000000   19.860162773  -12.613193767   -6.645569572
   -2.379994435    0.000000000   18.318118463   -4.971848227   -9.037459187
   -2.189594880    0.000000000   17.467914903   -5.163795876  -11.332510425
   -1.999195325    0.000000000   16.026137944  -10.432592193  -13.576981233
   -1.808795770    0.000000000   13.502883884  -15.586577370  -15.547112088
   -1.618396215    0.000000000   10.421327567  -15.614270897  -16.713392614
   -1.427996661    0.000000000    8.045575960   -8.079246250  -16.444424853
   -1.237597106    0.000000000    7.757373799    5.835289403  -14.367378580
   -1.047197551    0.000000000   10.423428322   22.089929184  -10.663710700
   -0.856797996    0.000000000   15.997489590   35.493337714   -6.072198904
   -0.666398442    0.000000000   23.492369895   41.641524679   -1.610405254
   -0.475998887    0.000000000   31.259467867   38.132884854    1.868335049
   -0.285599332    0.000000000   37.425632832   25.084989048    4.009789360
   -0.095199777    0.000000000   40.380229483    5.030226829    5.074055182
    0.095199777    0.000000000   39.212190356  -17.267282230    5.795679958
    0.285599332    0.000000000   34.076953898  -35.532693853    7.045513948
    0.475998887    0.000000000   26.358471413  -43.466113931    9.423089310
    0.666398442    0.000000000   18.470021900  -36.970120538   12.941125104
    0.856797996    0.000000000   13.219589659  -16.237669433   16.974230703
    1.047197551    0.000000000   12.894820295   13.563957618   20.531026359
    1.237597106    0.000000000   18.437090952   43.859669239   22.711132065
    1.427996661    0.000000000   29.085683520   65.954213946   23.089739276
    1.618396215    0.000000000   42.672300444   74.109697642   21.831013065
    1.808795770    0.000000000   56.345611048   67.061337814   19.514812840
    1.999195325    0.000000000   67.410604252   47.377611767   16.800779872
    2.189594880    0.000000000   73.908666045   20.042647839   14.165948023
    2.379994435    0.000000000   74.925713172   -9.255754902   11.773501773
    2.570393989    0.000000000   70.613173355  -35.095951220    9.519838027
    2.760793544    0.000000000   62.074504220  -53.052238676    7.186863145
    2.951193099    0.000000000   51.111289489  -60.256243192    4.603614755

   -3.141592654    0.349065850   41.708043836  -60.711021664    1.500178909
   -2.951193099    0.349065850   31.240003916  -48.201218752   -0.489096833
   -2.760793544    0.349065850   23.633124222  -31.615731069   -2.270322073
   -2.570393989    0.349065850   19.086167767  -17.007409749   -3.848830872
   -2.379994435    0.349065850   16.731813683   -9.103784088   -5.309243498
   -2.189594880    0.349065850   15.120405336   -9.004150625   -6.746879068
   -1.999195325    0.349065850   12.995292499  -13.683790044   -8.142179847
   -1.808795770    0.349065850    9.961884864  -17.544360879   -9.252231442
   -1.618396215    0.349065850    6.702825633  -15.372899111   -9.644381720
   -1.427996661    0.349065850    4.634254783   -5.047402424   -8.902966547
   -1.237597106    0.349065850    5.177983045   11.416751236   -6.905477210
   -1.047197551    0.349065850    9.060258294   29.021555915   -3.986936521
   -0.856797996    0.349065850   15.945888151   42.036830128   -0.830422163
   -0.666398442    0.349065850   24.524236725   46.280313008    1.841237871
   -0.475998887    0.349065850   32.933433245   40.224026467    3.626382755
   -0.285599332    0.349065850   39.286246911   25.123207380    4.625160210
   -0.095199777    0.349065850   42.161632816    4.447586290    5.385795711
    0.095199777    0.349065850   40.967138343  -16.670666777    6.667074581
    0.285599332    0.349065850   36.177935071  -32.326368138    9.101808903
    0.475998887    0.349065850   29.360903546  -37.250967561   12.883934114
    0.666398442    0.349065850   22.880391063  -28.667663598   17.599153250
    0.856797996    0.349065850   19.261906828   -7.780370134   22.306372702
    1.047197551    0.349065850   20.388752267   20.025491234   25.890414401
    1.237597106    0.349065850   26.846254547   46.864602813   27.513546204
    1.427996661    0.349065850   37.707184709   65.246941966   26.936062023
    1.618396215    0.349065850   50.866189970   70.547861740   24.540442269
    1.808795770    0.349065850   63.699707274   62.048577798   21.085138149
    1.999195325    0.349065850   73.779515675   42.228892385   17.343656394
    2.189594880    0.349065850   79.350219640   15.523843123   13.856787676
    2.379994435    0.349065850   79.581030053  -13.025559911   10.833389604
    2.570393989    0.349065850   74.596357805  -38.468326447    8.223829126
    2.760793544    0.349065850   65.413805146  -56.526680056    5.869969719
    2.951193099    0.349065850   53.750090997  -64.173688362    3.639711969

   -3.141592654    0.698131701   43.117464569  -62.827386917    0.658170782
   -2.951193099    0.698131701   32.260899179  -50.161776388    0.273508297
   -2.760793544    0.698131701   24.287444458  -33.509042902    0.133798878
   -2.570393989    0.698131701   19.378891932  -18.915727249    0.031407650
   -2.379994435    0.698131701   16.656266824  -11.049570558   -0.204931796
   -2.189594880    0.698131701   14.677487162  -10.878074456   -0.642496611
   -1.999195325    0.698131701   12.225305945  -15.175120685   -1.216191331
   -1.808795770    0.698131701    8.980934343  -18.183937017   -1.736354112
   -1.618396215    0.698131701    5.715995504  -14.743614153   -1.963214983
   -1.427996661    0.698131701    3.897132746   -3.083980226   -1.732401359
   -1.237597106    0.698131701    4.908442395   14.236527049   -1.059552887
   -1.047197551    0.698131701    9.338921744   31.793771433   -0.155855576
   -0.856797996    0.698131701   16.674827887   43.867021505    0.713001340
   -0.666398442    0.698131701   25.477264932   46.802652248    1.410608932
   -0.475998887    0.698131701   33.889080239   39.871108108    2.075762575
   -0.285599332    0.698131701   40.176651087   25.014611845    3.099790637
   -0.095199777    0.698131701   43.166947450    5.990454640    4.964714610
    0.095199777    0.698131701   42.518310239  -12.341980120    8.038094422
    0.285599332    0.698131701   38.853951666  -24.867934866   12.376584654
    0.475998887    0.698131701   33.703948960  -27.422299425   17.605904754
    0.666398442    0.698131701   29.184838165  -18.270232955   22.930757162
    0.856797996    0.698131701   27.418307312    0.886215807   27.316500972
    1.047197551    0.698131701   29.866788389   24.989078531   29.828261960
    1.237597106    0.698131701   36.835173238   47.236273675   29.970768345
    1.427996661    0.698131701   47.355653832   61.478982680   27.854050074
    1.618396215    0.698131701   59.512035312   64.079697465   24.100706256
    1.808795770    0.698131701   70.995457494   54.609028137   19.557614296
    1.999195325    0.698131701   79.682219761   35.217810371   14.983869877
    2.189594880    0.698131701   84.023129234    9.681261475   10.884508108
    2.379994435    0.698131701   83.266806260  -17.572718318    7.483031603
    2.570393989    0.698131701   77.521127168  -41.971005362    4.813696672
    2.760793544    0.698131701   67.743301199  -59.333623230    2.831575959
    2.951193099    0.698131701   55.588699910  -66.558209863    1.473075432

   -3.141592654    1.047197551   42.133238764  -62.876225318   -4.348043645
   -2.951193099    1.047197551   31.363712632  -49.267405951   -3.366286784
   -2.760793544    1.047197551   23.606362993  -32.220736033   -2.046364027
   -2.570393989    1.047197551   18.936393397  -17.768977826   -0.766905503
   -2.379994435    1.047197551   16.390444003  -10.361690115    0.219919984
   -2.189594880    1.047197551   14.493166449  -10.689406750    0.844765162
   -1.999195325    1.047197551   12.042301040  -15.310189233    1.163659797
   -1.808795770    1.047197551    8.760402356  -18.409050081    1.265035852
   -1.618396215    1.047197551    5.455322850  -14.937530526    1.196075705
   -1.427996661    1.047197551    3.598148805   -3.323177691    0.946831553
   -1.237597106    1.047197551    4.543481999   13.733760940    0.504073432
   -1.047197551    1.047197551    8.839779940   30.878108276   -0.075786567
   -0.856797996    1.047197551   15.973076562   42.710868436   -0.583432790
   -0.666398442    1.047197551   24.579804358   46.041455521   -0.653909610
   -0.475998887    1.047197551   32.959446067   40.472009420    0.165738405
   -0.285599332    1.047197551   39.568865250   27.930077915    2.263812625
   -0.095199777    1.047197551   43.383660802   11.775034471    5.795537739
    0.095199777    1.047197551   44.104462669   -3.830916945   10.589172004
    0.285599332    1.047197551   42.251066118  -14.575045902   16.125927093
    0.475998887    1.047197551   39.105766781  -16.969025394   21.609603805
    0.666398442    1.047197551   36.439136947   -9.590848426   26.115162220
    0.856797996    1.047197551   36.017948252    6.109530431   28.806759778
    1.047197551    1.047197551   39.052794564   25.870350576   29.182984803
    1.237597106    1.047197551   45.782476084   43.967193227   27.240483262
    1.427996661    1.047197551   55.367968039   55.161799198   23.455865955
    1.618396215    1.047197551   66.148964391   56.197958157   18.591281386
    1.808795770    1.047197551   76.091171031   46.479723160   13.413155772
    1.999195325    1.047197551   83.278759055   27.697183758    8.487907049
    2.189594880    1.047197551   86.279714607    3.161022619    4.146672446
    2.379994435    1.047197551   84.389083345  -22.952014807    0.558414686
    2.570393989    1.047197551   77.734030404  -46.121724180   -2.161230873
    2.760793544    1.047197551   67.292011542  -62.135595415   -3.903496619
    2.951193099    1.047197551   54.738961620  -67.933441069   -4.607452384

   -3.141592654    1.396263402   37.182934252  -61.748962095   -9.321843276
   -2.951193099    1.396263402   26.815930075  -46.266380028   -7.628890889
   -2.760793544    1.396263402   19.747561696  -28.122223069   -5.622851974
   -2.570393989    1.396263402   15.894206306  -13.419855459   -3.748935295
   -2.379994435    1.396263402   14.146108337   -6.412268251   -2.234310262
   -2.189594880    1.396263402   12.929696939   -7.533037378   -1.054935548
   -1.999195325    1.396263402   10.985845405  -13.173979540   -0.082559945
   -1.808795770    1.396263402    7.999196064  -17.477540566    0.737022587
   -1.618396215    1.396263402    4.744190796  -15.368869952    1.312174417
   -1.427996661    1.396263402    2.673864179   -5.114079214    1.484577355
   -1.237597106    1.396263402    3.175113624   10.943829967    1.208746238
   -1.047197551    1.396263402    6.908215918   27.920288780    0.672464320
   -0.856797996    1.396263402   13.557554283   40.794313448    0.311198614
   -0.666398442    1.396263402   22.002494264   46.452187450    0.671816243
   -0.475998887    1.396263402   30.760251096   44.136702249    2.224830078
   -0.285599332    1.396263402   38.399332660   35.036674080    5.183399814
   -0.095199777    1.396263402   43.846271784   21.622202886    9.389105417
    0.095199777    1.396263402   46.589611457    7.270121465   14.322132977
    0.285599332    1.396263402   46.817059547   -4.151371363   19.193440046
    0.475998887    1.396263402   45.438046009   -9.127481220   23.121472608
    0.666398442    1.396263402   43.902178729   -5.719266036   25.342349272
    0.856797996    1.396263402   43.792578375    5.516627916   25.417325755
    1.047197551    1.396263402   46.321711085   21.315882386   23.354112230
    1.237597106    1.396263402   51.903638206   36.707751860   19.595150345
    1.427996661    1.396263402   59.969493548   46.693366258   14.843923164
    1.618396215    1.396263402   69.121239972   47.696615722    9.817385347
    1.808795770    1.396263402   77.493455074   38.527716491    5.027592935
    1.999195325    1.396263402   83.228629673   20.377033330    0.717138653
    2.189594880    1.396263402   84.888576817   -3.609815571   -3.041115670
    2.379994435    1.396263402   81.765894002  -29.073978132   -6.190922365
    2.570393989    1.396263402   74.037386208  -51.173259717   -8.578583999
    2.760793544    1.396263402   62.783368595  -65.498430877   -9.975417981
    2.951193099    1.396263402   49.792366835  -69.103704226  -10.207643401

   -3.141592654    1.745329252   31.169996668  -59.207531895  -16.090986768
   -2.951193099    1.745329252   21.438992313  -42.286322445  -14.692425189
   -2.760793544    1.745329252   15.184680154  -23.712243724  -12.663238560
   -2.570393989    1.745329252   12.144031076   -9.396972290  -10.329843258
   -2.379994435    1.745329252   11.094436248   -3.117545241   -7.885640278
   -2.189594880    1.745329252   10.436825806   -4.940008966   -5.358354314
   -1.999195325    1.745329252    8.927175064  -11.209844517   -2.742981316
   -1.808795770    1.745329252    6.247313530  -16.261728022   -0.158532644
   -1.618396215    1.745329252    3.133560300  -15.147573709    2.117446378
   -1.427996661    1.745329252    1.004305405   -5.934772845    3.778031515
   -1.237597106    1.745329252    1.282685417    9.533561987    4.710703425
   -1.047197551    1.745329252    4.767659075   26.910681196    5.121576538
   -0.856797996    1.745329252   11.361168521   41.407808666    5.495327103
   -0.666398442    1.745329252   20.160236367   49.677153967    6.381342970
   -0.475998887    1.745329252   29.813964954   50.316504656    8.155328554
   -0.285599332    1.745329252   38.877464805   43.661176842   10.850180116
   -0.095199777    1.745329252   46.102107966   31.399429527   14.106995539
    0.095199777    1.745329252   50.676468625   16.405621141   17.264725362
    0.285599332    1.745329252   52.433720210    2.498559594   19.527682385
    0.475998887    1.745329252   51.968614470   -6.346396453   20.206921725
    0.666398442    1.745329252   50.544995870   -7.313281067   18.944047725
    0.856797996    1.745329252   49.747828061    0.057522736   15.856616154
    1.047197551    1.745329252   50.970172863   13.312258585   11.495585883
    1.237597106    1.745329252   54.915820353   27.778427514    6.649178267
    1.427996661    1.745329252   61.304521906   38.174282895    2.047866354
    1.618396215    1.745329252   68.931476820   40.240168520   -1.868931385
    1.808795770    1.745329252   75.986998168   32.100190246   -5.043479030
    1.999195325    1.745329252   80.565812497   14.590554778   -7.696983370
    2.189594880    1.745329252   81.158905914   -9.041665967  -10.106649627
    2.379994435    1.745329252   77.042384953  -34.004894780  -12.400914593
    2.570393989    1.745329252   68.466814336  -55.005108471  -14.453267456
    2.760793544    1.745329252   56.647440149  -67.472484294  -15.947024367
    2.951193099    1.745329252   43.497811251  -68.753328546  -16.544465093

   -3.141592654    2.094395102   24.331838528  -58.027844653  -18.318408997
   -2.951193099    2.094395102   14.977956647  -39.585860740  -17.137275381
   -2.760793544    2.094395102    9.342948072  -19.999575239  -15.245799348
   -2.570393989    2.094395102    7.067841849   -5.135230885  -12.861538206
   -2.379994435    2.094395102    6.863768997    1.479386881  -10.118456808
   -2.189594880    2.094395102    7.108787022   -0.069497604   -7.024872631
   -1.999195325    2.094395102    6.542378254   -6.222810927   -3.572935798
   -1.808795770    2.094395102    4.793093163  -11.564981448    0.112160485
   -1.618396215    2.094395102    2.504366808  -11.268157652    3.722176491
   -1.427996661    2.094395102    1.009819632   -3.163713264    6.871476473
   -1.237597106    2.094395102    1.725007261   11.428069099    9.308307495
   -1.047197551    2.094395102    5.544229463   28.668752385   11.049019288
   -0.856797996    2.094395102   12.531363418   43.910583401   12.356210405
   -0.666398442    2.094395102   21.926554368   53.477806827   13.560792597
   -0.475998887    2.094395102   32.426161632   55.326078038   14.858838564
   -0.285599332    2.094395102   42.501734510   49.098514867   16.188149244
   -0.095199777    2.094395102   50.704116795   35.995805445   17.218381363
    0.095199777    2.094395102   55.960821200   18.749945028   17.452726814
    0.285599332    2.094395102   57.858325023    1.492211990   16.391265805
    0.475998887    2.094395102   56.846693321  -11.065486635   13.747645285
    0.666398442    2.094395102   54.210707736  -15.138142576    9.615965695
    0.856797996    2.094395102   51.736019842   -9.444371134    4.526261572
    1.047197551    2.094395102   51.130123406    3.901240451   -0.713125970
    1.237597106    2.094395102   53.414518762   19.924212050   -5.296893302
    1.427996661    2.094395102   58.518017431   32.567949805   -8.717713855
    1.618396215    2.094395102   65.281373415   36.679591142  -10.912710988
    1.808795770    2.094395102   71.790750760   29.760682589  -12.217800495
    1.999195325    2.094395102   75.961233486   12.500750676  -13.153823575
    2.189594880    2.094395102   76.122937914  -11.539847539  -14.166337767
    2.379994435    2.094395102   71.480493923  -36.977333794  -15.442394994
    2.570393989    2.094395102   62.329925750  -57.942600987  -16.850404707
    2.760793544    2.094395102   50.016655708  -69.573111796  -18.039658369
    2.951193099    2.094395102   36.602885218  -69.338868884  -18.612175907

   -3.141592654    2.443460953   18.086893841  -57.813743694  -12.466374577
   -2.951193099    2.443460953    8.889003797  -38.184312856  -11.140918487
   -2.760793544    2.443460953    3.627321844  -17.506511511   -9.311535759
   -2.570393989    2.443460953    1.923914403   -1.638041809   -7.070661663
   -2.379994435    2.443460953    2.484663673    6.023265964   -4.446344599
   -2.189594880    2.443460953    3.702094145    5.602896266   -1.374859801
   -1.999195325    2.443460953    4.318662357    0.485402220    2.209900395
   -1.808795770    2.443460953    3.914250681   -4.250461361    6.237285445
   -1.618396215    2.443460953    3.022181204   -4.045167113   10.424853010
   -1.427996661    2.443460953    2.839634579    3.299680978   14.339098378
   -1.237597106    2.443460953    4.683484431   16.795904910   17.572240195
   -1.047197551    2.443460953    9.424958364   33.024239893   19.891710252
   -0.856797996    2.443460953   17.168265037   47.542246620   21.269856173
   -0.666398442    2.443460953   27.200734119   56.535836011   21.785439055
   -0.475998887    2.443460953   38.214406816   57.592226670   21.485577087
   -0.285599332    2.443460953   48.600921902   49.968812796   20.310139391
   -0.095199777    2.443460953   56.772608836   34.668280372   18.102359285
    0.095199777    2.443460953   61.509762782   14.526966707   14.695201647
    0.285599332    2.443460953   62.304505479   -5.854636834   10.040470031
    0.475998887    2.443460953   59.631235171  -21.019657819    4.354935959
    0.666398442    2.443460953   54.949480975  -26.387435497   -1.811592090
    0.856797996    2.443460953   50.349348214  -20.200973682   -7.641133434
    1.047197551    2.443460953   47.879921178   -4.673467593  -12.299348426
    1.237597106    2.443460953   48.824977596   14.516675121  -15.236805761
    1.427996661    2.443460953   53.206256129   30.310724434  -16.386220738
    1.618396215    2.443460953   59.773543930   36.685044136  -16.147309890
    1.808795770    2.443460953   66.395904565   30.726840681  -15.183887003
    1.999195325    2.443460953   70.743119849   13.237587096  -14.146645952
    2.189594880    2.443460953   70.961923639  -11.732215538  -13.460999722
    2.379994435    2.443460953   66.182689260  -38.174221101  -13.244720652
    2.570393989    2.443460953   56.739929145  -59.706167120  -13.339450430
    2.760793544    2.443460953   44.090010427  -71.218792678  -13.436739021
    2.951193099    2.443460953   30.425646184  -70.239832790  -13.214863369

   -3.141592654    2.792526803   15.015486888  -56.818076357    1.570041053
   -2.951193099    2.792526803    6.064678514  -36.577562831    3.441806461
   -2.760793544    2.792526803    1.178064729  -15.163666532    5.065400693
   -2.570393989    2.792526803    0.000000000    1.549222927    6.493495097
   -2.379994435    2.792526803    1.259945907   10.199142289    7.967536400
   -2.189594880    2.792526803    3.379196876   10.913430279    9.852379492
   -1.999195325    2.792526803    5.118701786    6.951901679   12.468897876
   -1.808795770    2.792526803    6.038060373    3.115620433   15.890491276
   -1.618396215    2.792526803    6.591326683    3.649312500   19.830192932
   -1.427996661    2.792526803    7.845980596   10.572224963   23.699839360
   -1.237597106    2.792526803   10.976461535   22.934323657   26.826232571
   -1.047197551    2.792526803   16.735421241   37.503189493   28.686348177
   -0.856797996    2.792526803   25.144810678   50.013921719   29.022659217
   -0.666398442    2.792526803   35.434465143   56.719494348   27.819065302
   -0.475998887    2.792526803   46.244145820   55.218383105   25.176934894
   -0.285599332    2.792526803   55.916556875   44.814373931   21.230827390
   -0.095199777    2.792526803   62.835318593   26.678196482   16.126676922
    0.095199777    2.792526803   65.799975379    3.979774445   10.068439683
    0.285599332    2.792526803   64.400341383  -18.184063564    3.396441879
    0.475998887    2.792526803   59.310469701  -33.815963294   -3.347085285
    0.666398442    2.792526803   52.279672784  -37.961031998   -9.438189842
    0.856797996    2.792526803   45.722650757  -28.937106357  -14.120984623
    1.047197551    2.792526803   41.946677523   -9.561810706  -16.858216506
    1.237597106    2.792526803   42.337555267   13.515151227  -17.548863104
    1.427996661    2.792526803   46.831982080   32.306197865  -16.556314890
    1.618396215    2.792526803   53.954474365   40.287711950  -14.539685773
    1.808795770    2.792526803   61.305161517   34.589044334  -12.171213731
    1.999195325    2.792526803   66.334302117   16.442475701   -9.906733101
    2.189594880    2.792526803   67.066851103   -9.551047362   -7.908148688
    2.379994435    2.792526803   62.608623506  -36.936820599   -6.105503819
    2.570393989    2.792526803   53.337107265  -59.078578619   -4.329207233
    2.760793544    2.792526803   40.780584630  -70.797018867   -2.448962061
    2.951193099    2.792526803   27.206677331  -69.667862378   -0.447350879
