#! FIELDS phi psi file.free der_phi der_psi
#! SET min_phi -pi
#! SET max_phi pi
#! SET nbins_phi  33
#! SET periodic_phi true
#! SET min_psi -pi
#! SET max_psi pi
#! SET nbins_psi  18
#! SET periodic_psi true
   -3.141592654   -3.141592654   18.810176432  -54.189199365   16.872218980
   -2.951193099   -3.141592654   10.229393407  -35.260397643   19.276057305
   -2.760793544   -3.141592654    5.509238711  -14.608584697   20.827291439
   -2.570393989   -3.141592654    4.429235154    2.195016121   21.671695909
   -2.379994435   -3.141592654    5.891411705   11.827086193   22.218915332
   -2.189594880   -3.141592654    8.471340512   14.216141593   23.003194029
   -1.999195325   -3.141592654   11.020827932   12.149372283   24.455844917
   -1.808795770   -3.141592654   13.080964327    9.777112109   26.675766710
   -1.618396215   -3.141592654   14.960660393   10.714569331   29.326362351
   -1.427996661   -3.141592654   17.483237051   16.586435393   31.730333862
   -1.237597106   -3.141592654   21.540982252   26.466458827   33.126362024
   -1.047197551   -3.141592654   27.646904180   37.495341347   32.952186605
   -0.856797996   -3.141592654   35.672702755   45.980704204   30.996813218
   -0.666398442   -3.141592654   44.812662906   48.752593810   27.402306636
   -0.475998887   -3.141592654   53.776201273   43.956098906   22.523349692
   -0.285599332   -3.141592654   61.075681276   31.388316422   16.789144996
   -0.095199777   -3.141592654   65.348847520   12.604134011   10.602362962
    0.095199777   -3.141592654   65.703797633   -9.063285374    4.309750285
    0.285599332   -3.141592654   62.043587886  -28.644593668   -1.755350258
    0.475998887   -3.141592654   55.301323503  -40.560471313   -7.206016222
    0.666398442   -3.141592654   47.381964288  -40.515963922  -11.573265871
    0.856797996   -3.141592654   40.714157468  -27.647014749  -14.399229974
    1.047197551   -3.141592654   37.463315051   -5.556520234  -15.410371801
    1.237597106   -3.141592654   38.746743449   18.629944169  -14.675786563
    1.427996661   -3.141592654   44.195435724   37.026219484  -12.594886104
    1.618396215   -3.141592654   52.106927321   43.826230827   -9.733901344
    1.808795770   -3.141592654   60.024395267   37.130418348   -6.583870247
    1.999195325   -3.141592654   65.507960075   18.857643142   -3.403547249
    2.189594880   -3.141592654   66.762929906   -6.353984190   -0.216749844
    2.379994435   -3.141592654   63.021114216  -32.609471239    3.080407900
    2.570393989   -3.141592654   54.655581346  -54.007292179    6.570280165
    2.760793544   -3.141592654   43.069635661  -65.826173409   10.198153212
    2.951193099   -3.141592654   30.363860783  -65.641903697   13.742534047

   -3.141592654   -2.792526803   26.491441648  -49.494639285   24.742646810
   -2.951193099   -2.792526803   18.621342678  -32.518177846   27.017082153
   -2.760793544   -2.792526803   14.248431880  -13.629536006   28.130250632
   -2.570393989   -2.792526803   13.240927855    2.131804799   28.354395565
   -2.379994435   -2.792526803   14.673885690   11.762801029   28.214497441
   -2.189594880   -2.792526803   17.323216799   15.148869293   28.302247784
   -1.999195325   -2.792526803   20.193712109   14.623580731   29.041138602
   -1.808795770   -2.792526803   22.861926860   13.590844439   30.477706207
   -1.618396215   -2.792526803   25.523296833   14.901430659   32.207805163
   -1.427996661   -2.792526803   28.765921780   19.716972310   33.495149355
   -1.237597106   -2.792526803   33.204457730   27.144157552   33.548490756
   -1.047197551   -2.792526803   39.127473252   34.810273239   31.830511162
   -0.856797996   -2.792526803   46.298735566   39.731869427   28.229006152
   -0.666398442   -2.792526803   53.939604682   39.384326164   23.054209396
   -0.475998887   -2.792526803   60.890168972   32.359932905   16.862018949
   -0.285599332   -2.792526803   65.854450111   18.651131420   10.263779246
   -0.095199777   -2.792526803   67.679661981   -0.190730098    3.782724455
    0.095199777   -2.792526803   65.671287501  -20.934552518   -2.195206858
    0.285599332   -2.792526803   59.908099136  -38.726056340   -7.382503836
    0.475998887   -2.792526803   51.477964315  -48.080750979  -11.521361760
    0.666398442   -2.792526803   42.419385579  -44.871915906  -14.340557589
    0.856797996   -2.792526803   35.246565151  -28.574432450  -15.614118254
    1.047197551   -2.792526803   32.128248332   -3.317471039  -15.271114890
    1.237597106   -2.792526803   34.079003519   23.251951155  -13.495108607
    1.427996661   -2.792526803   40.550711630   42.985208344  -10.682711803
    1.618396215   -2.792526803   49.649541949   50.228872583   -7.296783872
    1.808795770   -2.792526803   58.787933337   43.526691687   -3.673922912
    1.999195325   -2.792526803   65.486863890   25.259433155    0.071890990
    2.189594880   -2.792526803   67.981385012    0.307029040    3.999014854
    2.379994435   -2.792526803   65.549335649  -25.507677477    8.204381789
    2.570393989   -2.792526803   58.571373793  -46.593889646   12.671091693
    2.760793544   -2.792526803   48.390405410  -58.598487363   17.184671478
    2.951193099   -2.792526803   36.986538902  -59.334516970   21.355904791

   -3.141592654   -2.443460953   34.923488229  -44.942650343   22.677476586
   -2.951193099   -2.443460953   27.726402981  -30.010559831   24.441103240
   -2.760793544   -2.443460953   23.654001399  -12.896489063   25.235450587
   -2.570393989   -2.443460953   22.672685567    1.822955079   25.326299067
   -2.379994435   -2.443460953   24.022936428   11.360317169   25.119231249
   -2.189594880   -2.443460953   26.654687682   15.472909762   25.010847001
   -1.999195325   -2.443460953   29.687747716   16.008940187   25.232491054
   -1.808795770   -2.443460953   32.696493674   15.659967607   25.724650477
   -1.618396215   -2.443460953   35.736865976   16.598401499   26.110848394
   -1.427996661   -2.443460953   39.156452239   19.652177938   25.809931852
   -1.237597106   -2.443460953   43.315631767   24.136040850   24.262599848
   -1.047197551   -2.443460953   48.338792432   28.365836705   21.179399608
   -0.856797996   -2.443460953   53.978786564   30.241892061   16.661461998
   -0.666398442   -2.443460953   59.604043594   27.931206013   11.165382456
   -0.475998887   -2.443460953   64.295874037   20.326473977    5.312599271
   -0.285599332   -2.443460953   67.015433563    7.299320630   -0.305822941
   -0.095199777   -2.443460953   66.816640375   -9.982587925   -5.263955015
    0.095199777   -2.443460953   63.131136990  -28.708311768   -9.340872499
    0.285599332   -2.443460953   56.093692880  -44.322662763  -12.466124672
    0.475998887   -2.443460953   46.807800222  -51.458015414  -14.630863213
    0.666398442   -2.443460953   37.318012723  -46.012460442  -15.806166511
    0.856797996   -2.443460953   30.137460316  -27.517920047  -15.938213486
    1.047197551   -2.443460953   27.412935218   -0.283813356  -14.999018305
    1.237597106   -2.443460953   30.093889340   27.809403955  -13.070221476
    1.427996661   -2.443460953   37.531550743   48.481631776  -10.356578923
    1.618396215   -2.443460953   47.726042694   56.178674755   -7.127796770
    1.808795770   -2.443460953   58.021426266   49.722624611   -3.606394233
    1.999195325   -2.443460953   65.928003351   31.771309646    0.106180421
    2.189594880   -2.443460953   69.708024838    7.318690364    4.002334617
    2.379994435   -2.443460953   68.665077796  -17.951893400    8.087566981
    2.570393989   -2.443460953   63.159139062  -38.772068168   12.273365533
    2.760793544   -2.443460953   54.446879615  -51.124848477   16.326477965
    2.951193099   -2.443460953   44.371569307  -52.990968556   19.906072543

   -3.141592654   -2.094395102   41.289921415  -41.388583422   14.109015689
   -2.951193099   -2.094395102   34.638450468  -27.830793146   15.019041296
   -2.760793544   -2.094395102   30.865063753  -11.886735798   15.429486727
   -2.570393989   -2.094395102   29.994446708    2.046487808   15.533528555
   -2.379994435   -2.094395102   31.345351662   11.203478261   15.497244217
   -2.189594880   -2.094395102   33.934018247   15.201529472   15.389041576
   -1.999195325   -2.094395102   36.905291763   15.599194530   15.154018545
   -1.808795770   -2.094395102   39.794598112   14.723108782   14.620555170
   -1.618396215   -2.094395102   42.553049432   14.449116355   13.541268736
   -1.427996661   -2.094395102   45.388241625   15.559299202   11.672156903
   -1.237597106   -2.094395102   48.545129283   17.685440964    8.875915550
   -1.047197551   -2.094395102   52.124432705   19.745596475    5.223768790
   -0.856797996   -2.094395102   55.977401292   20.285661298    1.009373161
   -0.666398442   -2.094395102   59.674539526   17.855431211   -3.320998007
   -0.475998887   -2.094395102   62.533526726   11.333138727   -7.318830479
   -0.285599332   -2.094395102   63.712757340    0.216658997  -10.659822164
   -0.095199777   -2.094395102   62.373601884  -14.870346047  -13.203972747
    0.095199777   -2.094395102   57.953697510  -31.591396922  -14.989157873
    0.285599332   -2.094395102   50.522812348  -45.649369581  -16.154224362
    0.475998887   -2.094395102   41.096321378  -51.656825187  -16.845818039
    0.666398442   -2.094395102   31.656121555  -45.300302354  -17.126922452
    0.856797996   -2.094395102   24.697695453  -25.868894797  -16.940566666
    1.047197551   -2.094395102   22.386114283    2.428722889  -16.142413557
    1.237597106   -2.094395102   25.689120271   31.628697352  -14.604925722
    1.427996661   -2.094395102   33.950018652   53.270360419  -12.309486022
    1.618396215   -2.094395102   45.129056091   61.675771197   -9.380946805
    1.808795770   -2.094395102   56.518528170   55.678003057   -6.037868668
    1.999195325   -2.094395102   65.589948735   38.022565379   -2.501720774
    2.189594880   -2.094395102   70.582507107   13.782192959    1.042800829
    2.379994435   -2.094395102   70.782919336  -11.392487064    4.459563122
    2.570393989   -2.094395102   66.517128117  -32.367589468    7.618194084
    2.760793544   -2.094395102   58.979638524  -45.269949236   10.369805838
    2.951193099   -2.094395102   49.931840183  -48.125095901   12.563774656

   -3.141592654   -1.745329252   43.950038054  -39.983735332    5.895532093
   -2.951193099   -1.745329252   37.515581058  -26.933467783    6.133062188
   -2.760793544   -1.745329252   33.878523503  -11.334543221    6.137841584
   -2.570393989   -1.745329252   33.087222419    2.323612864    5.974879904
   -2.379994435   -1.745329252   34.458162984   11.102427243    5.601566774
   -2.189594880   -1.745329252   36.970321652   14.438255328    4.867836136
   -1.999195325   -1.745329252   39.700992771   13.762693709    3.588339016
   -1.808795770   -1.745329252   42.104367059   11.394909212    1.637094195
   -1.618396215   -1.745329252   44.063638257    9.364225514   -0.983277353
   -1.427996661   -1.745329252   45.764893262    8.778952574   -4.119993473
   -1.237597106   -1.745329252   47.505522173    9.718072590   -7.502759620
   -1.047197551   -1.745329252   49.525353963   11.515589375  -10.789842972
   -0.856797996   -1.745329252   51.874752031   12.912200083  -13.645841411
   -0.666398442   -1.745329252   54.328516365   12.299121781  -15.808608600
   -0.475998887   -1.745329252   56.346171545    8.087292238  -17.155120354
   -0.285599332   -1.745329252   57.124067775   -0.810003476  -17.723974695
   -0.095199777   -1.745329252   55.757775087  -14.251710939  -17.689538174
    0.095199777   -1.745329252   51.549213999  -30.124906633  -17.318022675
    0.285599332   -1.745329252   44.416919494  -44.082719386  -16.882525143
    0.475998887   -1.745329252   35.258339159  -50.447022840  -16.576070509
    0.666398442   -1.745329252   26.008479200  -44.477419665  -16.428587616
    0.856797996   -1.745329252   19.197421146  -25.053134682  -16.277941020
    1.047197551   -1.745329252   17.087244190    3.828736352  -15.824333451
    1.237597106   -1.745329252   20.755183897   34.120868369  -14.772279808
    1.427996661   -1.745329252   29.613286930   57.037890833  -12.974037241
    1.618396215   -1.745329252   41.618792976   66.510772988  -10.501911004
    1.808795770   -1.745329252   53.995040574   61.112459014   -7.607876491
    1.999195325   -1.745329252   64.115790664   43.513886534   -4.604274710
    2.189594880   -1.745329252   70.124495410   18.897271177   -1.770376082
    2.379994435   -1.745329252   71.240828027   -6.926918327    0.711185035
    2.570393989   -1.745329252   67.752670407  -28.683834157    2.739976697
    2.760793544   -1.745329252   60.839071613  -42.404812821    4.272938344
    2.951193099   -1.745329252   52.261165470  -46.041183650    5.307361947

   -3.141592654   -1.396263402   42.812741457  -40.752875834    2.373021322
   -2.951193099   -1.396263402   36.248204608  -27.500081228    1.864249620
   -2.760793544   -1.396263402   32.531333653  -11.626147178    1.201397516
   -2.570393989   -1.396263402   31.693337049    2.050460364    0.462685935
   -2.379994435   -1.396263402   32.971968122   10.295144604   -0.442936755
   -2.189594880   -1.396263402   35.227183695   12.441361478   -1.774381994
   -1.999195325   -1.396263402   37.422874146   10.088663737   -3.829023501
   -1.808795770   -1.396263402   38.957715458    5.980047055   -6.755706315
   -1.618396215   -1.396263402   39.754018050    2.689499606  -10.418207391
   -1.427996661   -1.396263402   40.137429812    1.795044104  -14.380514180
   -1.237597106   -1.396263402   40.611597363    3.596017522  -18.039093067
   -1.047197551   -1.396263402   41.634111576    7.310266975  -20.807735732
   -0.856797996   -1.396263402   43.420251456   11.262720999  -22.301594382
   -0.666398442   -1.396263402   45.813611897   13.275890227  -22.420637195
   -0.475998887   -1.396263402   48.233641635   11.215991826  -21.349587362
   -0.285599332   -1.396263402   49.746952416    3.626074801  -19.480313635
   -0.095199777   -1.396263402   49.270085009   -9.517770721  -17.289435790
    0.095199777   -1.396263402   45.914298068  -26.047835248  -15.236072414
    0.285599332   -1.396263402   39.436110496  -41.377319396  -13.652601681
    0.475998887   -1.396263402   30.634632221  -49.406664822  -12.675263980
    0.666398442   -1.396263402   21.440693547  -44.845432493  -12.212505596
    0.856797996   -1.396263402   14.484351144  -26.059189504  -11.982412157
    1.047197551   -1.396263402   12.203895215    3.206689427  -11.617378753
    1.237597106   -1.396263402   15.863076983   34.749357411  -10.812199427
    1.427996661   -1.396263402   24.994855028   59.280178542   -9.438110716
    1.618396215   -1.396263402   37.566802990   70.116233229   -7.573060202
    1.808795770   -1.396263402   50.706722483   65.384978677   -5.436142109
    1.999195325   -1.396263402   61.638039250   47.612468500   -3.276215724
    2.189594880   -1.396263402   68.355520984   22.151082515   -1.304276403
    2.379994435   -1.396263402   69.980742397   -4.869235399    0.341232969
    2.570393989   -1.396263402   66.767645471  -27.830021530    1.567841323
    2.760793544   -1.396263402   59.920387570  -42.502857000    2.316703493
    2.951193099   -1.396263402   51.264144993  -46.686081457    2.566302499

   -3.141592654   -1.047197551   40.254882537  -43.662174628    3.029290909
   -2.951193099   -1.047197551   33.153004433  -30.156893729    1.830974421
   -2.760793544   -1.047197551   28.984651559  -13.689306087    0.349540570
   -2.570393989   -1.047197551   27.807588261    0.493624823   -1.297158296
   -2.379994435   -1.047197551   28.795149147    8.664710335   -3.141292871
   -2.189594880   -1.047197551   30.667896026    9.918013933   -5.385763455
   -1.999195325   -1.047197551   32.245649821    6.062968443   -8.273942464
   -1.808795770   -1.047197551   32.866402846    0.472843587  -11.876490289
   -1.618396215   -1.047197551   32.530231452   -3.508543067  -15.931921124
   -1.427996661   -1.047197551   31.770908132   -3.772102381  -19.844346617
   -1.237597106   -1.047197551   31.355536842    0.024507737  -22.875179742
   -1.047197551   -1.047197551   31.965470394    6.640560201  -24.410264819
   -0.856797996   -1.047197551   33.919631343   13.660526445  -24.185971220
   -0.666398442   -1.047197551   37.021240302   18.168702087  -22.357795744
   -0.475998887   -1.047197551   40.527937249   17.521389042  -19.414621682
   -0.285599332   -1.047197551   43.276406443   10.082465418  -16.002204767
   -0.095199777   -1.047197551   43.949673497   -4.067316668  -12.718006504
    0.095199777   -1.047197551   41.468742859  -22.406745012   -9.970236281
    0.285599332   -1.047197551   35.484084863  -39.835153633   -7.904209554
    0.475998887   -1.047197551   26.795084016  -49.674989484   -6.430311058
    0.666398442   -1.047197551   17.438540799  -46.128041752   -5.321393706
    0.856797996   -1.047197551   10.225954266  -27.302780351   -4.339127954
    1.047197551   -1.047197551    7.791915850    2.950233108   -3.330322211
    1.237597106   -1.047197551   11.542134151   35.986281719   -2.258537223
    1.427996661   -1.047197551   21.050100288   61.924127300   -1.171630783
    1.618396215   -1.047197551   34.218372313   73.605172198   -0.137925724
    1.808795770   -1.047197551   48.042996864   68.955298854    0.809395180
    1.999195325   -1.047197551   59.605366502   50.565284879    1.682008677
    2.189594880   -1.047197551   66.787766885   24.025033172    2.496714228
    2.379994435   -1.047197551   68.648585299   -4.286945046    3.231605528
    2.570393989   -1.047197551   65.421807019  -28.540231312    3.789201262
    2.760793544   -1.047197551   58.328150916  -44.338676186    4.020820054
    2.951193099   -1.047197551   49.240508593  -49.304046598    3.783200801

   -3.141592654   -0.698131701   39.945969016  -47.030082413    2.741072909
   -2.951193099   -0.698131701   32.148873016  -34.010614181    0.658951725
   -2.760793544   -0.698131701   27.234507643  -17.612044754   -1.743936174
   -2.570393989   -0.698131701   25.321053878   -3.316540302   -4.269401602
   -2.379994435   -0.698131701   25.579494000    4.751021523   -6.869677795
   -2.189594880   -0.698131701   26.660013908    5.425616710   -9.683605880
   -1.999195325   -0.698131701   27.296461411    0.646149639  -12.888283559
   -1.808795770   -0.698131701   26.808233067   -5.664330720  -16.459315038
   -1.618396215   -0.698131701   25.302316374   -9.451176829  -20.011676317
   -1.427996661   -0.698131701   23.537481128   -8.152349878  -22.848620878
   -1.237597106   -0.698131701   22.540421304   -1.532472570  -24.232558337
   -1.047197551   -0.698131701   23.176956995    8.504536261  -23.715648718
   -0.856797996   -0.698131701   25.793319800   18.622395069  -21.350470435
   -0.666398442   -0.698131701   30.051438967   25.122026344  -17.672186481
   -0.475998887   -0.698131701   34.954839650   24.979690446  -13.476942563
   -0.285599332   -0.698131701   39.059933522   16.673772198   -9.534639186
   -0.095199777   -0.698131701   40.831024123    0.776049968   -6.335084048
    0.095199777   -0.698131701   39.085062883  -19.508033266   -3.976173538
    0.285599332   -0.698131701   33.498149293  -38.442200756   -2.203959465
    0.475998887   -0.698131701   24.994742376  -48.973836365   -0.598490932
    0.666398442   -0.698131701   15.773599082  -45.299576538    1.176799520
    0.856797996   -0.698131701    8.775349541  -25.852302430    3.186188934
    1.047197551   -0.698131701    6.684123015    5.053411965    5.197590729
    1.237597106   -0.698131701   10.873123424   38.406929425    6.834482946
    1.427996661   -0.698131701   20.836804537   64.211373230    7.795518441
    1.618396215   -0.698131701   34.401701860   75.445749068    8.011886920
    1.808795770   -0.698131701   48.526221820   70.267449222    7.667201965
    1.999195325   -0.698131701   60.293866806   51.426391837    7.076437899
    2.189594880   -0.698131701   67.604205902   24.513371196    6.522128350
    2.379994435   -0.698131701   69.519242122   -4.230027503    6.122006717
    2.570393989   -0.698131701   66.246336081  -29.123413838    5.782520853
    2.760793544   -0.698131701   58.959991298  -45.818640954    5.261848227
    2.951193099   -0.698131701   49.493778653  -51.796854961    4.293736354

   -3.141592654   -0.349065850   40.500396738  -51.297195476    2.716364872
   -2.951193099   -0.349065850   31.809517389  -39.032242184    0.059540913
   -2.760793544   -0.349065850   25.909824938  -22.848064696   -2.902980895
   -2.570393989   -0.349065850   23.011297620   -8.387721730   -5.934821593
   -2.379994435   -0.349065850   22.321777096   -0.164640771   -8.922861518
   -2.189594880   -0.349065850   22.459548602    0.389348819  -11.911856889
   -1.999195325   -0.349065850   22.110995976   -4.650208765  -14.961929150
   -1.808795770   -0.349065850   20.616549849  -10.810810943  -17.928746085
   -1.618396215   -0.349065850   18.223693263  -13.404201306  -20.347808854
   -1.427996661   -0.349065850   15.923744969   -9.612866839  -21.546024020
   -1.237597106   -0.349065850   14.963643463    0.403216726  -20.957921020
   -1.047197551   -0.349065850   16.298674387   13.816430321  -18.455073668
   -0.856797996   -0.349065850   20.171905732   26.265920409  -14.471524456
   -0.666398442   -0.349065850   25.976405695   33.417871803   -9.860975482
   -0.475998887   -0.349065850   32.384502435   32.233516340   -5.547088243
   -0.285599332   -0.349065850   37.677490279   21.779165054   -2.178129180
   -0.095199777   -0.349065850   40.194054103    3.548218595    0.094270954
    0.095199777   -0.349065850   38.805755746  -18.344562396    1.623225266
    0.285599332   -0.349065850   33.386602923  -37.619679345    3.065293516
    0.475998887   -0.349065850   25.107229357  -47.285765466    5.041616327
    0.666398442   -0.349065850   16.343008760  -42.179541728    7.795025969
    0.856797996   -0.349065850   10.057441739  -21.630238932   11.030253338
    1.047197551   -0.349065850    8.798753279    9.363198851   14.041213284
    1.237597106   -0.349065850   13.724810444   41.664252346   16.067126972
    1.427996661   -0.349065850   24.147823169   65.715617092   16.659262348
    1.618396215   -0.349065850   37.827591335   75.210143768   15.861459064
    1.808795770   -0.349065850   51.785034665   68.876355293   14.135447757
    1.999195325   -0.349065850   63.239487604   49.652532852   12.095061708
    2.189594880   -0.349065850   70.222189500   22.906254770   10.241474367
    2.379994435   -0.349065850   71.858290843   -5.578047273    8.783405085
    2.570393989   -0.349065850   68.328434816  -30.557794739    7.613014814
    2.760793544   -0.349065850   60.716949789  -47.897195104    6.416365096
    2.951193099   -0.349065850   50.757389350  -54.944724913    4.848337929

   -3.141592654    0.000000000   41.761708080  -55.478715298    1.964725191
   -2.951193099    0.000000000   32.184441126  -44.089408955   -0.543974594
   -2.760793544    0.000000000   25.268076260  -28.392928837   -3.258714184
   -2.570393989    0.000000000   21.296275370  -14.062746335   -5.998253894
   -2.379994435    0.000000000   19.527777793   -5.804061590   -8.664621593
   -2.189594880    0.000000000   18.601130559   -5.127196277  -11.249870767
   -1.999195325    0.000000000   17.235292426   -9.730921538  -13.705906346
   -1.808795770    0.000000000   14.872212240  -14.685509712  -15.779986380
   -1.618396215    0.000000000   11.943843334  -14.958387719  -16.977937834
   -1.427996661    0.000000000    9.649298761   -7.885132913  -16.740846598
   -1.237597106    0.000000000    9.354589743    5.610088086  -14.762704780
   -1.047197551    0.000000000   11.950268312   21.621959325  -11.247471150
   -0.856797996    0.000000000   17.423652277   34.936258317   -6.900594689
   -0.666398442    0.000000000   24.807087964   41.036347197   -2.664241768
   -0.475998887    0.000000000   32.450148365   37.432655179    0.688983454
   -0.285599332    0.000000000   38.468680873   24.240468705    2.858179540
   -0.095199777    0.000000000   41.249456673    4.073646620    4.109206659
    0.095199777    0.000000000   39.898781010  -18.183763222    5.138294169
    0.285599332    0.000000000   34.612238847  -36.142821865    6.750013708
    0.475998887    0.000000000   26.829658501  -43.469302322    9.471491122
    0.666398442    0.000000000   19.013870527  -36.182331335   13.248101165
    0.856797996    0.000000000   13.981710304  -14.771075899   17.397902190
    1.047197551    0.000000000   13.962869760   15.204661603   20.884523854
    1.237597106    0.000000000   19.774112275   44.925905578   22.783752110
    1.427996661    0.000000000   30.516661991   65.810589118   22.680843927
    1.618396215    0.000000000   43.945404873   72.649014674   20.798150462
    1.808795770    0.000000000   57.254677222   64.857329503   17.824551838
    1.999195325    0.000000000   67.908922881   45.462150427   14.564823600
    2.189594880    0.000000000   74.149595026   19.394434724   11.642586033
    2.379994435    0.000000000   75.202100617   -8.219385762    9.321036396
    2.570393989    0.000000000   71.224586834  -32.718714732    7.507495147
    2.760793544    0.000000000   63.194573612  -50.257533243    5.887127766
    2.951193099    0.000000000   52.717638054  -58.094959622    4.109867749

   -3.141592654    0.349065850   43.632315501  -58.663950875    1.564978507
   -2.951193099    0.349065850   33.368385004  -48.065606349   -0.051920005
   -2.760793544    0.349065850   25.640658365  -32.871137385   -1.729075061
   -2.570393989    0.349065850   20.794875573  -18.704361852   -3.420075057
   -2.379994435    0.349065850   18.146606994  -10.362813992   -5.109925447
   -2.189594880    0.349065850   16.375866109   -9.388002094   -6.792068306
   -1.999195325    0.349065850   14.255397033  -13.306651433   -8.376147987
   -1.808795770    0.349065850   11.328733538  -16.893186866   -9.601247111
   -1.618396215    0.349065850    8.175377473  -14.986112471  -10.064470880
   -1.427996661    0.349065850    6.127464527   -5.233841593   -9.402316572
   -1.237597106    0.349065850    6.579421540   10.681846602   -7.531049340
   -1.047197551    0.349065850   10.287909704   28.000226849   -4.782878148
   -0.856797996    0.349065850   16.975925571   41.047209134   -1.795558317
   -0.666398442    0.349065850   25.385725881   45.532973832    0.773550764
   -0.475998887    0.349065850   33.680001013   39.769557509    2.572196042
   -0.285599332    0.349065850   39.968267623   24.892239910    3.711444713
   -0.095199777    0.349065850   42.811809116    4.340444826    4.709317299
    0.095199777    0.349065850   41.603474233  -16.698295299    6.271151992
    0.285599332    0.349065850   36.820039115  -32.205516950    8.971234300
    0.475998887    0.349065850   30.050526059  -36.832572329   12.951731674
    0.666398442    0.349065850   23.686235722  -27.851035985   17.753381310
    0.856797996    0.349065850   20.252114702   -6.697520074   22.398732841
    1.047197551    0.349065850   21.574936083   20.904349079   25.748957918
    1.237597106    0.349065850   28.126050068   46.865742191   26.969296301
    1.427996661    0.349065850   38.858153142   63.850007277   25.857244027
    1.618396215    0.349065850   51.615118943   67.804477099   22.870160157
    1.808795770    0.349065850   63.853562941   58.735709291   18.870791224
    1.999195325    0.349065850   73.346039535   39.603905914   14.749545006
    2.189594880    0.349065850   78.578351327   14.760407520   11.149541608
    2.379994435    0.349065850   78.887588421  -11.419419620    8.334159362
    2.570393989    0.349065850   74.406987256  -34.913254212    6.232648892
    2.760793544    0.349065850   65.996428964  -52.197105994    4.582757014
    2.951193099    0.349065850   55.117374065  -60.474120706    3.092484596

   -3.141592654    0.698131701   45.045861934  -60.039396190    0.046557070
   -2.951193099    0.698131701   34.499587732  -49.657183284   -0.140353873
   -2.760793544    0.698131701   26.441086899  -34.746177062   -0.226747733
   -2.570393989    0.698131701   21.211348851  -20.845026544   -0.383087998
   -2.379994435    0.698131701   18.137034956  -12.664233106   -0.728763540
   -2.189594880    0.698131701   15.928422191  -11.633868524   -1.284180692
   -1.999195325    0.698131701   13.413190955  -15.134393301   -1.951427054
   -1.808795770    0.698131701   10.214970366  -17.838591745   -2.529757870
   -1.618396215    0.698131701    6.998062391  -14.663533245   -2.787196697
   -1.427996661    0.698131701    5.140208086   -3.588919337   -2.575506188
   -1.237597106    0.698131701    6.001093903   13.216846844   -1.920913510
   -1.047197551    0.698131701   10.214355686   30.620594217   -1.028916075
   -0.856797996    0.698131701   17.344968731   42.964097877   -0.148813815
   -0.666398442    0.698131701   26.022355480   46.425681872    0.596118299
   -0.475998887    0.698131701   34.413097282   40.014969989    1.340063821
   -0.285599332    0.698131701   40.760824818   25.466630898    2.453076485
   -0.095199777    0.698131701   43.843498373    6.478526724    4.392089292
    0.095199777    0.698131701   43.274519036  -12.000145120    7.510710575
    0.285599332    0.698131701   39.658796561  -24.671882734   11.862985880
    0.475998887    0.698131701   34.541810185  -27.229013232   17.071588676
    0.666398442    0.698131701   30.069760178  -17.947045521   22.324949046
    0.856797996    0.698131701   28.372058230    1.258270504   26.561827161
    1.047197551    0.698131701   30.865859585   25.009146588   28.824804494
    1.237597106    0.698131701   37.757052545   46.316718617   28.622659244
    1.427996661    0.698131701   47.975581435   59.200909891   26.102983237
    1.618396215    0.698131701   59.574609637   60.603178969   21.955014261
    1.808795770    0.698131701   70.346260537   50.820513232   17.104021648
    1.999195325    0.698131701   78.387595209   32.472998421   12.379816700
    2.189594880    0.698131701   82.406448266    9.216046863    8.330956086
    2.379994435    0.698131701   81.825076707  -15.259317658    5.182345870
    2.570393989    0.698131701   76.749642801  -37.403411706    2.922104552
    2.760793544    0.698131701   67.951176902  -53.874684621    1.420296828
    2.951193099    0.698131701   56.789770442  -61.832897220    0.515438942

   -3.141592654    1.047197551   43.850076897  -59.895995721   -5.647363642
   -2.951193099    1.047197551   33.414732800  -48.696394726   -4.776152149
   -2.760793544    1.047197551   25.576926939  -33.469018963   -3.518939526
   -2.570393989    1.047197551   20.579455648  -19.749033945   -2.244279347
   -2.379994435    1.047197551   17.670016494  -12.049126302   -1.220204591
   -2.189594880    1.047197551   15.527895410  -11.528785608   -0.541155885
   -1.999195325    1.047197551   12.998331540  -15.347464886   -0.164476580
   -1.808795770    1.047197551    9.750333317  -18.110405581    0.002485426
   -1.618396215    1.047197551    6.489766622  -14.843120493    0.023369446
   -1.427996661    1.047197551    4.604164682   -3.728615166   -0.094966495
   -1.237597106    1.047197551    5.427358880   12.913294215   -0.360846495
   -1.047197551    1.047197551    9.553616731   29.998095690   -0.730525600
   -0.856797996    1.047197551   16.543781861   42.158339527   -1.028177837
   -0.666398442    1.047197551   25.092041047   45.998145326   -0.938132977
   -0.475998887    1.047197551   33.504939981   40.837006033   -0.058875768
   -0.285599332    1.047197551   40.199425419   28.413532812    1.967392853
   -0.095199777    1.047197551   44.092503213   12.087552071    5.306581353
    0.095199777    1.047197551   44.843606002   -3.817382108    9.841619150
    0.285599332    1.047197551   42.969289602  -14.765491405   15.128212724
    0.475998887    1.047197551   39.784644604  -17.140955539   20.426770291
    0.666398442    1.047197551   37.099973819   -9.587659276   24.824644230
    0.856797996    1.047197551   36.688776322    6.174641010   27.458044740
    1.047197551    1.047197551   39.707792574   25.548448977   27.782485525
    1.237597106    1.047197551   46.289824476   42.649759185   25.770663559
    1.427996661    1.047197551   55.494552464   52.463662424   21.906502098
    1.618396215    1.047197551   65.642340444   52.360653835   16.985082205
    1.808795770    1.047197551   74.817653139   42.489183728   11.809044787
    1.999195325    1.047197551   81.342741342   24.983802369    6.961851035
    2.189594880    1.047197551   84.051462706    2.974388614    2.758382080
    2.379994435    1.047197551   82.408055226  -20.173796966   -0.679484692
    2.570393989    1.047197551   76.520665134  -41.018118878   -3.294173046
    2.760793544    1.047197551   67.156921399  -56.192689711   -5.017757155
    2.951193099    1.047197551   55.677192359  -62.859677737   -5.789899273

   -3.141592654    1.396263402   38.652273174  -59.426218274  -11.189161827
   -2.951193099    1.396263402   28.510638156  -46.160098195   -9.778837375
   -2.760793544    1.396263402   21.297982680  -29.575802068   -7.837722250
   -2.570393989    1.396263402   17.100654794  -15.380304614   -5.839997183
   -2.379994435    1.396263402   15.007156738   -7.945470969   -4.096328352
   -2.189594880    1.396263402   13.581527463   -8.161335655   -2.674505176
   -1.999195325    1.396263402   11.602327127  -12.965478378   -1.501582747
   -1.808795770    1.396263402    8.702028626  -16.864617469   -0.527195704
   -1.618396215    1.396263402    5.562259513  -14.835858872    0.189380529
   -1.427996661    1.396263402    3.561366985   -4.928584350    0.527212017
   -1.237597106    1.396263402    4.065304034   10.832043367    0.451264198
   -1.047197551    1.396263402    7.766389215   27.756088225    0.122177671
   -0.856797996    1.396263402   14.396555043   40.796050178   -0.082776637
   -0.666398442    1.396263402   22.858925982   46.624499828    0.318395574
   -0.475998887    1.396263402   31.648821903   44.263691809    1.753925423
   -0.285599332    1.396263402   39.284327636   34.841143535    4.442132835
   -0.095199777    1.396263402   44.649873274   20.973375148    8.286545493
    0.095199777    1.396263402   47.233435161    6.294091868   12.871155801
    0.285599332    1.396263402   47.269179103   -5.111802508   17.513832193
    0.475998887    1.396263402   45.737832491   -9.705765421   21.396952125
    0.666398442    1.396263402   44.142312471   -5.758218773   23.753160095
    0.856797996    1.396263402   44.061134884    5.793462224   24.083122555
    1.047197551    1.396263402   46.627554434   21.319536837   22.312182409
    1.237597106    1.396263402   52.126206682   35.730352494   18.820686164
    1.427996661    1.396263402   59.874728346   44.322698324   14.286702436
    1.618396215    1.396263402   68.456048384   44.198145941    9.432743281
    1.808795770    1.396263402   76.128991987   34.911295871    4.782322206
    1.999195325    1.396263402   81.274636215   18.046573011    0.571701180
    2.189594880    1.396263402   82.709032812   -3.499503553   -3.162004438
    2.379994435    1.396263402   79.871641239  -26.214636947   -6.415841807
    2.570393989    1.396263402   72.897826174  -46.296729620   -9.074526732
    2.760793544    1.396263402   62.649609897  -60.077739626  -10.896485739
    2.951193099    1.396263402   50.614131659  -64.716261934  -11.627197808

   -3.141592654    1.745329252   32.183814161  -57.902887633  -17.721281760
   -2.951193099    1.745329252   22.526734992  -42.730854948  -16.683169078
   -2.760793544    1.745329252   16.071806928  -25.217555466  -14.709897668
   -2.570393989    1.745329252   12.715860635  -11.034571262  -12.185997146
   -2.379994435    1.745329252   11.402210390   -4.151659601   -9.425899384
   -2.189594880    1.745329252   10.633427360   -5.056467737   -6.582065205
   -1.999195325    1.745329252    9.181064294  -10.540700065   -3.724403059
   -1.808795770    1.745329252    6.672286566  -15.208140865   -0.980335985
   -1.618396215    1.745329252    3.761047031  -14.126391361    1.409883751
   -1.427996661    1.745329252    1.801155523   -5.188721659    3.182363515
   -1.237597106    1.745329252    2.191681200    9.993777563    4.233979992
   -1.047197551    1.745329252    5.743961425   27.188201547    4.736448699
   -0.856797996    1.745329252   12.376714578   41.552799494    5.111921481
   -0.666398442    1.745329252   21.182069823   49.575679011    5.855145444
   -0.475998887    1.745329252   30.774632732   49.747259098    7.330334494
   -0.285599332    1.745329252   39.671662035   42.484240383    9.621018723
   -0.095199777    1.745329252   46.620468850   29.737391958   12.474794242
    0.095199777    1.745329252   50.862208260   14.673127349   15.360374583
    0.285599332    1.745329252   52.326442215    1.254823223   17.586783768
    0.475998887    1.745329252   51.706697288   -6.670712692   18.500236783
    0.666398442    1.745329252   50.316121552   -6.661439531   17.696029480
    0.856797996    1.745329252   49.704691077    1.257965016   15.188502444
    1.047197551    1.745329252   51.145253093   14.263827195   11.414776730
    1.237597106    1.745329252   55.178601938   27.634597499    7.082113524
    1.427996661    1.745329252   61.393380346   36.475292411    2.885813545
    1.618396215    1.745329252   68.562689164   37.257879865   -0.736455510
    1.808795770    1.745329252   75.002755325   28.845962499   -3.724208733
    1.999195325    1.745329252   79.042976845   12.419802552   -6.314118603
    2.189594880    1.745329252   79.414073643   -9.073553941   -8.823891243
    2.379994435    1.745329252   75.518897351  -31.688658194  -11.428269180
    2.570393989    1.745329252   67.554259787  -51.089107749  -14.014943767
    2.760793544    1.745329252   56.527076251  -63.302025109  -16.213029481
    2.951193099    1.745329252   44.087274891  -65.647158579  -17.555162903

   -3.141592654    2.094395102   24.956413429  -57.758946546  -19.238804600
   -2.951193099    2.094395102   15.535752480  -40.457083085  -18.396992296
   -2.760793544    2.094395102    9.676753525  -21.344642373  -16.544418765
   -2.570393989    2.094395102    7.158487010   -6.215847747  -13.960099120
   -2.379994435    2.094395102    6.813320864    1.138712278  -10.896034150
   -2.189594880    2.094395102    7.074388813    0.432301962   -7.482008734
   -1.999195325    2.094395102    6.667166824   -5.105286496   -3.788662573
   -1.808795770    2.094395102    5.158898879  -10.214630013    0.037133543
   -1.618396215    2.094395102    3.120001955  -10.033106984    3.704153239
   -1.427996661    2.094395102    1.830941397   -2.250196486    6.849648995
   -1.237597106    2.094395102    2.683372484   11.971932793    9.220025157
   -1.047197551    2.094395102    6.570390146   28.846804864   10.803948957
   -0.856797996    2.094395102   13.552270510   43.672237497   11.831683015
   -0.666398442    2.094395102   22.850738917   52.680283253   12.631481731
   -0.475998887    2.094395102   33.132909796   53.836074351   13.450303136
   -0.285599332    2.094395102   42.860922017   46.981020687   14.329040458
   -0.095199777    2.094395102   50.627763339   33.641856924   15.065717376
    0.095199777    2.094395102   55.463541908   16.815244052   15.273232280
    0.285599332    2.094395102   57.086961879    0.655586676   14.500477423
    0.475998887    2.094395102   56.053649342  -10.423656483   12.424315733
    0.666398442    2.094395102   53.673075833  -13.158489457    9.030065327
    0.856797996    2.094395102   51.650763755   -6.813925494    4.709281230
    1.047197551    2.094395102   51.526786890    6.164631669    0.153500457
    1.237597106    2.094395102   54.126700422   20.850641398   -3.892230495
    1.427996661    2.094395102   59.234057828   31.666753633   -6.925647431
    1.618396215    2.094395102   65.666371051   34.230517623   -8.860273853
    1.808795770    2.094395102   71.636135875   26.764752078  -10.015964529
    1.999195325    2.094395102   75.286862822   10.255492958  -10.926988096
    2.189594880    2.094395102   75.174042004  -12.064537827  -12.081637295
    2.379994435    2.094395102   70.614730281  -35.623676267  -13.711990207
    2.570393989    2.094395102   61.850719794  -55.400703622  -15.692929528
    2.760793544    2.094395102   50.044248010  -66.980390901  -17.609294548
    2.951193099    2.094395102   37.045355708  -67.696335968  -18.928212210

   -3.141592654    2.443460953   18.501730158  -58.262869195  -12.774262001
   -2.951193099    2.443460953    9.149303714  -39.251858660  -11.680913788
   -2.760793544    2.443460953    3.673340332  -18.574048559   -9.832337526
   -2.570393989    2.443460953    1.811559628   -2.139870587   -7.373180182
   -2.379994435    2.443460953    2.352335898    6.342121295   -4.430755020
   -2.189594880    2.443460953    3.703883708    6.663501408   -1.048986654
   -1.999195325    2.443460953    4.568040044    1.965876233    2.756004022
   -1.808795770    2.443460953    4.453458032   -2.747317244    6.870440600
   -1.618396215    2.443460953    3.821853624   -2.845176386   11.002065096
   -1.427996661    2.443460953    3.820744275    3.993997264   14.724716761
   -1.237597106    2.443460953    5.740374829   16.905918889   17.637897280
   -1.047197551    2.443460953   10.443409250   32.514012843   19.518527731
   -0.856797996    2.443460953   18.026328834   46.369048611   20.364530336
   -0.666398442    2.443460953   27.768218383   54.662791598   20.315028845
   -0.475998887    2.443460953   38.362214466   55.094702650   19.517021366
   -0.285599332    2.443460953   48.236814742   47.176506349   18.030153098
   -0.095199777    2.443460953   55.895407402   32.205075306   15.799276918
    0.095199777    2.443460953   60.254626148   13.158744146   12.698661258
    0.285599332    2.443460953   60.943672932   -5.514652962    8.637584524
    0.475998887    2.443460953   58.514121941  -18.813380888    3.712012833
    0.666398442    2.443460953   54.399046641  -22.752835589   -1.683737148
    0.856797996    2.443460953   50.553166021  -16.091186213   -6.864672186
    1.047197551    2.443460953   48.817019923   -1.263194723  -11.061169455
    1.237597106    2.443460953   50.260758090   16.223889517  -13.709489780
    1.427996661    2.443460953   54.763119199   29.871266806  -14.678566504
    1.618396215    2.443460953   61.061964663   34.439234494  -14.303249283
    1.808795770    2.443460953   67.161146405   27.699109134  -13.223864743
    1.999195325    2.443460953   70.958396801   10.696888852  -12.122041092
    2.189594880    2.443460953   70.817264887  -12.869304606  -11.490912056
    2.379994435    2.443460953   65.972355464  -37.770680900  -11.511319683
    2.570393989    2.443460953   56.707886824  -58.381351588  -12.038608040
    2.760793544    2.443460953   44.321436855  -69.925211158  -12.704561613
    2.951193099    2.443460953   30.836890991  -69.722409108  -13.065254424

   -3.141592654    2.792526803   15.482934065  -57.648376728    1.263156808
   -2.951193099    2.792526803    6.338602303  -37.671606622    3.010772225
   -2.760793544    2.792526803    1.263372902  -15.950961424    4.713466609
   -2.570393989    2.792526803    0.000000000    1.510805390    6.378313476
   -2.379994435    2.792526803    1.333450291   11.012262438    8.163057122
   -2.189594880    2.792526803    3.672430445   12.360071337   10.337549369
   -1.999195325    2.792526803    5.714132156    8.607562749   13.137817245
   -1.808795770    2.792526803    6.931500887    4.523504629   16.578506519
   -1.618396215    2.792526803    7.699194630    4.461505821   20.346852439
   -1.427996661    2.792526803    9.033646464   10.590055790   23.862689132
   -1.237597106    2.792526803   12.085977928   22.111890928   26.488666838
   -1.047197551    2.792526803   17.610328743   35.881124913   27.762771172
   -0.856797996    2.792526803   25.641182871   47.689532100   27.511900065
   -0.666398442    2.792526803   35.433260156   53.861875745   25.822476461
   -0.475998887    2.792526803   45.670455814   52.138838172   22.902575924
   -0.285599332    2.792526803   54.774667995   42.037154944   18.968168501
   -0.095199777    2.792526803   61.247005001   24.897988165   14.188753564
    0.095199777    2.792526803   64.020555466    3.860200846    8.711503778
    0.285599332    2.792526803   62.786961871  -16.290932735    2.746183552
    0.475998887    2.792526803   58.239065774  -30.084439927   -3.332566008
    0.666398442    2.792526803   52.039203836  -33.112523912   -8.943217623
    0.856797996    2.792526803   46.425607303  -24.061753329  -13.392455565
    1.047197551    2.792526803   43.487607296   -5.798342521  -16.104224242
    1.237597106    2.792526803   44.416959274   15.317894012  -16.863513746
    1.427996661    2.792526803   49.040358730   31.879088364  -15.906359949
    1.618396215    2.792526803   55.897998972   38.074325927  -13.814958597
    1.808795770    2.792526803   62.733945854   31.605776992  -11.270273704
    1.999195325    2.792526803   67.215596808   13.860913596   -8.811840605
    2.189594880    2.792526803   67.562777459  -10.934188624   -6.714783237
    2.379994435    2.792526803   62.966893119  -37.046782289   -4.994383923
    2.570393989    2.792526803   53.753179176  -58.488147879   -3.495621294
    2.760793544    2.792526803   41.310611151  -70.306186383   -2.023245480
    2.951193099    2.792526803   27.772811356  -69.823009440   -0.442221077
