#! FIELDS phi psi file.free der_phi der_psi
#! SET min_phi -pi
#! SET max_phi pi
#! SET nbins_phi  33
#! SET periodic_phi true
#! SET min_psi -pi
#! SET max_psi pi
#! SET nbins_psi  18
#! SET periodic_psi true
   -3.141592654   -3.141592654   20.223255075  -51.842838151   12.608100193
   -2.951193099   -3.141592654   11.637937250  -37.330049196   15.111147777
   -2.760793544   -3.141592654    6.270098665  -18.862333216   17.116760177
   -2.570393989   -3.141592654    4.374171272   -1.700835905   18.611704159
   -2.379994435   -3.141592654    5.268025094    9.949037460   19.809684528
   -2.189594880   -3.141592654    7.712027336   14.603645256   21.050143991
   -1.999195325   -3.141592654   10.479707556   13.823533087   22.600181867
   -1.808795770   -3.141592654   12.855199729   11.147114307   24.454834287
   -1.618396215   -3.141592654   14.842940433   10.281967328   26.260598498
   -1.427996661   -3.141592654   17.031223658   13.441308993   27.429285430
   -1.237597106   -3.141592654   20.209805288   20.449975449   27.395204000
   -1.047197551   -3.141592654   24.926264909   29.079871876   25.875024283
   -0.856797996   -3.141592654   31.190352374   36.101861037   22.973171952
   -0.666398442   -3.141592654   38.407692925   38.698224344   19.107684449
   -0.475998887   -3.141592654   45.560051385   35.292297096   14.788197878
   -0.285599332   -3.141592654   51.478750199   25.868550497   10.409179715
   -0.095199777   -3.141592654   55.133205623   11.895840379    6.135009714
    0.095199777   -3.141592654   55.903287963   -3.867613588    1.927458296
    0.285599332   -3.141592654   53.798792364  -17.596648837   -2.289995693
    0.475998887   -3.141592654   49.601144998  -25.246099300   -6.433966097
    0.666398442   -3.141592654   44.768732738  -23.982864512  -10.139487670
    0.856797996   -3.141592654   41.057067738  -13.763254435  -12.838836089
    1.047197551   -3.141592654   39.904184901    2.128921809  -14.012711072
    1.237597106   -3.141592654   41.884683472   18.150643918  -13.476809691
    1.427996661   -3.141592654   46.480497636   28.872675695  -11.493032800
    1.618396215   -3.141592654   52.327380023   30.990497768   -8.656947397
    1.808795770   -3.141592654   57.710784644   24.175923090   -5.611993155
    1.999195325   -3.141592654   61.084030886   10.313417318   -2.785523849
    2.189594880   -3.141592654   61.372995256   -7.702724786   -0.285898690
    2.379994435   -3.141592654   58.081165772  -26.777092801    2.034901745
    2.570393989   -3.141592654   51.310867816  -43.695010955    4.416371214
    2.760793544   -3.141592654   41.789215337  -55.147030779    7.016761428
    2.951193099   -3.141592654   30.846124091  -58.260553684    9.814833744

   -3.141592654   -2.792526803   26.079961431  -46.316830227   18.806307900
   -2.951193099   -2.792526803   18.427112906  -33.148550576   21.652919667
   -2.760793544   -2.792526803   13.707805619  -16.229582513   23.567695920
   -2.570393989   -2.792526803   12.187461875   -0.296984408   24.587944326
   -2.379994435   -2.792526803   13.286546734   10.836579496   25.028472493
   -2.189594880   -2.792526803   15.913222073   15.746637268   25.333435434
   -1.999195325   -2.792526803   18.961257531   15.649890880   25.853617554
   -1.808795770   -2.792526803   21.739692245   13.465441299   26.646434032
   -1.618396215   -2.792526803   24.156036369   12.297182741   27.408183198
   -1.427996661   -2.792526803   26.613512195   14.079060664   27.591846099
   -1.237597106   -2.792526803   29.708567237   18.836489032   26.661627899
   -1.047197551   -2.792526803   33.873642279   24.915418574   24.357046163
   -0.856797996   -2.792526803   39.124297508   29.740755511   20.804816613
   -0.666398442   -2.792526803   44.979987463   30.910937138   16.446211738
   -0.475998887   -2.792526803   50.580365278   26.908787374   11.803218302
   -0.285599332   -2.792526803   54.893523283   17.462355343    7.259261319
   -0.095199777   -2.792526803   56.963757729    3.677662690    2.944511978
    0.095199777   -2.792526803   56.186688022  -11.898353079   -1.218038967
    0.285599332   -2.792526803   52.575549854  -25.351127220   -5.326441911
    0.475998887   -2.792526803   46.959583634  -32.267480360   -9.296031765
    0.666398442   -2.792526803   40.923562939  -29.430810814  -12.747437278
    0.856797996   -2.792526803   36.398168676  -16.710626434  -15.108696314
    1.047197551   -2.792526803   34.968990250    2.216542900  -15.872716676
    1.237597106   -2.792526803   37.245112947   21.084604598  -14.881935124
    1.427996661   -2.792526803   42.604627907   33.782025345  -12.423523048
    1.618396215   -2.792526803   49.483995361   36.744815921   -9.102498728
    1.808795770   -2.792526803   55.968941029   29.887372938   -5.542368130
    1.999195325   -2.792526803   60.393674999   15.638400490   -2.123153198
    2.189594880   -2.792526803   61.671169792   -2.584329073    1.103745882
    2.379994435   -2.792526803   59.367803703  -21.443303838    4.323290475
    2.570393989   -2.792526803   53.660430838  -37.841612005    7.755279616
    2.760793544   -2.792526803   45.301164806  -48.842323686   11.464619858
    2.951193099   -2.792526803   35.566380861  -51.990171872   15.272749133

   -3.141592654   -2.443460953   32.777892564  -40.723816730   18.290062452
   -2.951193099   -2.443460953   26.040635708  -29.206020256   20.708940369
   -2.760793544   -2.443460953   21.898591848  -14.098478871   22.223911946
   -2.570393989   -2.443460953   20.635909222    0.372114740   22.888888223
   -2.379994435   -2.443460953   21.777220621   10.740755885   22.958626384
   -2.189594880   -2.443460953   24.371911102   15.609627787   22.762802176
   -1.999195325   -2.443460953   27.425189833   15.864879994   22.546022997
   -1.808795770   -2.443460953   30.269754206   13.868840599   22.338154089
   -1.618396215   -2.443460953   32.729211812   12.202851300   21.923069668
   -1.427996661   -2.443460953   35.049102706   12.586267338   20.938089859
   -1.237597106   -2.443460953   37.669397456   15.281775955   19.064043601
   -1.047197551   -2.443460953   40.949135593   19.221596285   16.216226060
   -0.856797996   -2.443460953   44.951342231   22.473309093   12.606876391
   -0.666398442   -2.443460953   49.344853527   22.990734584    8.661895290
   -0.475998887   -2.443460953   53.445184769   19.196037667    4.808415985
   -0.285599332   -2.443460953   56.348324654   10.406629702    1.292659315
   -0.095199777   -2.443460953   57.136895563   -2.761935599   -1.893999793
    0.095199777   -2.443460953   55.168209087  -18.022279029   -4.943621802
    0.285599332   -2.443460953   50.403885522  -31.337453019   -8.036927720
    0.475998887   -2.443460953   43.677608997  -37.842439548  -11.147531833
    0.666398442   -2.443460953   36.675420022  -33.838623136  -13.938508278
    0.856797996   -2.443460953   31.496352724  -19.010359887  -15.859303898
    1.047197551   -2.443460953   29.883957823    2.652676758  -16.386298791
    1.237597106   -2.443460953   32.504574392   24.206262361  -15.301147753
    1.427996661   -2.443460953   38.659954516   38.859724211  -12.806874562
    1.618396215   -2.443460953   46.611583725   42.757352143   -9.432816638
    1.808795770   -2.443460953   54.261627075   36.011778488   -5.764035664
    1.999195325   -2.443460953   59.833163563   21.548796940   -2.184674300
    2.189594880   -2.443460953   62.225634042    3.268799706    1.214913057
    2.379994435   -2.443460953   61.060098136  -15.291739354    4.563728113
    2.570393989   -2.443460953   56.570980017  -31.195123965    8.021693226
    2.760793544   -2.443460953   49.512718158  -41.896349675   11.610564466
    2.951193099   -2.443460953   41.084862886  -45.338012059   15.144382816

   -3.141592654   -2.094395102   38.231963686  -36.400446079   12.767370466
   -2.951193099   -2.094395102   32.204843799  -26.125430355   14.149931437
   -2.760793544   -2.094395102   28.521334197  -12.362978967   14.945569235
   -2.570393989   -2.094395102   27.472509560    0.926473695   15.234413779
   -2.379994435   -2.094395102   28.631255451   10.425550995   15.145945511
   -2.189594880   -2.094395102   31.107449239   14.718601128   14.779470714
   -1.999195325   -2.094395102   33.947597230   14.517224365   14.154548341
   -1.808795770   -2.094395102   36.483667866   11.934853836   13.205095664
   -1.618396215   -2.094395102   38.494187774    9.362141782   11.815426562
   -1.427996661   -2.094395102   40.160152049    8.520941831    9.889556060
   -1.237597106   -2.094395102   41.880923231    9.926745962    7.426874815
   -1.047197551   -2.094395102   44.041711448   12.921167592    4.578316011
   -0.856797996   -2.094395102   46.806624862   15.922685289    1.623527739
   -0.666398442   -2.094395102   49.989800281   16.948489298   -1.120071526
   -0.475998887   -2.094395102   53.029957362   14.150946863   -3.445047460
   -0.285599332   -2.094395102   55.070696966    6.359346252   -5.349922537
   -0.095199777   -2.094395102   55.149973335   -6.258041707   -7.037713475
    0.095199777   -2.094395102   52.519795949  -21.558839441   -8.811576724
    0.285599332   -2.094395102   47.046889247  -35.258751848  -10.887317427
    0.475998887   -2.094395102   39.547987026  -41.941166922  -13.229985023
    0.666398442   -2.094395102   31.805734317  -37.342148078  -15.482629491
    0.856797996   -2.094395102   26.098556848  -20.877360662  -17.068380022
    1.047197551   -2.094395102   24.354535525    3.226773670  -17.422454557
    1.237597106   -2.094395102   27.335090856   27.378921497  -16.263976629
    1.427996661   -2.094395102   34.301715482   44.062624186  -13.730190140
    1.618396215   -2.094395102   43.361413586   49.013490978  -10.309356161
    1.808795770   -2.094395102   52.229021951   42.418689615   -6.596953353
    1.999195325   -2.094395102   58.992616767   27.619694261   -3.036268921
    2.189594880   -2.094395102   62.505062102    8.987274435    0.191714922
    2.379994435   -2.094395102   62.413235362   -9.693452449    3.128225161
    2.570393989   -2.094395102   58.994342219  -25.544168778    5.879315115
    2.760793544   -2.094395102   53.012631172  -36.283503775    8.477466090
    2.951193099   -2.094395102   45.622661227  -40.129969962   10.828603573

   -3.141592654   -1.745329252   41.205269598  -34.533182937    6.992994292
   -2.951193099   -1.745329252   35.465549015  -24.985789332    7.396314486
   -2.760793544   -1.745329252   31.933792981  -11.900343425    7.404971132
   -2.570393989   -1.745329252   30.916045305    0.800404826    7.078016051
   -2.379994435   -1.745329252   31.997056278    9.728430717    6.442723933
   -2.189594880   -1.745329252   34.278410880   13.339860712    5.458053858
   -1.999195325   -1.745329252   36.774460485   12.242518813    4.042890549
   -1.808795770   -1.745329252   38.774819372    8.556709863    2.148698610
   -1.618396215   -1.745329252   40.030794895    4.828072331   -0.172045812
   -1.427996661   -1.745329252   40.738718767    3.058047290   -2.740295964
   -1.237597106   -1.745329252   41.371220245    4.077750572   -5.283902330
   -1.047197551   -1.745329252   42.441146857    7.450909728   -7.501368450
   -0.856797996   -1.745329252   44.261064391   11.582943252   -9.151218893
   -0.666398442   -1.745329252   46.764123373   14.182482675  -10.124631566
   -0.475998887   -1.745329252   49.426241757   12.889326194  -10.505114005
   -0.285599332   -1.745329252   51.326209451    6.013695531  -10.560982692
   -0.095199777   -1.745329252   51.357268433   -6.569964771  -10.666259498
    0.095199777   -1.745329252   48.604920275  -22.631793637  -11.177458455
    0.285599332   -1.745329252   42.822812779  -37.437145631  -12.277500312
    0.475998887   -1.745329252   34.823222735  -44.906763013  -13.866127197
    0.666398442   -1.745329252   26.510278325  -40.181646412  -15.539198495
    0.856797996   -1.745329252   20.368042846  -22.417134672  -16.707546241
    1.047197551   -1.745329252   18.532831556    3.914300498  -16.815837838
    1.237597106   -1.745329252   21.883948058   30.559646468  -15.586440918
    1.427996661   -1.745329252   29.660216863   49.243286216  -13.139591023
    1.618396215   -1.745329252   39.821977275   55.218103074   -9.930226086
    1.808795770   -1.745329252   49.888329552   48.657977929   -6.528364071
    1.999195325   -1.745329252   57.788673240   33.246014328   -3.377967923
    2.189594880   -1.745329252   62.295919183   13.808106602   -0.688340998
    2.379994435   -1.745329252   63.052896340   -5.572246387    1.543896426
    2.570393989   -1.745329252   60.365999145  -21.958060054    3.405131122
    2.760793544   -1.745329252   55.022060199  -33.177343683    4.952305457
    2.951193099   -1.745329252   48.172496763  -37.580728622    6.166170110

   -3.141592654   -1.396263402   41.263331586  -35.384739897    3.426815106
   -2.951193099   -1.396263402   35.343087523  -26.006193726    3.026344112
   -2.760793544   -1.396263402   31.613936789  -12.947767163    2.302623753
   -2.570393989   -1.396263402   30.391875179   -0.329094257    1.351191281
   -2.379994435   -1.396263402   31.228029288    8.220254577    0.183883718
   -2.189594880   -1.396263402   33.152436040   11.027666951   -1.310484952
   -1.999195325   -1.396263402   35.103517677    8.798100546   -3.297498474
   -1.808795770   -1.396263402   36.337585400    3.991602603   -5.851556621
   -1.618396215   -1.396263402   36.651138041   -0.390115973   -8.831158962
   -1.427996661   -1.396263402   36.368099078   -1.973240514  -11.859374208
   -1.237597106   -1.396263402   36.135997244    0.179834712  -14.437276308
   -1.047197551   -1.396263402   36.633117854    5.422119349  -16.118740451
   -0.856797996   -1.396263402   38.270091303   11.691800428  -16.675293567
   -0.666398442   -1.396263402   40.978563041   16.139030493  -16.163663660
   -0.475998887   -1.396263402   44.132111286   15.934890008  -14.907378187
   -0.285599332   -1.396263402   46.637122986    9.150974942  -13.391109886
   -0.095199777   -1.396263402   47.196192067   -4.303891398  -12.109116615
    0.095199777   -1.396263402   44.737561932  -21.882575418  -11.432055751
    0.285599332   -1.396263402   38.939193867  -38.327706926  -11.489968566
    0.475998887   -1.396263402   30.647282395  -46.958459623  -12.127999897
    0.666398442   -1.396263402   21.907984966  -42.423152637  -12.943737793
    0.856797996   -1.396263402   15.413849844  -23.696657402  -13.423158905
    1.047197551   -1.396263402   13.502323014    4.486491873  -13.127921409
    1.237597106   -1.396263402   17.166178721   33.245658951  -11.870512632
    1.427996661   -1.396263402   25.625178107   53.596757262   -9.778943042
    1.618396215   -1.396263402   36.705358929   60.333340859   -7.222298205
    1.808795770   -1.396263402   47.742114984   53.591611339   -4.631566119
    1.999195325   -1.396263402   56.509100891   37.333580576   -2.322524338
    2.189594880   -1.396263402   61.690065833   16.780736462   -0.431315404
    2.379994435   -1.396263402   62.907071824   -3.696714746    1.054826906
    2.570393989   -1.396263402   60.484262979  -21.032549387    2.190030061
    2.760793544   -1.396263402   55.239612106  -33.032078151    2.991372144
    2.951193099   -1.396263402   48.357276789  -38.034984149    3.417424206

   -3.141592654   -1.047197551   39.724584899  -38.317850130    2.553448530
   -2.951193099   -1.047197551   33.236194530  -28.968526600    1.666766493
   -2.760793544   -1.047197551   28.973624520  -15.541311506    0.299648741
   -2.570393989   -1.047197551   27.305478138   -2.435872785   -1.435309581
   -2.379994435   -1.047197551   27.766574259    6.308138119   -3.475494792
   -2.189594880   -1.047197551   29.301012920    8.742725609   -5.863224442
   -1.999195325   -1.047197551   30.740097563    5.652662087   -8.681202699
   -1.808795770   -1.047197551   31.285847583   -0.047602241  -11.898054030
   -1.618396215   -1.047197551   30.785899747   -4.753719546  -15.239906254
   -1.427996661   -1.047197551   29.718514902   -5.667452149  -18.196633659
   -1.237597106   -1.047197551   28.928258339   -1.843277747  -20.191681441
   -1.047197551   -1.047197551   29.251277868    5.663614008  -20.815317873
   -0.856797996   -1.047197551   31.150871016   14.149816109  -20.001456340
   -0.666398442   -1.047197551   34.489944043   20.155536575  -18.048485123
   -0.475998887   -1.047197551   38.477808620   20.487914400  -15.501313566
   -0.285599332   -1.047197551   41.816268236   13.184758352  -12.957093814
   -0.095199777   -1.047197551   43.026406200   -1.604852951  -10.870225759
    0.095199777   -1.047197551   40.921765792  -20.882682202   -9.443321874
    0.285599332   -1.047197551   35.161733302  -38.853497384   -8.605152337
    0.475998887   -1.047197551   26.674058101  -48.348222557   -8.085687918
    0.666398442   -1.047197551   17.663342623  -43.720997636   -7.551100446
    0.856797996   -1.047197551   11.008116433  -23.967031844   -6.749154670
    1.047197551   -1.047197551    9.194485499    5.823805355   -5.599923568
    1.237597106   -1.047197551   13.272384890   36.201222647   -4.202058192
    1.427996661   -1.047197551   22.409572841   57.635912452   -2.757642422
    1.618396215   -1.047197551   34.298485325   64.639808334   -1.462173711
    1.808795770   -1.047197551   46.118313151   57.398281437   -0.414348656
    1.999195325   -1.047197551   55.520306401   40.137180649    0.407423923
    2.189594880   -1.047197551   61.122419995   18.389585310    1.094586925
    2.379994435   -1.047197551   62.531951842   -3.274045984    1.732973405
    2.570393989   -1.047197551   60.083589084  -21.707148181    2.325524589
    2.760793544   -1.047197551   54.614922442  -34.690512759    2.772434919
    2.951193099   -1.047197551   47.336787083  -40.488943529    2.899656504

   -3.141592654   -0.698131701   39.468355220  -40.615555267    0.867074629
   -2.951193099   -0.698131701   32.463677014  -32.051985306   -0.624241541
   -2.760793544   -0.698131701   27.560662226  -19.130715351   -2.645098497
   -2.570393989   -0.698131701   25.181888025   -6.282255790   -5.039306311
   -2.379994435   -0.698131701   24.890664127    2.237076066   -7.691050338
   -2.189594880   -0.698131701   25.615859143    4.279254002  -10.583991539
   -1.999195325   -0.698131701   26.156354583    0.680995424  -13.723985368
   -1.808795770   -0.698131701   25.723650915   -5.266875195  -16.973627350
   -1.618396215   -0.698131701   24.263458324   -9.455465967  -19.940605686
   -1.427996661   -0.698131701   22.434013413   -8.791872254  -22.037176039
   -1.237597106   -0.698131701   21.273146484   -2.502692525  -22.716310352
   -1.047197551   -0.698131701   21.733685445    7.749199855  -21.740281786
   -0.856797996   -0.698131701   24.258165487   18.489290782  -19.321374290
   -0.666398442   -0.698131701   28.555546240   25.676369932  -16.047124730
   -0.475998887   -0.698131701   33.608459415   25.952563638  -12.640244312
   -0.285599332   -0.698131701   37.902348915   17.631123511   -9.686385843
   -0.095199777   -0.698131701   39.824113953    1.401502662   -7.437597229
    0.095199777   -0.698131701   38.164238242  -19.149418678   -5.781269097
    0.285599332   -0.698131701   32.657988794  -37.804362720   -4.359169039
    0.475998887   -0.698131701   24.362047307  -47.276969562   -2.785487932
    0.666398442   -0.698131701   15.601561717  -42.117218637   -0.871271947
    0.856797996   -0.698131701    9.316593349  -21.712183103    1.258903557
    1.047197551   -0.698131701    7.976458810    8.458825614    3.227402900
    1.237597106   -0.698131701   12.555601960   38.738200521    4.609461155
    1.427996661   -0.698131701   22.131467822   59.644654432    5.156873299
    1.618396215   -0.698131701   34.335696424   65.933062642    4.913376249
    1.808795770   -0.698131701   46.338720414   58.061433940    4.172503529
    1.999195325   -0.698131701   55.826138592   40.415037182    3.316818853
    2.189594880   -0.698131701   61.463979207   18.516119977    2.652821217
    2.379994435   -0.698131701   62.891138224   -3.221746852    2.307973619
    2.570393989   -0.698131701   60.437077776  -21.856172441    2.206232845
    2.760793544   -0.698131701   54.899483764  -35.322075633    2.119115553
    2.951193099   -0.698131701   47.431666041  -41.884721279    1.750802343

   -3.141592654   -0.349065850   39.406257053  -43.265211613   -0.001068398
   -2.951193099   -0.349065850   31.791859277  -35.758548115   -1.711829880
   -2.760793544   -0.349065850   26.105878448  -23.575548440   -3.979308261
   -2.570393989   -0.349065850   22.840286408  -11.098183114   -6.644845273
   -2.379994435   -0.349065850   21.613981738   -2.754179977   -9.554920758
   -2.189594880   -0.349065850   21.374786371   -0.857658360  -12.611194890
   -1.999195325   -0.349065850   20.930261978   -4.484169122  -15.699453673
   -1.808795770   -0.349065850   19.547212975   -9.961119405  -18.553632107
   -1.618396215   -0.349065850   17.308692794  -12.758636768  -20.695328180
   -1.427996661   -0.349065850   15.065009000   -9.691351624  -21.551357767
   -1.237597106   -0.349065850   14.013011221   -0.427670600  -20.723308486
   -1.047197551   -0.349065850   15.138588017   12.541473973  -18.238300081
   -0.856797996   -0.349065850   18.753845765   24.925823212  -14.605266128
   -0.666398442   -0.349065850   24.317301914   32.294594397  -10.630171170
   -0.475998887   -0.349065850   30.543485271   31.487233652   -7.076773874
   -0.285599332   -0.349065850   35.735074406   21.490474354   -4.367096152
   -0.095199777   -0.349065850   38.244572780    3.813713404   -2.440309511
    0.095199777   -0.349065850   36.971054554  -17.333968172   -0.834576837
    0.285599332   -0.349065850   31.836356205  -35.564269613    1.047213536
    0.475998887   -0.349065850   24.065090437  -43.957179839    3.603289117
    0.666398442   -0.349065850   16.040712432  -37.798080537    6.769382975
    0.856797996   -0.349065850   10.614394948  -17.209341731    9.983673978
    1.047197551   -0.349065850   10.058686095   11.993898210   12.427881539
    1.237597106   -0.349065850   15.143282367   40.402842069   13.428857356
    1.427996661   -0.349065850   24.834314614   59.215032829   12.784546761
    1.618396215   -0.349065850   36.792662332   63.914687086   10.838112660
    1.808795770   -0.349065850   48.331351384   55.366307035    8.281211348
    1.999195325   -0.349065850   57.313263629   37.925115866    5.822836733
    2.189594880   -0.349065850   62.541558393   16.751407923    3.937669279
    2.379994435   -0.349065850   63.708830075   -4.219688729    2.761495624
    2.570393989   -0.349065850   61.111118172  -22.453074782    2.131796394
    2.760793544   -0.349065850   55.451895525  -36.113526825    1.707081302
    2.951193099   -0.349065850   47.768064103  -43.439878312    1.095975672

   -3.141592654    0.000000000   39.654799151  -45.375007535   -0.796541252
   -2.951193099    0.000000000   31.523374235  -39.062170659   -2.314650693
   -2.760793544    0.000000000   25.102379414  -27.943662932   -4.291780167
   -2.570393989    0.000000000   20.925999006  -16.239548029   -6.624303316
   -2.379994435    0.000000000   18.672504743   -8.347947079   -9.187632325
   -2.189594880    0.000000000   17.353128479   -6.538349251  -11.854052357
   -1.999195325    0.000000000   15.861110086   -9.687246661  -14.425044571
   -1.808795770    0.000000000   13.599838202  -13.815105600  -16.542295963
   -1.618396215    0.000000000   10.837713744  -14.239221793  -17.696991704
   -1.427996661    0.000000000    8.602243868   -8.051239239  -17.401339625
   -1.237597106    0.000000000    8.167132837    4.329597676  -15.455991018
   -1.047197551    0.000000000   10.427688893   19.480401838  -12.136113963
   -0.856797996    0.000000000   15.448938192   32.467485610   -8.140877802
   -0.666398442    0.000000000   22.376080643   38.848339761   -4.319531487
   -0.475998887    0.000000000   29.672146225   36.083736556   -1.299476600
   -0.285599332    0.000000000   35.545745978   24.138094444    0.769580454
   -0.095199777    0.000000000   38.440945708    5.423376741    2.255327925
    0.095199777    0.000000000   37.482921774  -15.401472413    3.851552338
    0.285599332    0.000000000   32.844042322  -32.151936498    6.220310195
    0.475998887    0.000000000   25.898938780  -38.735314574    9.620739878
    0.666398442    0.000000000   18.989150757  -31.543809862   13.680225845
    0.856797996    0.000000000   14.728544925  -11.539037952   17.469339097
    1.047197551    0.000000000   15.057677062   15.361006801   19.891016766
    1.237597106    0.000000000   20.476857102   40.472373998   20.194733692
    1.427996661    0.000000000   29.871288725   56.155235992   18.323114826
    1.618396215    0.000000000   41.035280808   58.885503310   14.904007750
    1.808795770    0.000000000   51.550742891   49.899987045   10.920296663
    1.999195325    0.000000000   59.555433571   33.294440722    7.271327872
    2.189594880    0.000000000   64.037691626   13.593921776    4.494421116
    2.379994435    0.000000000   64.746635491   -5.929049848    2.693486187
    2.570393989    0.000000000   61.923462146  -23.222175677    1.645123217
    2.760793544    0.000000000   56.149522257  -36.685404648    0.964784066
    2.951193099    0.000000000   48.317299577  -44.530215562    0.250683643

   -3.141592654    0.349065850   40.305931900  -46.510201015   -0.847787123
   -2.951193099    0.349065850   31.861379739  -41.214628416   -1.722345315
   -2.760793544    0.349065850   24.932694144  -31.091893345   -2.893732503
   -2.570393989    0.349065850   20.077418649  -20.173202637   -4.361637229
   -2.379994435    0.349065850   17.024293917  -12.753842397   -6.081049081
   -2.189594880    0.349065850   14.852980732  -10.998552279   -7.944939925
   -1.999195325    0.349065850   12.553001058  -13.593151840   -9.735656439
   -1.808795770    0.349065850    9.664713305  -16.348063033  -11.094500755
   -1.618396215    0.349065850    6.618461531  -14.569932397  -11.583856210
   -1.427996661    0.349065850    4.570484562   -5.731722593  -10.861714204
   -1.237597106    0.349065850    4.813963224    9.017270782   -8.887416768
   -1.047197551    0.349065850    8.114226911   25.490902763   -6.017580317
   -0.856797996    0.349065850   14.293790879   38.387005617   -2.886797292
   -0.666398442    0.349065850   22.242219370   43.515135278   -0.133256341
   -0.475998887    0.349065850   30.268116733   39.094828109    1.904671167
   -0.285599332    0.349065850   36.591827035   26.006480124    3.341501823
   -0.095199777    0.349065850   39.825196970    7.332002441    4.688366593
    0.095199777    0.349065850   39.339614994  -12.158302188    6.620790749
    0.285599332    0.349065850   35.511918018  -26.828383361    9.633382588
    0.475998887    0.349065850   29.763764967  -31.644576671   13.722557536
    0.666398442    0.349065850   24.266100869  -24.133155218   18.243082967
    0.856797996    0.349065850   21.284423497   -5.878764063   22.070467419
    1.047197551    0.349065850   22.375990323   17.480762424   24.057435808
    1.237597106    0.349065850   27.797120156   38.378539416   23.555483314
    1.427996661    0.349065850   36.438743158   50.566689076   20.708410842
    1.618396215    0.349065850   46.335735539   51.498718917   16.354186360
    1.808795770    0.349065850   55.424474348   42.588537953   11.613158875
    1.999195325    0.349065850   62.159437360   27.435773575    7.421476545
    2.189594880    0.349065850   65.716242849    9.761035545    4.279089630
    2.379994435    0.349065850   65.881411066   -7.878903680    2.233919498
    2.570393989    0.349065850   62.820797000  -23.886610833    1.039073507
    2.760793544    0.349065850   56.981603553  -36.841958808    0.338095669
    2.951193099    0.349065850   49.108405462  -44.909644551   -0.207390711

   -3.141592654    0.698131701   40.862841468  -46.515295175   -1.518923893
   -2.951193099    0.698131701   32.368988371  -41.754385312   -1.616969980
   -2.760793544    0.698131701   25.268487250  -32.367819520   -1.765672250
   -2.570393989    0.698131701   20.095452771  -22.221401494   -2.098224141
   -2.379994435    0.698131701   16.590630277  -15.402794043   -2.690411349
   -2.189594880    0.698131701   13.887024531  -13.857835417   -3.507232642
   -1.999195325    0.698131701   11.067802845  -16.079272320   -4.381676060
   -1.808795770    0.698131701    7.794778515  -17.795609681   -5.043173498
   -1.618396215    0.698131701    4.616356331  -14.447756284   -5.203782803
   -1.427996661    0.698131701    2.756577579   -3.898430602   -4.682682754
   -1.237597106    0.698131701    3.485950520   12.175078777   -3.505684991
   -1.047197551    0.698131701    7.451075146   29.161820416   -1.916540850
   -0.856797996    0.698131701   14.308027628   41.697797899   -0.255386230
   -0.666398442    0.698131701   22.808381085   45.965212029    1.217550595
   -0.475998887    0.698131701   31.223674835   40.820077208    2.485127682
   -0.285599332    0.698131701   37.862465252   27.753840879    3.808003410
   -0.095199777    0.698131701   41.515647766   10.174453619    5.622349362
    0.095199777    0.698131701   41.751111426   -7.319005288    8.348923491
    0.285599332    0.698131701   39.058706831  -19.789067911   12.143359777
    0.475998887    0.698131701   34.802082402  -23.253447467   16.693159145
    0.666398442    0.698131701   30.892253141  -16.219707929   21.176875974
    0.856797996    0.698131701   29.196451141   -0.640971791   24.478820275
    1.047197551    0.698131701   30.890905110   18.397321573   25.625497974
    1.237597106    0.698131701   36.036956958   34.645637413   24.220931190
    1.427996661    0.698131701   43.604805489   43.308075974   20.627773488
    1.618396215    0.698131701   51.939522379   42.714911336   15.791995352
    1.808795770    0.698131701   59.372847362   34.274452299   10.812886456
    1.999195325    0.698131701   64.681886977   20.919159464    6.524732174
    2.189594880    0.698131701   67.210568529    5.485193351    3.312916700
    2.379994435    0.698131701   66.759775806  -10.150706172    1.160028410
    2.570393989    0.698131701   63.412408103  -24.732136895   -0.164984496
    2.760793544    0.698131701   57.497371106  -36.895214845   -0.925872284
    2.951193099    0.698131701   49.644543958  -44.722090843   -1.328082260

   -3.141592654    1.047197551   39.754883283  -46.631246195   -5.919027183
   -2.951193099    1.047197551   31.287335013  -41.390583642   -5.807997832
   -2.760793544    1.047197551   24.276994601  -31.837953621   -5.291145500
   -2.570393989    1.047197551   19.191484255  -21.882168550   -4.600154040
   -2.379994435    1.047197551   15.713984227  -15.471662988   -3.952879645
   -2.189594880    1.047197551   12.958986034  -14.300682799   -3.455357905
   -1.999195325    1.047197551   10.040352030  -16.620444982   -3.084089556
   -1.808795770    1.047197551    6.685615164  -18.049432978   -2.741128439
   -1.618396215    1.047197551    3.512156805  -14.108339575   -2.333761426
   -1.427996661    1.047197551    1.781556252   -2.895151803   -1.830891881
   -1.237597106    1.047197551    2.752328040   13.651338817   -1.263003593
   -1.047197551    1.047197551    7.017678692   30.781972759   -0.683840246
   -0.856797996    1.047197551   14.177090884   43.224499789   -0.097838623
   -0.666398442    1.047197551   22.961571259   47.458723818    0.585140552
   -0.475998887    1.047197551   31.686609630   42.675799390    1.571885250
   -0.285599332    1.047197551   38.760611626   30.576035082    3.139078924
   -0.095199777    1.047197551   43.091147403   14.543655288    5.533798351
    0.095199777    1.047197551   44.328812405   -1.164985195    8.861765318
    0.285599332    1.047197551   42.952419826  -12.246904364   12.955982104
    0.475998887    1.047197551   40.178046322  -15.479581149   17.298665613
    0.666398442    1.047197551   37.637269544   -9.927187735   21.065858325
    0.856797996    1.047197551   36.860674935    2.477821720   23.348410088
    1.047197551    1.047197551   38.761279460   17.380864670   23.493981666
    1.237597106    1.047197551   43.328823595   29.725657419   21.400707167
    1.427996661    1.047197551   49.687249193   35.808469897   17.572459629
    1.618396215    1.047197551   56.490099057   34.423203582   12.903516581
    1.808795770    1.047197551   62.394855030   26.708754068    8.293386452
    1.999195325    1.047197551   66.403156204   14.891407639    4.329386889
    2.189594880    1.047197551   67.941995060    1.085552225    1.196456432
    2.379994435    1.047197551   66.784175975  -13.242856088   -1.212251285
    2.570393989    1.047197551   62.941484568  -26.892283999   -3.082641799
    2.760793544    1.047197551   56.685343017  -38.334495888   -4.515912250
    2.951193099    1.047197551   48.622075645  -45.488835395   -5.484723740

   -3.141592654    1.396263402   35.641439309  -48.232577205  -10.041418413
   -2.951193099    1.396263402   27.040739621  -41.172670208   -9.898061906
   -2.760793544    1.396263402   20.232359790  -30.001185970   -9.011265734
   -2.570393989    1.396263402   15.607074182  -18.995695474   -7.667809289
   -2.379994435    1.396263402   12.726131316  -12.195613840   -6.156213349
   -2.189594880    1.396263402   10.588597171  -11.161409211   -4.646775604
   -1.999195325    1.396263402    8.227596867  -13.941867076   -3.195760343
   -1.808795770    1.396263402    5.324229640  -16.008829806   -1.834580396
   -1.618396215    1.396263402    2.470794939  -12.800109171   -0.642335065
   -1.427996661    1.396263402    0.918327933   -2.324976868    0.264365569
   -1.237597106    1.396263402    1.938603218   13.635867879    0.818372535
   -1.047197551    1.396263402    6.172642612   30.540862949    1.075161030
   -0.856797996    1.396263402   13.307820031   43.297016682    1.235425920
   -0.666398442    1.396263402   22.185567148   48.457420484    1.585863455
   -0.475998887    1.396263402   31.230639240   45.107289855    2.426629044
   -0.285599332    1.396263402   38.926667856   34.689431808    3.988294667
   -0.095199777    1.396263402   44.195613031   20.233434559    6.356226680
    0.095199777    1.396263402   46.628121282    5.571034465    9.427342170
    0.285599332    1.396263402   46.561195261   -5.415545078   12.867549671
    0.475998887    1.396263402   44.999229798   -9.795750483   16.124183560
    0.666398442    1.396263402   43.332011098   -6.619199397   18.522285505
    0.856797996    1.396263402   42.890355573    2.614360911   19.464940332
    1.047197551    1.396263402   44.505652597   14.322579137   18.652814717
    1.237597106    1.396263402   48.244743211   24.265713940   16.225832444
    1.427996661    1.396263402   53.435773613   29.231649852   12.707947568
    1.618396215    1.396263402   58.979616699   27.945955711    8.793642093
    1.808795770    1.396263402   63.721861396   21.034414376    5.062240198
    1.999195325    1.396263402   66.735851379   10.084796454    1.797326447
    2.189594880    1.396263402   67.413941552   -3.226839898   -1.008166435
    2.379994435    1.396263402   65.446406020  -17.486407610   -3.507368612
    2.570393989    1.396263402   60.788327503  -31.194878233   -5.799930731
    2.760793544    1.396263402   53.728849575  -42.374815284   -7.813125058
    2.951193099    1.396263402   44.970213750  -48.630001172   -9.309938468

   -3.141592654    1.745329252   30.586889195  -49.762847413  -14.837275208
   -2.951193099    1.745329252   21.893377547  -40.629115533  -15.193626283
   -2.760793544    1.745329252   15.361216294  -27.734968187  -14.332917735
   -2.570393989    1.745329252   11.279886330  -15.664856231  -12.446735653
   -2.379994435    1.745329252    9.082939109   -8.432947200   -9.841787913
   -2.189594880    1.745329252    7.666174700   -7.412070218   -6.809873082
   -1.999195325    1.745329252    5.992838073  -10.516231212   -3.603095408
   -1.808795770    1.745329252    3.687566210  -13.203568892   -0.489195507
   -1.618396215    1.745329252    1.286581389  -10.895292159    2.216249460
   -1.427996661    1.745329252    0.000000000   -1.433742484    4.210253530
   -1.237597106    1.745329252    1.108234757   13.728786057    5.339002401
   -1.047197551    1.745329252    5.326431074   30.386855163    5.689488423
   -0.856797996    1.745329252   12.466581427   43.608162208    5.579972653
   -0.666398442    1.745329252   21.500559803   49.864740567    5.430412173
   -0.475998887    1.745329252   30.947860444   47.954418044    5.622236570
   -0.285599332    1.745329252   39.323295212   38.937891182    6.382431518
   -0.095199777    1.745329252   45.505507138   25.477022748    7.723339332
    0.095199777    1.745329252   48.975827055   11.083227649    9.445610911
    0.285599332    1.745329252   49.910656656   -0.568395048   11.166708926
    0.475998887    1.745329252   49.132636975   -6.554421525   12.416073469
    0.666398442    1.745329252   47.872455354   -5.657590280   12.772758035
    0.856797996    1.745329252   47.377794690    1.119225556   12.030318940
    1.047197551    1.745329252   48.502089481   10.775458522   10.272789008
    1.237597106    1.745329252   51.434729500   19.494318350    7.848417084
    1.427996661    1.745329252   55.675127379   24.156544486    5.209482498
    1.618396215    1.745329252   60.277787633   23.203512425    2.727994522
    1.808795770    1.745329252   64.165534905   16.786988517    0.549802038
    1.999195325    1.745329252   66.399440603    6.072480742   -1.424850524
    2.189594880    1.745329252   66.301427962   -7.431835663   -3.438150969
    2.379994435    1.745329252   63.491070448  -22.142174616   -5.715624816
    2.570393989    1.745329252   57.912468237  -36.137095798   -8.300674923
    2.760793544    1.745329252   49.930579011  -46.976189141  -10.980495003
    2.951193099    1.745329252   40.395189208  -52.043445181  -13.319542365

   -3.141592654    2.094395102   24.764985387  -52.202258441  -15.047866586
   -2.951193099    2.094395102   15.833214183  -40.653409725  -15.505510235
   -2.760793544    2.094395102    9.528526971  -25.368793331  -14.653829879
   -2.570393989    2.094395102    6.092107269  -11.354649504  -12.604683525
   -2.379994435    2.094395102    4.852680595   -2.791585108   -9.615514080
   -2.189594880    2.094395102    4.587228174   -1.062735530   -5.968939081
   -1.999195325    2.094395102    4.140520798   -4.090661103   -1.947987848
   -1.808795770    2.094395102    3.012053927   -7.385114343    2.108859624
   -1.618396215    2.094395102    1.608365096   -6.337232505    5.776330051
   -1.427996661    2.094395102    1.034710753    1.462938935    8.614248237
   -1.237597106    2.094395102    2.537109064   15.019567740   10.331138963
   -1.047197551    2.094395102    6.887025892   30.589581392   10.911008591
   -0.856797996    2.094395102   14.022045749   43.463851333   10.623312318
   -0.666398442    2.094395102   23.050254590   50.026121487    9.895394998
   -0.475998887    2.094395102   32.586498715   48.746660284    9.146197087
   -0.285599332    2.094395102   41.170741912   40.292144212    8.646182679
   -0.095199777    2.094395102   47.635596428   27.003549854    8.447355045
    0.095199777    2.094395102   51.367461263   12.196992969    8.391501068
    0.285599332    2.094395102   52.427641879   -0.451486122    8.176151760
    0.475998887    2.094395102   51.545902911   -7.793470164    7.491718118
    0.666398442    2.094395102   49.920682413   -8.196351513    6.170271669
    0.856797996    2.094395102   48.853055188   -2.244948022    4.301853241
    1.047197551    2.094395102   49.313857648    7.299904980    2.200446868
    1.237597106    2.094395102   51.626857465   16.543426437    0.267965232
    1.427996661    2.094395102   55.381773765   22.020980179   -1.203903971
    1.618396215    2.094395102   59.645251293   21.716919459   -2.159939775
    1.808795770    2.094395102   63.271764368   15.425120607   -2.799298975
    1.999195325    2.094395102   65.205470271    4.178025584   -3.474738042
    2.189594880    2.094395102   64.651292835  -10.392111557   -4.541547754
    2.379994435    2.094395102   61.157582140  -26.345292613   -6.219878935
    2.570393989    2.094395102   54.681436452  -41.263892418   -8.487537547
    2.760793544    2.094395102   45.694919162  -52.229138395  -11.056961625
    2.951193099    2.094395102   35.230303925  -56.371199231  -13.426018691

   -3.141592654    2.443460953   19.836564277  -54.673301999   -9.678416702
   -2.951193099    2.443460953   10.620519149  -41.107474554   -9.545987876
   -2.760793544    2.443460953    4.440922353  -23.604931982   -8.347777698
   -2.570393989    2.443460953    1.541919570   -7.521734459   -6.129715866
   -2.379994435    2.443460953    1.203542479    2.773729041   -3.057060548
   -2.189594880    2.443460953    2.128981559    5.800100474    0.663759547
   -1.999195325    2.443460953    3.068734079    3.498364731    4.791321717
   -1.808795770    2.443460953    3.394293658    0.152383230    8.991935619
   -1.618396215    2.443460953    3.348641698    0.235166221   12.808457615
   -1.427996661    2.443460953    3.868819906    6.273881044   15.732332551
   -1.237597106    2.443460953    6.084984447   17.685762415   17.374325596
   -1.047197551    2.443460953   10.747338266   31.270773736   17.618586212
   -0.856797996    2.443460953   17.867245271   42.731563227   16.660793227
   -0.666398442    2.443460953   26.677556924   48.571181894   14.902353686
   -0.475998887    2.443460953   35.912204379   47.090473535   12.774869262
   -0.285599332    2.443460953   44.180536206   38.628213428   10.583590156
   -0.095199777    2.443460953   50.318695998   25.187253219    8.427900526
    0.095199777    2.443460953   53.662257499    9.862338760    6.215414923
    0.285599332    2.443460953   54.199606545   -3.653215161    3.766256172
    0.475998887    2.443460953   52.617680502  -11.921675762    0.981545331
    0.666398442    2.443460953   50.146162185  -12.837452518   -2.012818158
    0.856797996    2.443460953   48.206701087   -6.599855225   -4.823886554
    1.047197551    2.443460953   47.935120476    4.096829335   -6.943478096
    1.237597106    2.443460953   49.792246655   15.001101183   -7.987707538
    1.427996661    2.443460953   53.408570273   22.046188435   -7.899377989
    1.618396215    2.443460953   57.777528236   22.662815890   -6.983464355
    1.808795770    2.443460953   61.599218213   16.376362295   -5.773876809
    1.999195325    2.443460953   63.644625430    4.284241984   -4.816972734
    2.189594880    2.443460953   62.983795604  -11.673032760   -4.496987966
    2.379994435    2.443460953   59.101234279  -29.125931048   -4.954617626
    2.570393989    2.443460953   51.976426829  -45.204617940   -6.075262159
    2.760793544    2.443460953   42.183563422  -56.605563768   -7.539275753
    2.951193099    2.443460953   30.918129509  -60.247141645   -8.893542182

   -3.141592654    2.792526803   17.541773270  -55.215156268    1.104089937
   -2.951193099    2.792526803    8.350662730  -40.260217106    2.368035003
   -2.760793544    2.792526803    2.482123667  -21.182408053    3.925573665
   -2.570393989    2.792526803    0.191536367   -3.582663587    5.769010737
   -2.379994435    2.792526803    0.731511311    8.015340210    7.950825704
   -2.189594880    2.792526803    2.755163283   12.034497930   10.564116570
   -1.999195325    2.792526803    4.943279068   10.289435278   13.636157063
   -1.808795770    2.792526803    6.566255817    6.865605928   16.988779068
   -1.618396215    2.792526803    7.727922968    6.059619326   20.178280298
   -1.427996661    2.792526803    9.207147479   10.404797054   22.592584740
   -1.237597106    2.792526803   12.002942254   19.591393013   23.682862541
   -1.047197551    2.792526803   16.806298623   30.873169171   23.194722118
   -0.856797996    2.792526803   23.656822584   40.386270333   21.255897976
   -0.666398442    2.792526803   31.881617054   44.868468302   18.286377085
   -0.475998887    2.792526803   40.329591831   42.609411088   14.782419725
   -0.285599332    2.792526803   47.702524270   33.743946021   11.118819719
   -0.095199777    2.792526803   52.881587135   19.993530060    7.444935311
    0.095199777    2.792526803   55.199688804    4.261404723    3.713414868
    0.285599332    2.792526803   54.625854750   -9.714194860   -0.171471363
    0.475998887    2.792526803   51.863417531  -18.179530871   -4.161167435
    0.666398442    2.792526803   48.233844287  -18.578803702   -7.934559969
    0.856797996    2.792526803   45.325903738  -10.856769273  -10.938463896
    1.047197551    2.792526803   44.451834361    2.127619241  -12.616695456
    1.237597106    2.792526803   46.173044290   15.523112217  -12.694745015
    1.427996661    2.792526803   50.087674716   24.523477211  -11.333565309
    1.618396215    2.792526803   55.033691668   26.057953394   -9.069671835
    1.808795770    2.792526803   59.499180964   19.578815764   -6.574729380
    1.999195325    2.792526803   62.067255090    6.475687935   -4.392039781
    2.189594880    2.792526803   61.694741152  -10.858144181   -2.789686041
    2.379994435    2.792526803   57.838136190  -29.627410170   -1.757094914
    2.570393989    2.792526803   50.520998005  -46.641284933   -1.094145445
    2.760793544    2.792526803   40.410223932  -58.396063062   -0.536977905
    2.951193099    2.792526803   28.823339660  -61.726944736    0.149044276
