#! FIELDS phi psi file.free der_phi der_psi
#! SET min_phi -pi
#! SET max_phi pi
#! SET nbins_phi  33
#! SET periodic_phi true
#! SET min_psi -pi
#! SET max_psi pi
#! SET nbins_psi  18
#! SET periodic_psi true
   -3.141592654   -3.141592654   20.150288274  -53.779646115   14.090923589
   -2.951193099   -3.141592654   11.352857903  -37.671764120   16.601163384
   -2.760793544   -3.141592654    6.041588989  -18.036235489   18.450381336
   -2.570393989   -3.141592654    4.362776518   -0.365086484   19.674103033
   -2.379994435   -3.141592654    5.514641490   11.248856833   20.574827918
   -2.189594880   -3.141592654    8.177828814   15.578534066   21.590397267
   -1.999195325   -3.141592654   11.095531256   14.434147409   23.064857745
   -1.808795770   -3.141592654   13.560571553   11.502960738   25.024201645
   -1.618396215   -3.141592654   15.605097276   10.554046071   27.093195251
   -1.427996661   -3.141592654   17.851923179   13.816761801   28.616625264
   -1.237597106   -3.141592654   21.126877942   21.108675991   28.934734150
   -1.047197551   -3.141592654   26.009529038   30.176418626   27.669016939
   -0.856797996   -3.141592654   32.530728430   37.699841242   24.848955693
   -0.666398442   -3.141592654   40.092742624   40.681777081   20.859075065
   -0.475998887   -3.141592654   47.634976134   37.321488609   16.223590371
   -0.285599332   -3.141592654   53.902296956   27.390807400   11.395659463
   -0.095199777   -3.141592654   57.747185186   12.263432766    6.618223155
    0.095199777   -3.141592654   58.433739928   -5.186026498    1.928288874
    0.285599332   -3.141592654   55.901556663  -20.759954096   -2.696976646
    0.475998887   -3.141592654   50.952227533  -29.870044940   -7.141653869
    0.666398442   -3.141592654   45.171560137  -29.126311719  -11.022976794
    0.856797996   -3.141592654   40.533190520  -18.129678543  -13.767921571
    1.047197551   -3.141592654   38.726036148   -0.198659921  -14.868601095
    1.237597106   -3.141592654   40.525660675   18.642478596  -14.172935415
    1.427996661   -3.141592654   45.487855926   32.142564984  -11.987804297
    1.618396215   -3.141592654   52.154273249   36.101961753   -8.950665075
    1.808795770   -3.141592654   58.565630546   29.571073815   -5.724650887
    1.999195325   -3.141592654   62.859772035   14.339406218   -2.730042840
    2.189594880   -3.141592654   63.687254276   -6.195553588   -0.048428300
    2.379994435   -3.141592654   60.415613720  -28.026973144    2.497885055
    2.570393989   -3.141592654   53.195395322  -46.987299912    5.157881068
    2.760793544   -3.141592654   42.955343436  -59.162728111    8.062923476
    2.951193099   -3.141592654   31.288485101  -61.661069837   11.132162420

   -3.141592654   -2.792526803   26.551337317  -48.306249859   20.605879395
   -2.951193099   -2.792526803   18.647685959  -33.838098690   23.382872217
   -2.760793544   -2.792526803   13.896345909  -15.965407254   25.062462249
   -2.570393989   -2.792526803   12.477528794    0.416367724   25.747131628
   -2.379994435   -2.792526803   13.724345594   11.628506904   25.852734804
   -2.189594880   -2.792526803   16.496288188   16.472518341   25.923389691
   -1.999195325   -2.792526803   19.678082493   16.343367145   26.378770558
   -1.808795770   -2.792526803   22.592861312   14.219986207   27.292069114
   -1.618396215   -2.792526803   25.164665160   13.184751767   28.319236576
   -1.427996661   -2.792526803   27.806320019   15.129218977   28.827851826
   -1.237597106   -2.792526803   31.117478056   20.050549104   28.174318624
   -1.047197551   -2.792526803   35.530039048   26.288779751   25.999916242
   -0.856797996   -2.792526803   41.055383246   31.238076420   22.367381264
   -0.666398442   -2.792526803   47.198928517   32.404499929   17.709995130
   -0.475998887   -2.792526803   53.064485723   28.139228428   12.599109634
   -0.285599332   -2.792526803   57.556182573   18.023925600    7.512642745
   -0.095199777   -2.792526803   59.632004143    3.091729172    2.689830718
    0.095199777   -2.792526803   58.602510027  -14.016822992   -1.851453700
    0.285599332   -2.792526803   54.434605641  -29.057086605   -6.150771058
    0.475998887   -2.792526803   47.993100145  -37.118520577  -10.106093264
    0.666398442   -2.792526803   40.996981093  -34.474455655  -13.357862583
    0.856797996   -2.792526803   35.591849720  -20.695771818  -15.385659903
    1.047197551   -2.792526803   33.599747635    0.445933331  -15.757465491
    1.237597106   -2.792526803   35.806482998   22.167541757  -14.400763901
    1.427996661   -2.792526803   41.637722233   37.551066349  -11.673700006
    1.618396215   -2.792526803   49.417482067   42.206227720   -8.213963694
    1.808795770   -2.792526803   56.984286176   35.511127610   -4.625016606
    1.999195325   -2.792526803   62.368875394   19.860942592   -1.224017276
    2.189594880   -2.792526803   64.227320531   -0.815576450    2.014984681
    2.379994435   -2.792526803   62.004384612  -22.320835793    5.336132714
    2.570393989   -2.792526803   55.926179097  -40.689875560    8.970300360
    2.760793544   -2.792526803   46.931533446  -52.453253182   12.935684868
    2.951193099   -2.792526803   36.535310742  -55.163756227   16.968268456

   -3.141592654   -2.443460953   33.806070583  -42.751060659   19.769748286
   -2.951193099   -2.443460953   26.782897369  -30.220818650   22.100816887
   -2.760793544   -2.443460953   22.524852734  -14.369713327   23.383774814
   -2.570393989   -2.443460953   21.253786299    0.497750562   23.729210473
   -2.379994435   -2.443460953   22.439911540   11.067394505   23.482595147
   -2.189594880   -2.443460953   25.114189287   16.128420202   23.061907333
   -1.999195325   -2.443460953   28.291421466   16.663324367   22.770627866
   -1.808795770   -2.443460953   31.319255889   14.995899952   22.647568279
   -1.618396215   -2.443460953   34.020467463   13.595927578   22.432843253
   -1.427996661   -2.443460953   36.618510185   14.083203664   21.678436398
   -1.237597106   -2.443460953   39.518575005   16.690115523   19.962164881
   -1.047197551   -2.443460953   43.047008489   20.399182310   17.113824550
   -0.856797996   -2.443460953   47.246032192   23.355328842   13.303415648
   -0.666398442   -2.443460953   51.777015320   23.545689965    8.976573693
   -0.475998887   -2.443460953   55.948009738   19.360592229    4.636220153
   -0.285599332   -2.443460953   58.833446777   10.010906160    0.638974149
   -0.095199777   -2.443460953   59.472549961   -3.990857318   -2.911781600
    0.095199777   -2.443460953   57.169530797  -20.346227876   -6.123373629
    0.285599332   -2.443460953   51.853758107  -34.785719052   -9.137341184
    0.475998887   -2.443460953   44.390804371  -42.033939283  -11.936890205
    0.666398442   -2.443460953   36.582817463  -37.946929115  -14.237466693
    0.856797996   -2.443460953   30.714885904  -21.956740009  -15.574767485
    1.047197551   -2.443460953   28.731851088    1.832387374  -15.530680659
    1.237597106   -2.443460953   31.441560652   25.980934262  -13.990960327
    1.427996661   -2.443460953   38.167230948   42.964930523  -11.233786078
    1.618396215   -2.443460953   47.049472180   48.213241892   -7.809888012
    1.808795770   -2.443460953   55.756623704   41.408856994   -4.261798887
    1.999195325   -2.443460953   62.238328764   25.505388559   -0.882146037
    2.189594880   -2.443460953   65.171667713    4.904606979    2.343349147
    2.379994435   -2.443460953   64.081910620  -16.080246435    5.624140279
    2.570393989   -2.443460953   59.258566774  -33.764273339    9.143595137
    2.760793544   -2.443460953   51.626167625  -45.172037804   12.881116035
    2.951193099   -2.443460953   42.592095667  -48.295387391   16.564684414

   -3.141592654   -2.094395102   39.636510009  -38.434356928   13.660052194
   -2.951193099   -2.094395102   33.300094530  -27.379032715   14.980013893
   -2.760793544   -2.094395102   29.434941530  -13.071084736   15.605131295
   -2.570393989   -2.094395102   28.284305667    0.532746836   15.649537926
   -2.379994435   -2.094395102   29.392461028   10.293570847   15.305039299
   -2.189594880   -2.094395102   31.876577963   14.959515614   14.733273226
   -1.999195325   -2.094395102   34.809773903   15.270504688   13.997310692
   -1.808795770   -2.094395102   37.540471185   13.212853104   13.040178461
   -1.618396215   -2.094395102   39.831197682   10.983007114   11.717078278
   -1.427996661   -2.094395102   41.812981821   10.155897643    9.870671591
   -1.237597106   -2.094395102   43.818602030   11.230378948    7.423992027
   -1.047197551   -2.094395102   46.177694118   13.669870919    4.467259202
   -0.856797996   -2.094395102   49.028418144   16.083501115    1.258432582
   -0.666398442   -2.094395102   52.194520797   16.632337488   -1.850423563
   -0.475998887   -2.094395102   55.141375996   13.501110746   -4.568594013
   -0.285599332   -2.094395102   57.031678036    5.414898000   -6.787402087
   -0.095199777   -2.094395102   56.895067160   -7.618043110   -8.611622327
    0.095199777   -2.094395102   53.951089953  -23.534140636  -10.284388468
    0.285599332   -2.094395102   48.036824838  -37.912455338  -12.014238660
    0.475998887   -2.094395102   39.986370484  -45.007537339  -13.811610625
    0.666398442   -2.094395102   31.670776600  -40.166797103  -15.404588366
    0.856797996   -2.094395102   25.518200911  -22.584280673  -16.322932346
    1.047197551   -2.094395102   23.619311889    3.404255600  -16.108232480
    1.237597106   -2.094395102   26.843383990   29.759952921  -14.564759005
    1.427996661   -2.094395102   34.452879562   48.322532697  -11.875537040
    1.618396215   -2.094395102   44.432881358   54.223823968   -8.523519211
    1.808795770   -2.094395102   54.283949490   47.318839094   -5.047379864
    1.999195325   -2.094395102   61.855127697   31.026837259   -1.797521625
    2.189594880   -2.094395102   65.814222409   10.207365175    1.144767599
    2.379994435   -2.094395102   65.741203203  -10.655908018    3.898650386
    2.570393989   -2.094395102   61.978568542  -28.050669250    6.598753958
    2.760793544   -2.094395102   55.449364716  -39.366724631    9.248393314
    2.951193099   -2.094395102   47.489626921  -42.924094905   11.683539165

   -3.141592654   -1.745329252   42.739182772  -36.541501538    7.427630699
   -2.951193099   -1.745329252   36.683384477  -26.340172699    7.796611883
   -2.760793544   -1.745329252   32.937612986  -12.844051814    7.689141670
   -2.570393989   -1.745329252   31.763689002    0.083682717    7.182066602
   -2.379994435   -1.745329252   32.729741452    9.256297262    6.340028680
   -2.189594880   -1.745329252   34.957989767   13.289844333    5.158686685
   -1.999195325   -1.745329252   37.499596477   12.790534192    3.583783033
   -1.808795770   -1.745329252   39.663364478    9.706544757    1.576459139
   -1.618396215   -1.745329252   41.178339901    6.341595157   -0.821297504
   -1.427996661   -1.745329252   42.176931230    4.519472529   -3.460363841
   -1.237597106   -1.745329252   43.048521806    5.065402734   -6.109523942
   -1.047197551   -1.745329252   44.240433849    7.716284265   -8.497357103
   -0.856797996   -1.745329252   46.042202684   11.152580286  -10.383132412
   -0.666398442   -1.745329252   48.415756310   13.303864959  -11.617009112
   -0.475998887   -1.745329252   50.893766441   11.876251014  -12.208056139
   -0.285599332   -1.745329252   52.605631111    5.057542561  -12.341657465
   -0.095199777   -1.745329252   52.459430856   -7.506546683  -12.328285857
    0.095199777   -1.745329252   49.515400279  -23.757401529  -12.504526730
    0.285599332   -1.745329252   43.486837317  -38.916980787  -13.083531252
    0.475998887   -1.745329252   35.176904644  -46.645823320  -14.039139527
    0.666398442   -1.745329252   26.542402910  -41.722984832  -15.064487792
    0.856797996   -1.745329252   20.180067036  -23.067921904  -15.667033678
    1.047197551   -1.745329252   18.358352188    4.788373121  -15.365867984
    1.237597106   -1.745329252   22.045862929   33.215634142  -13.923479853
    1.427996661   -1.745329252   30.477798869   53.370160198  -11.464518504
    1.618396215   -1.745329252   41.501861978   59.970144507   -8.415970025
    1.808795770   -1.745329252   52.443767868   52.908180500   -5.293087683
    1.999195325   -1.745329252   61.022420000   35.968759688   -2.467094709
    2.189594880   -1.745329252   65.854919034   14.457382154   -0.071812134
    2.379994435   -1.745329252   66.541039842   -6.895969227    1.957784373
    2.570393989   -1.745329252   63.463616323  -24.599467684    3.734081653
    2.760793544   -1.745329252   57.563680019  -36.230831863    5.294790794
    2.951193099   -1.745329252   50.156976679  -40.291076723    6.565629935

   -3.141592654   -1.396263402   42.754791170  -37.306627463    3.807714272
   -2.951193099   -1.396263402   36.529207563  -27.340892082    3.379053954
   -2.760793544   -1.396263402   32.580649033  -13.970867241    2.569435304
   -2.570393989   -1.396263402   31.177938816   -1.219816254    1.489614519
   -2.379994435   -1.396263402   31.858662303    7.502294262    0.171529301
   -2.189594880   -1.396263402   33.678611210   10.689316233   -1.484214286
   -1.999195325   -1.396263402   35.618276335    9.039192055   -3.638042717
   -1.808795770   -1.396263402   36.956549197    4.826830041   -6.361933501
   -1.618396215   -1.396263402   37.468075805    0.794521025   -9.513348974
   -1.427996661   -1.396263402   37.410389665   -0.873654110  -12.717639968
   -1.237597106   -1.396263402   37.344476768    0.763587421  -15.481189566
   -1.047197551   -1.396263402   37.883945394    5.262146501  -17.355556483
   -0.856797996   -1.396263402   39.424648205   10.881025892  -18.093066013
   -0.666398442   -1.396263402   41.943568009   15.029189654  -17.710673371
   -0.475998887   -1.396263402   44.891959610   14.947813232  -16.481064985
   -0.285599332   -1.396263402   47.244749466    8.553672062  -14.847431900
   -0.095199777   -1.396263402   47.727831151   -4.541848093  -13.286430519
    0.095199777   -1.396263402   45.237753196  -22.042078842  -12.184951015
    0.285599332   -1.396263402   39.391435726  -38.716369268  -11.718089070
    0.475998887   -1.396263402   30.995067756  -47.655317524  -11.796954297
    0.666398442   -1.396263402   22.115489115  -43.124975508  -12.091117398
    0.856797996   -1.396263402   15.533937237  -23.802615210  -12.151106171
    1.047197551   -1.396263402   13.709773328    5.595161398  -11.584285479
    1.237597106   -1.396263402   17.728233623   35.867957265  -10.223956116
    1.427996661   -1.396263402   26.816155388   57.486472199   -8.194034041
    1.618396215   -1.396263402   38.699264775   64.708050518   -5.835289076
    1.808795770   -1.396263402   50.530916533   57.380875241   -3.529304210
    1.999195325   -1.396263402   59.885600412   39.574695131   -1.527623141
    2.189594880   -1.396263402   65.304183021   17.003042647    0.098421688
    2.379994435   -1.396263402   66.379969855   -5.322982120    1.410955632
    2.570393989   -1.396263402   63.524200402  -23.814798336    2.479408243
    2.760793544   -1.396263402   57.711242458  -36.080891584    3.297297288
    2.951193099   -1.396263402   50.281651760  -40.658511355    3.771746516

   -3.141592654   -1.047197551   41.193127196  -40.215779989    3.025797396
   -2.951193099   -1.047197551   34.399190483  -30.330160056    2.093407505
   -2.760793544   -1.047197551   29.906836071  -16.646183554    0.653477060
   -2.570393989   -1.047197551   28.037362508   -3.461591083   -1.164173704
   -2.379994435   -1.047197551   28.311721826    5.394958454   -3.289524871
   -2.189594880   -1.047197551   29.698022585    8.139757809   -5.775093156
   -1.999195325   -1.047197551   31.068742107    5.562441492   -8.720959903
   -1.808795770   -1.047197551   31.650986642    0.413106734  -12.106739005
   -1.618396215   -1.047197551   31.276516268   -3.949430364  -15.655156068
   -1.427996661   -1.047197551   30.364589237   -4.917089529  -18.838575313
   -1.237597106   -1.047197551   29.679601382   -1.545558708  -21.053437129
   -1.047197551   -1.047197551   29.998722333    5.309660311  -21.856425425
   -0.856797996   -1.047197551   31.776709778   13.273188023  -21.145155457
   -0.666398442   -1.047197551   34.929226869   19.149954690  -19.188191219
   -0.475998887   -1.047197551   38.750585227   19.804969999  -16.516108663
   -0.285599332   -1.047197551   42.014290166   13.095052739  -13.736151397
   -0.095199777   -1.047197551   43.262043024   -1.166522736  -11.331698820
    0.095199777   -1.047197551   41.265580722  -20.265385206   -9.543686487
    0.285599332   -1.047197551   35.607713748  -38.458920959   -8.334276816
    0.475998887   -1.047197551   27.157180679  -48.357806013   -7.460160562
    0.666398442   -1.047197551   18.120868547  -43.918360809   -6.609356106
    0.856797996   -1.047197551   11.452602708  -23.801292376   -5.552123156
    1.047197551   -1.047197551    9.755340201    6.968986147   -4.232270370
    1.237597106   -1.047197551   14.175231494   38.662626244   -2.768040404
    1.427996661   -1.047197551   23.896540078   61.225749427   -1.369665483
    1.618396215   -1.047197551   36.523101366   68.637842852   -0.220832262
    1.808795770   -1.047197551   49.063471637   60.792396921    0.613479153
    1.999195325   -1.047197551   58.980613004   42.019153450    1.205685613
    2.189594880   -1.047197551   64.759407951   18.337776356    1.700085100
    2.379994435   -1.047197551   65.986185643   -5.059993947    2.219247738
    2.570393989   -1.047197551   63.085460361  -24.536040533    2.771278626
    2.760793544   -1.047197551   57.047599070  -37.709965792    3.230268910
    2.951193099   -1.047197551   49.230640418  -43.061769299    3.378435471

   -3.141592654   -0.698131701   41.025949567  -42.667497308    1.197944385
   -2.951193099   -0.698131701   33.681790462  -33.606241886   -0.395080485
   -2.760793544   -0.698131701   28.512618304  -20.417463804   -2.491062711
   -2.570393989   -0.698131701   25.901369131   -7.451817605   -4.918640831
   -2.379994435   -0.698131701   25.398617040    1.201146386   -7.575704501
   -2.189594880   -0.698131701   25.950744883    3.528787684  -10.483790943
   -1.999195325   -0.698131701   26.388897119    0.376825201  -13.688401682
   -1.808795770   -0.698131701   25.944775816   -5.092965234  -17.070604043
   -1.618396215   -0.698131701   24.551095070   -8.974481087  -20.224584245
   -1.427996661   -0.698131701   22.817241091   -8.334585547  -22.520779215
   -1.237597106   -0.698131701   21.714921914   -2.390355091  -23.356049568
   -1.047197551   -0.698131701   22.151823035    7.383369219  -22.440811597
   -0.856797996   -0.698131701   24.572024748   17.807920207  -19.954781510
   -0.666398442   -0.698131701   28.739193668   25.060565928  -16.487198389
   -0.475998887   -0.698131701   33.713339184   25.785573972  -12.797694191
   -0.285599332   -0.698131701   38.034678713   18.081114657   -9.536556657
   -0.095199777   -0.698131701   40.090905106    2.302946191   -7.021614617
    0.095199777   -0.698131701   38.615183845  -18.200810299   -5.181569135
    0.285599332   -0.698131701   33.261417803  -37.207451115   -3.657561804
    0.475998887   -0.698131701   25.032309607  -47.167865518   -2.029931652
    0.666398442   -0.698131701   16.265100386  -42.228737083   -0.066255342
    0.856797996   -0.698131701    9.982665072  -21.468356980    2.134447643
    1.047197551   -0.698131701    8.772450765    9.663931155    4.188810592
    1.237597106   -0.698131701   13.700946491   41.211044361    5.641685347
    1.427996661   -0.698131701   23.856414246   63.172957092    6.209217379
    1.618396215   -0.698131701   36.779645617   69.798951875    5.917683390
    1.808795770   -0.698131701   49.473803178   61.286503823    5.071627266
    1.999195325   -0.698131701   59.444635695   42.142027959    4.088525532
    2.189594880   -0.698131701   65.234525279   18.366298220    3.313725144
    2.379994435   -0.698131701   66.466800564   -5.038743316    2.894791859
    2.570393989   -0.698131701   63.558680154  -24.678809728    2.747220892
    2.760793544   -0.698131701   57.452132602  -38.354795293    2.615542410
    2.951193099   -0.698131701   49.437141220  -44.537461632    2.178263211

   -3.141592654   -0.349065850   41.001050292  -45.612600040    0.159192913
   -2.951193099   -0.349065850   32.996625670  -37.533078294   -1.734948073
   -2.760793544   -0.349065850   27.015050279  -24.945766379   -4.110821927
   -2.570393989   -0.349065850   23.514131686  -12.221369497   -6.789298452
   -2.379994435   -0.349065850   22.091800394   -3.690183476   -9.642542200
   -2.189594880   -0.349065850   21.695517249   -1.556412890  -12.630306275
   -1.999195325   -0.349065850   21.147744832   -4.856273508  -15.697627808
   -1.808795770   -0.349065850   19.728193226   -9.976701232  -18.607722625
   -1.618396215   -0.349065850   17.513609981  -12.518687380  -20.866731903
   -1.427996661   -0.349065850   15.323514726   -9.413321066  -21.846904020
   -1.237597106   -0.349065850   14.310916265   -0.321441074  -21.078181073
   -1.047197551   -0.349065850   15.433856349   12.408723818  -18.530739978
   -0.856797996   -0.349065850   19.011877431   24.705576099  -14.693602802
   -0.666398442   -0.349065850   24.548012039   32.276282879  -10.404935895
   -0.475998887   -0.349065850   30.810229039   31.899277008   -6.502743843
   -0.285599332   -0.349065850   36.124404455   22.336235337   -3.503210126
   -0.095199777   -0.349065850   38.816670986    4.816033735   -1.420571284
    0.095199777   -0.349065850   37.717031835  -16.584507743    0.182556765
    0.285599332   -0.349065850   32.676072081  -35.359777310    1.941342518
    0.475998887   -0.349065850   24.892167920  -44.259661477    4.333875287
    0.666398442   -0.349065850   16.794236160  -38.178347252    7.377111674
    0.856797996   -0.349065850   11.340293990  -17.009775043   10.553305004
    1.047197551   -0.349065850   10.926221520   13.353629302   13.036873086
    1.237597106   -0.349065850   16.400654582   43.125241072   14.111109819
    1.427996661   -0.349065850   26.718208320   62.969327304   13.524870143
    1.618396215   -0.349065850   39.430037840   67.909889538   11.595285071
    1.808795770   -0.349065850   51.674427031   58.619539594    9.019134119
    1.999195325   -0.349065850   61.138481918   39.620934455    6.530030008
    2.189594880   -0.349065850   66.510460571   16.550424973    4.623425316
    2.379994435   -0.349065850   67.471749099   -6.105173911    3.430386250
    2.570393989   -0.349065850   64.402802273  -25.393714317    2.759165064
    2.760793544   -0.349065850   58.144413441  -39.348994588    2.235902118
    2.951193099   -0.349065850   49.866914077  -46.373352509    1.459452721

   -3.141592654    0.000000000   41.296514449  -48.149806012   -1.009019045
   -2.951193099    0.000000000   32.702032067  -41.155614554   -2.738662766
   -2.760793544    0.000000000   25.942476091  -29.438359380   -4.802102612
   -2.570393989    0.000000000   21.525979898  -17.296949899   -7.081613202
   -2.379994435    0.000000000   19.100631244   -9.115050359   -9.496050934
   -2.189594880    0.000000000   17.656618898   -7.084582247  -11.995034465
   -1.999195325    0.000000000   16.081252479  -10.011996311  -14.453686115
   -1.808795770    0.000000000   13.780739386  -13.901900998  -16.548900629
   -1.618396215    0.000000000   11.022498130  -14.121678517  -17.755002135
   -1.427996661    0.000000000    8.821442042   -7.830055640  -17.524911445
   -1.237597106    0.000000000    8.430248128    4.554793687  -15.584857455
   -1.047197551    0.000000000   10.732230380   19.694122710  -12.157312091
   -0.856797996    0.000000000   15.801581306   32.781142269   -7.932212432
   -0.666398442    0.000000000   22.811651947   39.427369213   -3.803723711
   -0.475998887    0.000000000   30.249899742   36.983042996   -0.481445431
   -0.285599332    0.000000000   36.315428019   25.204190871    1.792018537
   -0.095199777    0.000000000   39.403119810    6.305344657    3.319064447
    0.095199777    0.000000000   38.566580143  -15.063158492    4.784421159
    0.285599332    0.000000000   33.927501140  -32.490351938    6.904255483
    0.475998887    0.000000000   26.869762333  -39.513210874   10.032083944
    0.666398442    0.000000000   19.814910247  -32.183058814   13.887512834
    0.856797996    0.000000000   15.502239732  -11.341446057   17.591660683
    1.047197551    0.000000000   15.992334357   16.907129748   20.041600927
    1.237597106    0.000000000   21.845090680   43.446740290   20.440187529
    1.427996661    0.000000000   31.911469520   60.122386724   18.675028989
    1.618396215    0.000000000   43.861986759   63.014105443   15.339851090
    1.808795770    0.000000000   55.102464630   53.229766960   11.412421190
    1.999195325    0.000000000   63.601685004   35.052392171    7.802994107
    2.189594880    0.000000000   68.239019444   13.449160397    5.053328275
    2.379994435    0.000000000   68.749036841   -7.807627423    3.246846266
    2.570393989    0.000000000   65.445639960  -26.274776824    2.123642089
    2.760793544    0.000000000   59.035974242  -40.195106319    1.274299931
    2.951193099    0.000000000   50.544375928  -47.868299265    0.310248668

   -3.141592654    0.349065850   41.927448454  -49.800199834   -1.294302743
   -2.951193099    0.349065850   32.934455492  -43.665539693   -2.339316257
   -2.760793544    0.349065850   25.622838533  -32.685752555   -3.529755235
   -2.570393989    0.349065850   20.533451414  -21.078292460   -4.863308843
   -2.379994435    0.349065850   17.353929570  -13.218086786   -6.351795583
   -2.189594880    0.349065850   15.118867862  -11.231331615   -7.975215804
   -1.999195325    0.349065850   12.786822321  -13.705641938   -9.595492910
   -1.808795770    0.349065850    9.886500073  -16.360002482  -10.892862874
   -1.618396215    0.349065850    6.848455491  -14.468008455  -11.416961180
   -1.427996661    0.349065850    4.830927485   -5.516584091  -10.771882089
   -1.237597106    0.349065850    5.126163870    9.344559174   -8.847620764
   -1.047197551    0.349065850    8.501970679   25.963673296   -5.948930240
   -0.856797996    0.349065850   14.792267553   39.086027666   -2.693736276
   -0.666398442    0.349065850   22.901367565   44.502886668    0.252937611
   -0.475998887    0.349065850   31.138225746   40.282909760    2.495611341
   -0.285599332    0.349065850   37.687042426   27.116344460    4.080908677
   -0.095199777    0.349065850   41.093330447    7.966546411    5.469418023
    0.095199777    0.349065850   40.658764559  -12.291983631    7.325568085
    0.285599332    0.349065850   36.731977963  -27.701804072   10.178355445
    0.475998887    0.349065850   30.778316559  -32.834414601   14.088983004
    0.666398442    0.349065850   25.079393759  -24.938984891   18.476184117
    0.856797996    0.349065850   22.039026702   -5.593068970   22.249610947
    1.047197551    0.349065850   23.325830830   19.277643917   24.255777327
    1.237597106    0.349065850   29.233418826   41.637489674   23.812182468
    1.427996661    0.349065850   38.596449014   54.759850134   21.025919928
    1.618396215    0.349065850   49.315345285   55.775332985   16.716163746
    1.808795770    0.349065850   59.152697000   46.026461759   12.004800410
    1.999195325    0.349065850   66.402143641   29.301714467    7.835921723
    2.189594880    0.349065850   70.133923615    9.711379737    4.704670217
    2.379994435    0.349065850   70.111787841   -9.745860981    2.629915252
    2.570393989    0.349065850   66.558191735  -27.097477964    1.327091382
    2.760793544    0.349065850   60.033398711  -40.716378272    0.423670528
    2.951193099    0.349065850   51.415727917  -48.759688775   -0.390689954

   -3.141592654    0.698131701   42.295211542  -50.200523599   -2.110945666
   -2.951193099    0.698131701   33.199004590  -44.360693316   -2.236731250
   -2.760793544    0.698131701   25.713179025  -33.831562815   -2.264727264
   -2.570393989    0.698131701   20.354212040  -22.767456168   -2.349208208
   -2.379994435    0.698131701   16.803205569  -15.408347482   -2.632176146
   -2.189594880    0.698131701   14.120892377  -13.678779813   -3.162698936
   -1.999195325    0.698131701   11.334511498  -15.933653924   -3.847154666
   -1.808795770    0.698131701    8.080728443  -17.735970959   -4.453603812
   -1.618396215    0.698131701    4.909178957  -14.419332868   -4.689617385
   -1.427996661    0.698131701    3.058808868   -3.812741159   -4.331948276
   -1.237597106    0.698131701    3.817576513   12.410720959   -3.341672649
   -1.047197551    0.698131701    7.849949841   29.646036550   -1.899930835
   -0.856797996    0.698131701   14.831268612   42.525142903   -0.303005600
   -0.666398442    0.698131701   23.525302471   47.160585739    1.199500896
   -0.475998887    0.698131701   32.192973391   42.221075067    2.569148460
   -0.285599332    0.698131701   39.091384400   29.001061377    4.023003358
   -0.095199777    0.698131701   42.932031815   10.821001072    5.950696538
    0.095199777    0.698131701   43.208881788   -7.559071851    8.742528208
    0.285599332    0.698131701   40.390568468  -20.823808170   12.549584015
    0.475998887    0.698131701   35.899444853  -24.572102543   17.076061315
    0.666398442    0.698131701   31.772279345  -17.058735220   21.523282365
    0.856797996    0.698131701   30.021886506   -0.282490201   24.790300095
    1.047197551    0.698131701   31.932587197   20.332025918   25.905255519
    1.237597106    0.698131701   37.592591749   38.046120528   24.467415283
    1.427996661    0.698131701   45.905302972   47.601884890   20.838066900
    1.618396215    0.698131701   55.076137594   47.040396207   15.969353654
    1.808795770    0.698131701   63.263557982   37.723171757   10.968048919
    1.999195325    0.698131701   69.085997970   22.763721216    6.667000334
    2.189594880    0.698131701   71.780413856    5.353447077    3.434340253
    2.379994435    0.698131701   71.116781820  -12.213465634    1.221423818
    2.570393989    0.698131701   67.224908255  -28.290627549   -0.227496640
    2.760793544    0.698131701   60.544670681  -41.247979832   -1.171622465
    2.951193099    0.698131701   51.851250627  -49.081900069   -1.773449038

   -3.141592654    1.047197551   40.852041108  -50.347456043   -6.723068443
   -2.951193099    1.047197551   31.805773839  -43.717782936   -6.484603900
   -2.760793544    1.047197551   24.489682935  -32.760365561   -5.716014780
   -2.570393989    1.047197551   19.336373945  -21.754834100   -4.697776360
   -2.379994435    1.047197551   15.940785549  -14.831220309   -3.719795904
   -2.189594880    1.047197551   13.315962512  -13.643831911   -2.957889544
   -1.999195325    1.047197551   10.497604521  -16.253402476   -2.440202575
   -1.808795770    1.047197551    7.177468446  -18.048453938   -2.091016329
   -1.618396215    1.047197551    3.975655903  -14.380371331   -1.808515671
   -1.427996661    1.047197551    2.180857422   -3.263398768   -1.523395674
   -1.237597106    1.047197551    3.089054899   13.394274405   -1.206122467
   -1.047197551    1.047197551    7.333608085   30.851081087   -0.844519803
   -0.856797996    1.047197551   14.553064403   43.801104194   -0.385843205
   -0.666398442    1.047197551   23.502516109   48.604141494    0.291824211
   -0.475998887    1.047197551   32.488588432   44.210117503    1.394118234
   -0.285599332    1.047197551   39.860545618   32.081267410    3.166645439
   -0.095199777    1.047197551   44.433643892   15.499422758    5.806591395
    0.095199777    1.047197551   45.771186662   -1.108583228    9.365986928
    0.285599332    1.047197551   44.320528980  -13.040879758   13.632134508
    0.475998887    1.047197551   41.350237259  -16.636002407   18.056079398
    0.666398442    1.047197551   38.614595395  -10.691889600   21.800241615
    0.856797996    1.047197551   37.789328204    2.825994762   23.962098244
    1.047197551    1.047197551   39.897471613   19.238399833   23.916264512
    1.237597106    1.047197551   44.960198772   33.011702263   21.603761666
    1.427996661    1.047197551   52.040801824   39.983305430   17.575078213
    1.618396215    1.047197551   59.658590662   38.645643860   12.758502947
    1.808795770    1.047197551   66.299341584   30.065967981    8.060541014
    1.999195325    1.047197551   70.801962170   16.620563701    4.047413949
    2.189594880    1.047197551   72.477814294    0.758518247    0.865845742
    2.379994435    1.047197551   71.059081473  -15.618610708   -1.626777731
    2.570393989    1.047197551   66.601978781  -30.862977818   -3.626459694
    2.760793544    1.047197551   59.499383312  -43.107558376   -5.206274583
    2.951193099    1.047197551   50.525648840  -50.137783987   -6.281946094

   -3.141592654    1.396263402   36.334496382  -51.741348034  -11.062996463
   -2.951193099    1.396263402   27.217827872  -43.057669400  -10.665881591
   -2.760793544    1.396263402   20.204025219  -30.329774015   -9.435559377
   -2.570393989    1.396263402   15.628888775  -18.245501097   -7.731973683
   -2.379994435    1.396263402   12.941520794  -11.023597043   -5.913602028
   -2.189594880    1.396263402   11.018910327  -10.159296853   -4.194274086
   -1.999195325    1.396263402    8.801311771  -13.472929215   -2.647804242
   -1.808795770    1.396263402    5.927305464  -16.163402407   -1.303485787
   -1.618396215    1.396263402    2.993627474  -13.452442160   -0.224603279
   -1.427996661    1.396263402    1.289110702   -3.218987124    0.502910402
   -1.237597106    1.396263402    2.141816261   12.821291601    0.859679808
   -1.047197551    1.396263402    6.256200493   30.148613632    0.957885365
   -0.856797996    1.396263402   13.381852655   43.619694836    1.050449707
   -0.666398442    1.396263402   22.401705007   49.623205336    1.453961035
   -0.475998887    1.396263402   31.739237235   46.948157854    2.464941073
   -0.285599332    1.396263402   39.815548883   36.741124291    4.280545719
   -0.095199777    1.396263402   45.446727742   21.881020157    6.932363068
    0.095199777    1.396263402   48.114595927    6.335713594   10.255681709
    0.285599332    1.396263402   48.098404922   -5.628416388   13.855356881
    0.475998887    1.396263402   46.428510732  -10.627336623   17.127419466
    0.666398442    1.396263402   44.597009664   -7.393087225   19.368062198
    0.856797996    1.396263402   44.072938123    2.626886782   19.990712732
    1.047197551    1.396263402   45.808204021   15.618780223   18.752894566
    1.237597106    1.396263402   49.926662031   26.924413728   15.886786772
    1.427996661    1.396263402   55.726788274   32.867650576   12.012310410
    1.618396215    1.396263402   61.998949362   31.802015163    7.884586582
    1.808795770    1.396263402   67.423790919   24.186526435    4.082779130
    1.999195325    1.396263402   70.901890328   11.684164874    0.834680526
    2.189594880    1.396263402   71.691144285   -3.709322115   -1.944944681
    2.379994435    1.396263402   69.425983281  -20.094567202   -4.468181223
    2.570393989    1.396263402   64.103949699  -35.440796556   -6.840298925
    2.760793544    1.396263402   56.149308344  -47.363411670   -8.938201287
    2.951193099    1.396263402   46.454229178  -53.317717779  -10.448233985

   -3.141592654    1.745329252   30.794660299  -52.788930360  -15.938812421
   -2.951193099    1.745329252   21.698017406  -41.836896574  -16.035260489
   -2.760793544    1.745329252   15.095458454  -27.350951664  -14.856898593
   -2.570393989    1.745329252   11.191009237  -14.318414061  -12.663291155
   -2.379994435    1.745329252    9.282802425   -6.865757999   -9.814623420
   -2.189594880    1.745329252    8.135486115   -6.230768166   -6.623696972
   -1.999195325    1.745329252    6.621211015  -10.055616463   -3.340446921
   -1.808795770    1.745329252    4.329060873  -13.513579854   -0.219834423
   -1.618396215    1.745329252    1.807644913  -11.806876493    2.439098927
   -1.427996661    1.745329252    0.314010875   -2.635387768    4.356693255
   -1.237597106    1.745329252    1.197418324   12.632693407    5.413233470
   -1.047197551    1.745329252    5.252096875   29.828139702    5.733848303
   -0.856797996    1.745329252   12.368226946   43.955327263    5.666195284
   -0.666398442    1.745329252   21.570081768   51.277959859    5.639039248
   -0.475998887    1.745329252   31.376939565   50.244935022    6.016851520
   -0.285599332    1.745329252   40.231864203   41.565851306    6.992801249
   -0.095199777    1.745329252   46.889076020   27.711089962    8.534732587
    0.095199777    1.745329252   50.696154781   12.301912386   10.392399654
    0.285599332    1.745329252   51.743957228   -0.603946718   12.127149408
    0.475998887    1.745329252   50.856443059   -7.592063316   13.217759138
    0.666398442    1.745329252   49.353510479   -7.042591221   13.219421177
    0.856797996    1.745329252   48.628174974    0.212404448   11.954246484
    1.047197551    1.745329252   49.683690686   11.047705996    9.595082941
    1.237597106    1.745329252   52.810171164   21.265569360    6.617631559
    1.427996661    1.745329252   57.518969822   27.221909432    3.593830700
    1.618396215    1.745329252   62.776089773   26.847592373    0.957250657
    1.808795770    1.745329252   67.333025232   19.982496466   -1.168762447
    1.999195325    1.745329252   70.049086882    7.786799485   -2.975651519
    2.189594880    1.745329252   70.077405803   -7.888887407   -4.818052854
    2.379994435    1.745329252   66.960731443  -24.863192787   -7.000064616
    2.570393989    1.745329252   60.689408869  -40.548606819   -9.573828179
    2.760793544    1.745329252   51.788614329  -52.019178891  -12.269868230
    2.951193099    1.745329252   41.328714924  -56.533656633  -14.570521792

   -3.141592654    2.094395102   24.547949344  -54.811753372  -15.969982976
   -2.951193099    2.094395102   15.307440571  -41.309221613  -16.175598744
   -2.760793544    2.094395102    9.039679031  -24.434258880  -15.061566909
   -2.570393989    2.094395102    5.874810262   -9.582074175  -12.794621797
   -2.379994435    2.094395102    4.988805014   -0.974052059   -9.660195187
   -2.189594880    2.094395102    5.024679525    0.209356508   -5.931937836
   -1.999195325    2.094395102    4.743165301   -3.647357267   -1.863975234
   -1.808795770    2.094395102    3.618447936   -7.768386160    2.234844438
   -1.618396215    2.094395102    2.078641641   -7.333521360    5.958685531
   -1.427996661    2.094395102    1.284231961    0.210126595    8.877062661
   -1.237597106    2.094395102    2.559128699   13.953419243   10.702762001
   -1.047197551    2.094395102    6.762526323   30.181972360   11.417791329
   -0.856797996    2.094395102   13.915029201   44.095005383   11.280114763
   -0.666398442    2.094395102   23.175491817   51.823748501   10.696803291
   -0.475998887    2.094395102   33.149332273   51.461371731   10.061867919
   -0.285599332    2.094395102   42.291509267   43.306429063    9.625982404
   -0.095199777    2.094395102   49.294552014   29.499508198    9.424531836
    0.095199777    2.094395102   53.393413113   13.453668181    9.279016754
    0.285599332    2.094395102   54.544236610   -0.775434485    8.856282881
    0.475998887    2.094395102   53.461134624   -9.513258224    7.816985536
    0.666398442    2.094395102   51.426605095  -10.633692326    5.988196865
    0.856797996    2.094395102   49.903569142   -4.423552644    3.505978932
    1.047197551    2.094395102   50.052457662    6.337031211    0.783855439
    1.237597106    2.094395102   52.349998690   17.391885776   -1.651351096
    1.427996661    2.094395102   56.443082872   24.658456140   -3.405919563
    1.618396215    2.094395102   61.328893517   25.437666292   -4.390685148
    1.808795770    2.094395102   65.675479878   19.040623446   -4.853711481
    1.999195325    2.094395102   68.184241770    6.405929847   -5.255743205
    2.189594880    2.094395102   67.844941901  -10.460190794   -6.066352347
    2.379994435    2.094395102   64.098825763  -28.889744283   -7.575039753
    2.570393989    2.094395102   56.947497066  -45.645390636   -9.757665989
    2.760793544    2.094395102   47.046324976  -57.227560710  -12.268449302
    2.951193099    2.094395102   35.679346212  -60.653994045  -14.534040681

   -3.141592654    2.443460953   19.394742990  -56.932373486   -9.975693296
   -2.951193099    2.443460953    9.938757738  -41.408021625   -9.654611441
   -2.760793544    2.443460953    3.857883079  -22.388728666   -8.316953337
   -2.570393989    2.443460953    1.273459503   -5.582723138   -6.032711617
   -2.379994435    2.443460953    1.310453620    4.662231319   -2.958080521
   -2.189594880    2.443460953    2.546180882    7.106085654    0.741006332
   -1.999195325    2.443460953    3.659252470    4.001914549    4.872715211
   -1.808795770    2.443460953    4.006042969   -0.102858758    9.140303254
   -1.618396215    2.443460953    3.856601764   -0.548754792   13.100295421
   -1.427996661    2.443460953    4.204511907    5.316682798   16.234905156
   -1.237597106    2.443460953    6.256250842   16.981911064   18.128080180
   -1.047197551    2.443460953   10.844922445   31.256948058   18.624313903
   -0.856797996    2.443460953   18.055806864   43.730735512   17.871364678
   -0.666398442    2.443460953   27.160232595   50.639715487   16.225730441
   -0.475998887    2.443460953   36.870003491   49.921369945   14.089016218
   -0.285599332    2.443460953   45.700802342   41.570251527   11.762150130
   -0.095199777    2.443460953   52.344178001   27.406949037    9.358560844
    0.095199777    2.443460953   55.981413033   10.620839794    6.804293507
    0.285599332    2.443460953   56.491704252   -4.718005849    3.929365304
    0.475998887    2.443460953   54.544064605  -14.622550260    0.642349669
    0.666398442    2.443460953   51.458226352  -16.427744110   -2.909016671
    0.856797996    2.443460953   48.838959108   -9.949949012   -6.278713784
    1.047197551    2.443460953   48.047215689    2.153840358   -8.877604090
    1.237597106    2.443460953   49.736473859   15.254652227  -10.237287498
    1.427996661    2.443460953   53.623014280   24.569602416  -10.245512657
    1.618396215    2.443460953   58.635653822   26.703464190   -9.208190054
    1.808795770    2.443460953   63.266770674   20.575990284   -7.717783906
    1.999195325    2.443460953   66.006398284    7.145643606   -6.414281394
    2.189594880    2.443460953   65.671786456  -11.225069142   -5.770102484
    2.379994435    2.443460953   61.618454270  -31.327291031   -5.973688496
    2.570393989    2.443460953   53.870955528  -49.361827242   -6.905432331
    2.760793544    2.443460953   43.203307633  -61.391321761   -8.206880274
    2.951193099    2.443460953   31.081686300  -64.249699988   -9.386218601

   -3.141592654    2.792526803   17.160555018  -57.244740656    1.757064820
   -2.951193099    2.792526803    7.761418435  -40.463563921    3.106385346
   -2.760793544    2.792526803    1.996136924  -20.014330576    4.630155886
   -2.570393989    2.792526803    0.000000000   -1.796892621    6.339893613
   -2.379994435    2.792526803    0.882974143    9.733360375    8.343632446
   -2.189594880    2.792526803    3.190910048   13.253247725   10.808490074
   -1.999195325    2.792526803    5.550166577   10.866331044   13.828046316
   -1.808795770    2.792526803    7.226524093    6.875935834   17.261222755
   -1.618396215    2.792526803    8.352391603    5.718240635   20.663916952
   -1.427996661    2.792526803    9.756406764   10.012680843   23.388286468
   -1.237597106    2.792526803   12.500425869   19.489576425   24.823333252
   -1.047197551    2.792526803   17.339822991   31.390663040   24.640355795
   -0.856797996    2.792526803   24.366625524   41.732875187   22.895122467
   -0.666398442    2.792526803   32.926447834   47.007858574   19.957907744
   -0.475998887    2.792526803   41.832739792   45.191594745   16.310620663
   -0.285599332    2.792526803   49.690802257   36.127809218   12.354063443
   -0.095199777    2.792526803   55.243143580   21.395842388    8.286788922
    0.095199777    2.792526803   57.679905595    4.010492546    4.112756634
    0.285599332    2.792526803   56.874750072  -11.900577912   -0.228319188
    0.475998887    2.792526803   53.530093498  -22.014193457   -4.665241766
    0.666398442    2.792526803   49.078889980  -23.190238915   -8.854383104
    0.856797996    2.792526803   45.317990107  -14.983322198  -12.209019010
    1.047197551    2.792526803   43.807864708   -0.243538039  -14.131893737
    1.237597106    2.792526803   45.316737624   15.738547423  -14.315570739
    1.427996661    2.792526803   49.529127187   27.362559266  -12.911560261
    1.618396215    2.792526803   55.204674094   30.665346709  -10.477831156
    1.808795770    2.792526803   60.600485523   24.459331839   -7.729366411
    1.999195325    2.792526803   63.993087023   10.006725416   -5.258553137
    2.189594880    2.792526803   64.066770530   -9.826969732   -3.368936990
    2.379994435    2.792526803   60.140583959  -31.346308191   -2.061399693
    2.570393989    2.792526803   52.284989125  -50.390279905   -1.130640750
    2.760793544    2.792526803   41.372646996  -62.818388322   -0.310506053
    2.951193099    2.792526803   28.994695180  -65.413991375    0.617642346
