#! FIELDS phi psi file.free der_phi der_psi
#! SET min_phi -pi
#! SET max_phi pi
#! SET nbins_phi  33
#! SET periodic_phi true
#! SET min_psi -pi
#! SET max_psi pi
#! SET nbins_psi  18
#! SET periodic_psi true
   -3.141592654   -3.141592654   19.923366713  -54.341501678   13.931715071
   -2.951193099   -3.141592654   11.080855535  -37.589628908   16.398913311
   -2.760793544   -3.141592654    5.836890516  -17.451951815   18.216497046
   -2.570393989   -3.141592654    4.295865553    0.446093218   19.429781422
   -2.379994435   -3.141592654    5.600956306   12.006691018   20.345906413
   -2.189594880   -3.141592654    8.388414738   16.109324196   21.404392803
   -1.999195325   -3.141592654   11.382339943   14.710688431   22.947573766
   -1.808795770   -3.141592654   13.881852844   11.607781020   24.997115261
   -1.618396215   -3.141592654   15.939356186   10.604595139   27.170729337
   -1.427996661   -3.141592654   18.198098306   13.902335917   28.803565373
   -1.237597106   -3.141592654   21.496223760   21.266735269   29.224017007
   -1.047197551   -3.141592654   26.416619929   30.408727734   28.041822288
   -0.856797996   -3.141592654   32.988348435   37.992202834   25.276354414
   -0.666398442   -3.141592654   40.610077296   41.009874493   21.309193723
   -0.475998887   -3.141592654   48.215274425   37.645258949   16.669192346
   -0.285599332   -3.141592654   54.539660797   27.654640688   11.820319047
   -0.095199777   -3.141592654   58.424670620   12.412920679    7.016935599
    0.095199777   -3.141592654   59.126018299   -5.182055386    2.302921671
    0.285599332   -3.141592654   56.581365869  -20.890787443   -2.345289494
    0.475998887   -3.141592654   51.598441754  -30.082209391   -6.818560576
    0.666398442   -3.141592654   45.775922014  -29.341088951  -10.742181007
    0.856797996   -3.141592654   41.103322241  -18.261604835  -13.548900463
    1.047197551   -3.141592654   39.284849195   -0.174993956  -14.730499844
    1.237597106   -3.141592654   41.107380241   18.861094892  -14.127419520
    1.427996661   -3.141592654   46.128816296   32.536009384  -12.032329544
    1.618396215   -3.141592654   52.879492603   36.567702046   -9.065834804
    1.808795770   -3.141592654   59.372799512   29.931293827   -5.877866249
    1.999195325   -3.141592654   63.708549187   14.380927021   -2.886363000
    2.189594880   -3.141592654   64.499526869   -6.639796479   -0.182404551
    2.379994435   -3.141592654   61.092738575  -28.993920995    2.393411124
    2.570393989   -3.141592654   53.648677539  -48.332076331    5.071741129
    2.760793544   -3.141592654   43.140005012  -60.580498523    7.972627298
    2.951193099   -3.141592654   31.225368219  -62.788907199   11.014634223

   -3.141592654   -2.792526803   26.251188522  -48.997499241   20.447493817
   -2.951193099   -2.792526803   18.278769088  -33.868416940   23.158531932
   -2.760793544   -2.792526803   13.578003418  -15.438541778   24.785041163
   -2.570393989   -2.792526803   12.293231546    1.247269047   25.450744444
   -2.379994435   -2.792526803   13.704913141   12.487916291   25.581360823
   -2.189594880   -2.792526803   16.627343831   17.173729618   25.720372473
   -1.999195325   -2.792526803   19.922557770   16.835673676   26.277727684
   -1.808795770   -2.792526803   22.914968656   14.557585650   27.311931155
   -1.618396215   -2.792526803   25.543461326   13.457292142   28.462478279
   -1.427996661   -2.792526803   28.236309536   15.401704803   29.081124146
   -1.237597106   -2.792526803   31.601259701   20.341240695   28.510386224
   -1.047197551   -2.792526803   36.070559986   26.585758044   26.381770555
   -0.856797996   -2.792526803   41.651984213   31.524402830   22.753055773
   -0.666398442   -2.792526803   47.847948094   32.664497742   18.061148750
   -0.475998887   -2.792526803   53.759230178   28.354508363   12.888325623
   -0.285599332   -2.792526803   58.285735568   18.166984522    7.728116243
   -0.095199777   -2.792526803   60.379682228    3.134523241    2.833764865
    0.095199777   -2.792526803   59.347295562  -14.090681974   -1.768582150
    0.285599332   -2.792526803   55.154972501  -29.237074977   -6.118342485
    0.475998887   -2.792526803   48.672286298  -37.363926245  -10.119944993
    0.666398442   -2.792526803   41.627914409  -34.726653175  -13.423189456
    0.856797996   -2.792526803   36.179446669  -20.888315783  -15.516763895
    1.047197551   -2.792526803   34.161461325    0.377007061  -15.972038815
    1.237597106   -2.792526803   36.370900200   22.269786124  -14.709995951
    1.427996661   -2.792526803   42.238866278   37.830031208  -12.070310936
    1.618396215   -2.792526803   50.083886710   42.592853603   -8.665880353
    1.808795770   -2.792526803   57.723012401   35.851551077   -5.079744553
    1.999195325   -2.792526803   63.151331556   19.942581474   -1.625356294
    2.189594880   -2.792526803   64.984654059   -1.186633682    1.707149173
    2.379994435   -2.792526803   62.640390663  -23.223123176    5.131066738
    2.570393989   -2.792526803   56.346669613  -42.016920418    8.844973228
    2.760793544   -2.792526803   47.080631014  -53.918620039   12.844957803
    2.951193099   -2.792526803   36.421820023  -56.395843610   16.862345336

   -3.141592654   -2.443460953   33.434338912  -43.590568208   19.488666602
   -2.951193099   -2.443460953   26.314827443  -30.382675799   21.734140955
   -2.760793544   -2.443460953   22.088215024  -13.904777669   22.959748346
   -2.570393989   -2.443460953   20.948675280    1.365862103   23.302266544
   -2.379994435   -2.443460953   22.316614817   12.065155114   23.113836495
   -2.189594880   -2.443460953   25.175612876   17.045244620   22.801957535
   -1.999195325   -2.443460953   28.511721921   17.410540014   22.648345827
   -1.808795770   -2.443460953   31.666155120   15.586341609   22.667099761
   -1.618396215   -2.443460953   34.469047764   14.082931232   22.576414635
   -1.427996661   -2.443460953   37.153217257   14.504542372   21.911902862
   -1.237597106   -2.443460953   40.127725453   17.047735271   20.240997809
   -1.047197551   -2.443460953   43.717348583   20.675894206   17.389734551
   -0.856797996   -2.443460953   47.960951390   23.543780438   13.530765755
   -0.666398442   -2.443460953   52.520024524   23.652622148    9.120357183
   -0.475998887   -2.443460953   56.704859366   19.399793363    4.678054665
   -0.285599332   -2.443460953   59.591956827    9.986104418    0.579306731
   -0.095199777   -2.443460953   60.219862790   -4.085906977   -3.058235102
    0.095199777   -2.443460953   57.891112227  -20.522630329   -6.335803356
    0.285599332   -2.443460953   52.534084037  -35.042790216   -9.398887094
    0.475998887   -2.443460953   45.016183458  -42.350229988  -12.242401637
    0.666398442   -2.443460953   37.145307909  -38.285065955  -14.596485931
    0.856797996   -2.443460953   31.215035363  -22.263723214  -16.008950935
    1.047197551   -2.443460953   29.181776038    1.624785561  -16.063420937
    1.237597106   -2.443460953   31.867385331   25.946820748  -14.632095827
    1.427996661   -2.443460953   38.607341937   43.152284910  -11.964531899
    1.618396215   -2.443460953   47.544905843   48.592739327   -8.578442952
    1.808795770   -2.443460953   56.332569684   41.841851374   -4.994231051
    1.999195325   -2.443460953   62.883767959   25.758908943   -1.507017096
    2.189594880   -2.443460953   65.828351774    4.733457469    1.869450668
    2.379994435   -2.443460953   64.653092435  -16.815890115    5.300745083
    2.570393989   -2.443460953   59.638680341  -35.007371440    8.928161206
    2.760793544   -2.443460953   51.741136208  -46.656139570   12.705436651
    2.951193099   -2.443460953   42.432092878  -49.633487318   16.359612683

   -3.141592654   -2.094395102   39.178593992  -39.411855020   13.312324961
   -2.951193099   -2.094395102   32.719877140  -27.663989281   14.552404829
   -2.760793544   -2.094395102   28.869104971  -12.654269886   15.130987549
   -2.570393989   -2.094395102   27.850574103    1.455764882   15.187145960
   -2.379994435   -2.094395102   29.160593564   11.442822864   14.914040317
   -2.189594880   -2.094395102   31.864962672   16.090790610   14.456150097
   -1.999195325   -2.094395102   35.000435701   16.251753358   13.850584110
   -1.808795770   -2.094395102   37.900824113   14.015874809   13.015786301
   -1.618396215   -2.094395102   40.329068694   11.629522082   11.788757020
   -1.427996661   -2.094395102   42.420494059   10.661954925   10.001014277
   -1.237597106   -2.094395102   44.508476604   11.585754801    7.570091048
   -1.047197551   -2.094395102   46.919782709   13.855408942    4.585817688
   -0.856797996   -2.094395102   49.790198637   16.105054332    1.311124613
   -0.666398442   -2.094395102   52.947614511   16.525597364   -1.891121213
   -0.475998887   -2.094395102   55.866308730   13.319865584   -4.714914720
   -0.285599332   -2.094395102   57.718701708    5.200045596   -7.035705602
   -0.095199777   -2.094395102   57.539570037   -7.850219313   -8.947418610
    0.095199777   -2.094395102   54.548901500  -23.795689928  -10.689882069
    0.285599332   -2.094395102   48.580491213  -38.224821373  -12.477022938
    0.475998887   -2.094395102   40.464701322  -45.383511224  -14.331599737
    0.666398442   -2.094395102   32.071711099  -40.602298800  -15.997038469
    0.856797996   -2.094395102   25.833086165  -23.043373533  -17.015080358
    1.047197551   -2.094395102   23.850503791    3.002167485  -16.926598943
    1.237597106   -2.094395102   27.012791782   29.534907835  -15.516346818
    1.427996661   -2.094395102   34.605799681   48.389257264  -12.930242730
    1.618396215   -2.094395102   44.629738877   54.612057507   -9.610588666
    1.808795770   -2.094395102   54.577405703   47.910930910   -6.071216996
    1.999195325   -2.094395102   62.260594583   31.558382847   -2.668950796
    2.189594880   -2.094395102   66.289531859   10.359056844    0.477417184
    2.379994435   -2.094395102   66.189783950  -11.110759185    3.431862742
    2.570393989   -2.094395102   62.279879366  -29.122936827    6.278224550
    2.760793544   -2.094395102   55.505125875  -40.816269573    8.990814087
    2.951193099   -2.094395102   47.265360038  -44.342935429   11.407215969

   -3.141592654   -1.745329252   42.144891194  -37.669028995    7.030327120
   -2.951193099   -1.745329252   35.939818697  -26.744727022    7.332860850
   -2.760793544   -1.745329252   32.194035811  -12.451707226    7.195427237
   -2.570393989   -1.745329252   31.158609317    1.096711839    6.714987982
   -2.379994435   -1.745329252   32.353011792   10.586110324    5.950655056
   -2.189594880   -1.745329252   34.840719676   14.642763024    4.875735039
   -1.999195325   -1.745329252   37.626567955   13.982990339    3.410299713
   -1.808795770   -1.745329252   39.995922762   10.670239934    1.496658436
   -1.618396215   -1.745329252   41.672180164    7.074386420   -0.832923846
   -1.427996661   -1.745329252   42.788877943    5.027656708   -3.432957949
   -1.237597106   -1.745329252   43.735334911    5.341822215   -6.073857099
   -1.047197551   -1.745329252   44.957804934    7.757455890   -8.485330202
   -0.856797996   -1.745329252   46.747698756   10.991912673  -10.425345560
   -0.666398442   -1.745329252   49.077076539   13.011896967  -11.738731589
   -0.475998887   -1.745329252   51.493971807   11.538728953  -12.423296663
   -0.285599332   -1.745329252   53.142490499    4.733295032  -12.649948160
   -0.095199777   -1.745329252   52.937596948   -7.800823577  -12.716862400
    0.095199777   -1.745329252   49.938220319  -24.052206569  -12.954874201
    0.285599332   -1.745329252   43.849389458  -39.266744566  -13.581202478
    0.475998887   -1.745329252   35.463396632  -47.103712023  -14.583593293
    0.666398442   -1.745329252   26.728785836  -42.319660068  -15.675017537
    0.856797996   -1.745329252   20.241055167  -23.777513621  -16.380050801
    1.047197551   -1.745329252   18.281550873    4.077767155  -16.220160280
    1.237597106   -1.745329252   21.848679059   32.699333915  -14.937090822
    1.427996661   -1.745329252   30.218021917   53.259664086  -12.612465356
    1.618396215   -1.745329252   41.269657085   60.372395364   -9.623817080
    1.808795770   -1.745329252   52.331171096   53.724620648   -6.453444067
    1.999195325   -1.745329252   61.080887449   36.882122966   -3.475218014
    2.189594880   -1.745329252   66.062767752   15.042663225   -0.862722611
    2.379994435   -1.745329252   66.800300589   -6.981434946    1.387274743
    2.570393989   -1.745329252   63.632749131  -25.450738993    3.329025983
    2.760793544   -1.745329252   57.512674682  -37.633480205    4.967158546
    2.951193099   -1.745329252   49.820743072  -41.801166116    6.229623577

   -3.141592654   -1.396263402   41.987927072  -38.532423320    3.617314443
   -2.951193099   -1.396263402   35.597883957  -27.795465898    3.138716538
   -2.760793544   -1.396263402   31.648447993  -13.534171374    2.296582136
   -2.570393989   -1.396263402   30.401853204   -0.070758790    1.220091144
   -2.379994435   -1.396263402   31.342650126    9.019823555   -0.062400650
   -2.189594880   -1.396263402   33.458704682   12.230724117   -1.667778572
   -1.999195325   -1.396263402   35.675392804   10.382891024   -3.774010984
   -1.808795770   -1.396263402   37.243025827    5.888183084   -6.462801447
   -1.618396215   -1.396263402   37.929372917    1.573000999   -9.593541438
   -1.427996661   -1.396263402   37.994207760   -0.363239187  -12.790332704
   -1.237597106   -1.396263402   38.000103315    1.006700259  -15.559353029
   -1.047197551   -1.396263402   38.560826795    5.240684311  -17.453761198
   -0.856797996   -1.396263402   40.075503657   10.635154095  -18.226424559
   -0.666398442   -1.396263402   42.532930649   14.642401677  -17.892484819
   -0.475998887   -1.396263402   45.402553145   14.522762329  -16.718521655
   -0.285599332   -1.396263402   47.677197070    8.163560746  -15.139888867
   -0.095199777   -1.396263402   48.091642363   -4.875115863  -13.627699809
    0.095199777   -1.396263402   45.540590527  -22.360482916  -12.568646057
    0.285599332   -1.396263402   39.628755975  -39.103807813  -12.144911451
    0.475998887   -1.396263402   31.144572025  -48.206176314  -12.281682381
    0.666398442   -1.396263402   22.138832728  -43.907308850  -12.665607753
    0.856797996   -1.396263402   15.386454937  -24.802447581  -12.858887854
    1.047197551   -1.396263402   13.361368158    4.521076221  -12.464235911
    1.237597106   -1.396263402   17.189141081   34.992989669  -11.287451626
    1.427996661   -1.396263402   26.154803816   57.124963859   -9.404914529
    1.618396215   -1.396263402   38.035116698   65.052695486   -7.106456437
    1.808795770   -1.396263402   49.996565480   58.359724140   -4.741391988
    1.999195325   -1.396263402   59.570832357   40.821231124   -2.565198761
    2.189594880   -1.396263402   65.210279127   17.985523574   -0.690309760
    2.379994435   -1.396263402   66.409638103   -5.065795040    0.882238780
    2.570393989   -1.396263402   63.516755533  -24.461008255    2.161136839
    2.760793544   -1.396263402   57.507505588  -37.435656794    3.102697924
    2.951193099   -1.396263402   49.789893931  -42.234574526    3.610795746

   -3.141592654   -1.047197551   40.374697607  -41.489623483    3.128380716
   -2.951193099   -1.047197551   33.405835760  -30.837556674    2.184325383
   -2.760793544   -1.047197551   28.905504732  -16.228318559    0.720081390
   -2.570393989   -1.047197551   27.192280905   -2.294585140   -1.120849344
   -2.379994435   -1.047197551   27.731992335    6.944193514   -3.265925097
   -2.189594880   -1.047197551   29.419839947    9.702805657   -5.772770534
   -1.999195325   -1.047197551   31.069918795    6.909146002   -8.744854300
   -1.808795770   -1.047197551   31.880847725    1.466731932  -12.160382171
   -1.618396215   -1.047197551   31.679836833   -3.175531566  -15.737248916
   -1.427996661   -1.047197551   30.890468406   -4.401546483  -18.943410624
   -1.237597106   -1.047197551   30.278850542   -1.292641866  -21.174062311
   -1.047197551   -1.047197551   30.620517395    5.290847622  -21.988302809
   -0.856797996   -1.047197551   32.371459856   13.012349495  -21.287419281
   -0.666398442   -1.047197551   35.457847486   18.729326403  -19.344895170
   -0.475998887   -1.047197551   39.192529119   19.332042840  -16.695013140
   -0.285599332   -1.047197551   42.368021179   12.647988902  -13.947545962
   -0.095199777   -1.047197551   43.535499735   -1.565701718  -11.587449189
    0.095199777   -1.047197551   41.464105210  -20.666482550   -9.856424667
    0.285599332   -1.047197551   35.722211800  -38.961058903   -8.717348008
    0.475998887   -1.047197551   27.157470417  -49.074500116   -7.929100473
    0.666398442   -1.047197551   17.957325568  -44.932457034   -7.183414923
    0.856797996   -1.047197551   11.067809146  -25.096593696   -6.252419283
    1.047197551   -1.047197551    9.109506273    5.567082267   -5.073654728
    1.237597106   -1.047197551   13.278113055   37.492348862   -3.745591997
    1.427996661   -1.047197551   22.830667709   60.684938151   -2.445540862
    1.618396215   -1.047197551   35.437235708   68.989670469   -1.321498617
    1.808795770   -1.047197551   48.128812060   61.987198317   -0.415182678
    1.999195325   -1.047197551   58.323690837   43.648368500    0.343446187
    2.189594880   -1.047197551   64.404913619   19.776095325    1.068788830
    2.379994435   -1.047197551   65.840263243   -4.382865566    1.836440298
    2.570393989   -1.047197551   62.971971335  -24.881956261    2.607277210
    2.760793544   -1.047197551   56.780616963  -38.915964564    3.223062409
    2.951193099   -1.047197551   48.691034984  -44.617446096    3.456320488

   -3.141592654   -0.698131701   40.259442591  -43.920689489    1.569261962
   -2.951193099   -0.698131701   32.739245162  -34.141166964   -0.009441043
   -2.760793544   -0.698131701   27.554321632  -20.051634765   -2.126608587
   -2.570393989   -0.698131701   25.087926097   -6.351633520   -4.602155250
   -2.379994435   -0.698131701   24.836368729    2.666983999   -7.325620145
   -2.189594880   -0.698131701   25.672681479    4.992984091  -10.312188683
   -1.999195325   -0.698131701   26.370539696    1.618216188  -13.599038577
   -1.808795770   -0.698131701   26.135682219   -4.134990275  -17.058237766
   -1.618396215   -0.698131701   24.899489527   -8.270501651  -20.276045035
   -1.427996661   -0.698131701   23.278061564   -7.854945807  -22.618047397
   -1.237597106   -0.698131701   22.245431711   -2.141256716  -23.479929069
   -1.047197551   -0.698131701   22.706333389    7.382302514  -22.574661930
   -0.856797996   -0.698131701   25.103631202   17.569592420  -20.087196893
   -0.666398442   -0.698131701   29.208054265   24.649675812  -16.616574002
   -0.475998887   -0.698131701   34.094753256   25.292709190  -12.934582832
   -0.285599332   -0.698131701   38.320229541   17.572701367   -9.703197375
   -0.095199777   -0.698131701   40.280277317    1.798510860   -7.246826409
    0.095199777   -0.698131701   38.705926871  -18.743696381   -5.492065234
    0.285599332   -0.698131701   33.238664591  -37.875198777   -4.069197768
    0.475998887   -0.698131701   24.862491147  -48.062712066   -2.543801068
    0.666398442   -0.698131701   15.896878379  -43.427287313   -0.670991747
    0.856797996   -0.698131701    9.357860808  -22.949349741    1.457183953
    1.047197551   -0.698131701    7.852070118    8.088302681    3.459886993
    1.237597106   -0.698131701   12.499512303   39.908185495    4.884667321
    1.427996661   -0.698131701   22.468226216   62.582741097    5.454430055
    1.618396215   -0.698131701   35.373242062   70.223793949    5.205108686
    1.808795770   -0.698131701   48.245577618   62.691088791    4.449051802
    1.999195325   -0.698131701   58.545606668   44.094904899    3.603319191
    2.189594880   -0.698131701   64.706176596   20.186875296    3.001529230
    2.379994435   -0.698131701   66.219906837   -3.989725916    2.770956064
    2.570393989   -0.698131701   63.409237437  -24.721715560    2.803192977
    2.760793544   -0.698131701   57.197539233  -39.358843615    2.821708416
    2.951193099   -0.698131701   48.938479198  -45.993405524    2.491115864

   -3.141592654   -0.349065850   40.388278340  -46.781692403    0.663218749
   -2.951193099   -0.349065850   32.216418376  -38.061846166   -1.198334926
   -2.760793544   -0.349065850   26.213234062  -24.646687274   -3.587224222
   -2.570393989   -0.349065850   22.838543770  -11.246522168   -6.322618354
   -2.379994435   -0.349065850   21.639410462   -2.390432766   -9.265518292
   -2.189594880   -0.349065850   21.493663499   -0.275925672  -12.361326974
   -1.999195325   -0.349065850   21.170736080   -3.793652912  -15.539338147
   -1.808795770   -0.349065850   19.928492668   -9.172652596  -18.550007056
   -1.618396215   -0.349065850   17.845657059  -11.929189799  -20.890600993
   -1.427996661   -0.349065850   15.750656449   -9.000202115  -21.928030189
   -1.237597106   -0.349065850   14.799891509   -0.088557588  -21.189551422
   -1.047197551   -0.349065850   15.948066381   12.435939349  -18.646329882
   -0.856797996   -0.349065850   19.511353823   24.520377689  -14.793455925
   -0.666398442   -0.349065850   24.994756343   31.910907413  -10.483738146
   -0.475998887   -0.349065850   31.174199779   31.403691372   -6.575727330
   -0.285599332   -0.349065850   36.384639006   21.744429806   -3.605138770
   -0.095199777   -0.349065850   38.956284822    4.139680926   -1.594871691
    0.095199777   -0.349065850   37.718608603  -17.362709756   -0.098659872
    0.285599332   -0.349065850   32.517158312  -36.276387614    1.544274902
    0.475998887   -0.349065850   24.541952114  -45.362058971    3.844660062
    0.666398442   -0.349065850   16.213361066  -39.503679084    6.845977086
    0.856797996   -0.349065850   10.487627045  -18.524098768   10.041468154
    1.047197551   -0.349065850    9.779750521   11.826476056   12.597994888
    1.237597106   -0.349065850   14.988298539   41.929097985   13.778135856
    1.427996661   -0.349065850   25.143207627   62.522356686   13.306003739
    1.618396215   -0.349065850   37.866592291   68.503055882   11.478998675
    1.808795770   -0.349065850   50.323328889   60.215066428    8.985403731
    1.999195325   -0.349065850   60.155171536   41.788322148    6.562476053
    2.189594880   -0.349065850   65.940800747   18.607107442    4.717097477
    2.379994435   -0.349065850   67.229853197   -4.808470505    3.593375188
    2.570393989   -0.349065850   64.305278938  -25.195275458    3.006081678
    2.760793544   -0.349065850   57.985206115  -40.142305647    2.577703123
    2.951193099   -0.349065850   49.498938309  -47.673396363    1.893213581

   -3.141592654    0.000000000   40.849423272  -49.211424200   -0.415277592
   -2.951193099    0.000000000   32.102759538  -41.636917797   -2.104913714
   -2.760793544    0.000000000   25.323157876  -29.172139344   -4.176561999
   -2.570393989    0.000000000   21.019055698  -16.431212465   -6.515117834
   -2.379994435    0.000000000   18.790487717   -7.979080430   -9.026012626
   -2.189594880    0.000000000   17.563164454   -5.990224698  -11.639416423
   -1.999195325    0.000000000   16.177464244   -9.128212839  -14.211869227
   -1.808795770    0.000000000   14.022754687  -13.246944602  -16.408057171
   -1.618396215    0.000000000   11.371850826  -13.637711451  -17.695801653
   -1.427996661    0.000000000    9.250535247   -7.471916683  -17.524606233
   -1.237597106    0.000000000    8.915604977    4.783209969  -15.618500693
   -1.047197551    0.000000000   11.245986807   19.756486686  -12.200699922
   -0.856797996    0.000000000   16.309031535   32.643640725   -7.967521184
   -0.666398442    0.000000000   23.273532279   39.082305987   -3.828803829
   -0.475998887    0.000000000   30.626875133   36.439044697   -0.515432945
   -0.285599332    0.000000000   36.570905634   24.473410967    1.711803183
   -0.095199777    0.000000000   39.503596252    5.412370360    3.151425609
    0.095199777    0.000000000   38.484192118  -16.084550400    4.504821211
    0.285599332    0.000000000   33.641550236  -33.603419543    6.523021444
    0.475998887    0.000000000   26.365189195  -40.696695036    9.600813790
    0.666398442    0.000000000   19.078562521  -33.436074449   13.489531132
    0.856797996    0.000000000   14.522233374  -12.637970688   17.320015324
    1.047197551    0.000000000   14.770072913   15.692210831   19.970804001
    1.237597106    0.000000000   20.419405698   42.580871479   20.602842665
    1.427996661    0.000000000   30.381681763   59.948951167   19.051128850
    1.618396215    0.000000000   42.386367070   63.776848570   15.864039999
    1.808795770    0.000000000   53.860714594   54.884790068   11.997603626
    1.999195325    0.000000000   62.730969168   37.202221463    8.371603453
    2.189594880    0.000000000   67.775602056   15.466525729    5.562652956
    2.379994435    0.000000000   68.608106138   -6.520258510    3.699265595
    2.570393989    0.000000000   65.452737353  -26.026646806    2.556285271
    2.760793544    0.000000000   58.996432157  -40.883727694    1.736092013
    2.951193099    0.000000000   50.318933275  -49.040188014    0.835968339

   -3.141592654    0.349065850   41.721850755  -50.770949089   -0.713777638
   -2.951193099    0.349065850   32.586572509  -44.140513540   -1.714753689
   -2.760793544    0.349065850   25.246147164  -32.517985026   -2.900621406
   -2.570393989    0.349065850   20.241646457  -20.396430887   -4.276042333
   -2.379994435    0.349065850   17.218939646  -12.309792883   -5.841788487
   -2.189594880    0.349065850   15.156637860  -10.363612951   -7.559918541
   -1.999195325    0.349065850   12.973727352  -13.017303521   -9.277060770
   -1.808795770    0.349065850   10.186098457  -15.856644506  -10.665487638
   -1.618396215    0.349065850    7.230698044  -14.092351882  -11.271867952
   -1.427996661    0.349065850    5.275991401   -5.228656143  -10.698133841
   -1.237597106    0.349065850    5.617308774    9.535150057   -8.830605878
   -1.047197551    0.349065850    9.016700787   26.011753488   -5.970748845
   -0.856797996    0.349065850   15.298788336   38.939146970   -2.737177814
   -0.666398442    0.349065850   23.358743429   44.124475982    0.197184153
   -0.475998887    0.349065850   31.499526488   39.650511785    2.423970755
   -0.285599332    0.349065850   37.903387139   26.227533609    3.978667123
   -0.095199777    0.349065850   41.119025927    6.863334222    5.321076612
    0.095199777    0.349065850   40.460731524  -13.520516774    7.129276276
    0.285599332    0.349065850   36.297435428  -28.939969982    9.958466544
    0.475998887    0.349065850   30.115275684  -33.986165806   13.900263054
    0.666398442    0.349065850   24.209132596  -25.963064606   18.396327836
    0.856797996    0.349065850   20.986764074   -6.478566326   22.361816681
    1.047197551    0.349065850   22.121594617   18.583889941   24.623666963
    1.237597106    0.349065850   27.926856646   41.292295185   24.455488889
    1.427996661    0.349065850   37.275650462   54.992350792   21.905476840
    1.618396215    0.349065850   48.108484902   56.751927489   17.738236552
    1.808795770    0.349065850   58.200579044   47.691467450   13.046949047
    1.999195325    0.349065850   65.807639097   31.314523948    8.786803798
    2.189594880    0.349065850   69.914436457   11.544711088    5.499413909
    2.379994435    0.349065850   70.183264000   -8.592408940    3.266767524
    2.570393989    0.349065850   66.761851993  -26.877729142    1.856571482
    2.760793544    0.349065850   60.195140781  -41.333157028    0.919399958
    2.951193099    0.349065850   51.410778906  -49.813758498    0.133631586

   -3.141592654    0.698131701   42.254721081  -51.073002639   -1.530634587
   -2.951193099    0.698131701   33.031962270  -44.777496369   -1.599322962
   -2.760793544    0.698131701   25.521580467  -33.679283671   -1.607776525
   -2.570393989    0.698131701   20.237792482  -22.167955660   -1.721934837
   -2.379994435    0.698131701   16.823760323  -14.619646673   -2.075022385
   -2.189594880    0.698131701   14.290170449  -12.939697699   -2.698273029
   -1.999195325    0.698131701   11.628610824  -15.371449578   -3.482691717
   -1.808795770    0.698131701    8.463635310  -17.358402825   -4.188659058
   -1.618396215    0.698131701    5.350397033  -14.173684107   -4.521639158
   -1.427996661    0.698131701    3.537923378   -3.655041536   -4.256758153
   -1.237597106    0.698131701    4.318983896   12.484005626   -3.350403467
   -1.047197551    0.698131701    8.355033587   29.604122066   -1.976840239
   -0.856797996    0.698131701   15.314034191   42.320135601   -0.426436394
   -0.666398442    0.698131701   23.950196107   46.746540391    1.052260750
   -0.475998887    0.698131701   32.515812352   41.558559315    2.417008597
   -0.285599332    0.698131701   39.263086147   28.076613763    3.879537829
   -0.095199777    0.698131701   42.906012330    9.681720784    5.828222793
    0.095199777    0.698131701   42.954100558   -8.798770350    8.658600172
    0.285599332    0.698131701   39.902509855  -22.009779974   12.533660675
    0.475998887    0.698131701   35.201944863  -25.570354872   17.172609593
    0.666398442    0.698131701   30.908374562  -17.805661310   21.788590381
    0.856797996    0.698131701   29.040163192   -0.775521166   25.282319612
    1.047197551    0.698131701   30.881174280   20.098777021   26.664884395
    1.237597106    0.698131701   36.526579076   38.145354387   25.496474693
    1.427996661    0.698131701   44.900157696   48.162431930   22.082449002
    1.618396215    0.698131701   54.229566051   48.147948623   17.320712843
    1.808795770    0.698131701   62.675351650   39.297495274   12.288976972
    1.999195325    0.698131701   68.820251164   24.510976591    7.833991889
    2.189594880    0.698131701   71.830374171    6.848982312    4.377472656
    2.379994435    0.698131701   71.395768515  -11.355745957    1.943671916
    2.570393989    0.698131701   67.590661794  -28.243532879    0.338204344
    2.760793544    0.698131701   60.849393513  -41.895424517   -0.669787747
    2.951193099    0.698131701   51.994096592  -50.065389387   -1.253809758

   -3.141592654    1.047197551   40.922492375  -51.144681109   -6.290481287
   -2.951193099    1.047197551   31.765137005  -44.056183322   -5.967508209
   -2.760793544    1.047197551   24.436305578  -32.566213363   -5.145796095
   -2.570393989    1.047197551   19.361634011  -21.159757183   -4.125673784
   -2.379994435    1.047197551   16.098277929  -14.084459569   -3.194363888
   -2.189594880    1.047197551   13.611465026  -12.973193593   -2.511576122
   -1.999195325    1.047197551   10.902680661  -15.783068620   -2.089203871
   -1.808795770    1.047197551    7.651372844  -17.789766815   -1.841689759
   -1.618396215    1.047197551    4.482415733  -14.283007852   -1.663189946
   -1.427996661    1.047197551    2.694976478   -3.276036990   -1.481087049
   -1.237597106    1.047197551    3.592358496   13.293435396   -1.258743790
   -1.047197551    1.047197551    7.809018013   30.655782369   -0.972777031
   -0.856797996    1.047197551   14.980640093   43.484766878   -0.557934257
   -0.666398442    1.047197551   23.856147559   48.134358697    0.116822912
   -0.475998887    1.047197551   32.735372128   43.553046274    1.259561616
   -0.285599332    1.047197551   39.963198998   31.225058395    3.111173789
   -0.095199777    1.047197551   44.357464052   14.490121165    5.860086157
    0.095199777    1.047197551   45.496789577   -2.157594761    9.547886384
    0.285599332    1.047197551   43.854867225  -13.975884013   13.953537179
    0.475998887    1.047197551   40.728709134  -17.322204564   18.524444585
    0.666398442    1.047197551   37.891933674  -11.065422595   22.424217313
    0.856797996    1.047197551   37.025099523    2.757104116   24.753472914
    1.047197551    1.047197551   39.146552500   19.444126871   24.883518401
    1.237597106    1.047197551   44.274459665   33.495669850   22.737437523
    1.427996661    1.047197551   51.476930462   40.784876828   18.830970334
    1.618396215    1.047197551   59.279277754   39.775802496   14.052361924
    1.808795770    1.047197551   66.159786779   31.425392822    9.282288578
    1.999195325    1.047197551   70.925139089   17.969788804    5.094456567
    2.189594880    1.047197551   72.832091984    1.784290061    1.678180602
    2.379994435    1.047197551   71.555976014  -15.180482122   -1.045437445
    2.570393989    1.047197551   67.117831723  -31.098903384   -3.213572052
    2.760793544    1.047197551   59.915827010  -43.876229248   -4.866776497
    2.951193099    1.047197551   50.770343612  -51.112377805   -5.924514344

   -3.141592654    1.396263402   36.445128443  -52.412917570  -10.861770908
   -2.951193099    1.396263402   27.244007010  -43.252655164  -10.383659337
   -2.760793544    1.396263402   20.241770705  -30.030887692   -9.091858970
   -2.570393989    1.396263402   15.758966928  -17.613191823   -7.371013959
   -2.379994435    1.396263402   13.204128391  -10.308086465   -5.582629867
   -2.189594880    1.396263402   11.408078892   -9.574452783   -3.927896772
   -1.999195325    1.396263402    9.279830127  -13.126934362   -2.464393986
   -1.808795770    1.396263402    6.448217501  -16.056744009   -1.208849336
   -1.618396215    1.396263402    3.516426259  -13.527052175   -0.216870946
   -1.427996661    1.396263402    1.785495780   -3.412003872    0.431613373
   -1.237597106    1.396263402    2.593802392   12.551572430    0.725135305
   -1.047197551    1.396263402    6.651518901   29.824812472    0.786344140
   -0.856797996    1.396263402   13.711158186   43.246086718    0.879559027
   -0.666398442    1.396263402   22.654910915   49.191331873    1.330344561
   -0.475998887    1.396263402   31.902794171   46.433507660    2.438181973
   -0.285599332    1.396263402   39.871449658   36.122724084    4.395048393
   -0.095199777    1.396263402   45.376095886   21.177630322    7.219866273
    0.095199777    1.396263402   47.907526378    5.623085831   10.728679877
    0.285599332    1.396263402   47.763952667   -6.234272478   14.505278809
    0.475998887    1.396263402   45.997918680  -11.018400665   17.929578933
    0.666398442    1.396263402   44.117363421   -7.514727822   20.292323306
    0.856797996    1.396263402   43.595837308    2.770490511   21.012890842
    1.047197551    1.396263402   45.381380463   15.999567434   19.858198386
    1.237597106    1.396263402   49.593724930   27.529827710   17.061168518
    1.427996661    1.396263402   55.530894753   33.699847947   13.225393425
    1.618396215    1.396263402   61.981482737   32.830919524    9.078027846
    1.808795770    1.396263402   67.612747330   25.298012409    5.174394350
    1.999195325    1.396263402   71.294455413   12.669017195    1.742053132
    2.189594880    1.396263402   72.239883055   -3.091762754   -1.274486085
    2.379994435    1.396263402   70.042497681  -20.019961844   -4.035557463
    2.570393989    1.396263402   64.680480955  -35.922870266   -6.593032530
    2.760793544    1.396263402   56.593733602  -48.227633480   -8.789019797
    2.951193099    1.396263402   46.722239795  -54.251244667  -10.305806397

   -3.141592654    1.745329252   30.909550398  -53.350835260  -16.031398799
   -2.951193099    1.745329252   21.751868793  -41.906721170  -16.064907756
   -2.760793544    1.745329252   15.181289014  -26.970451918  -14.823476376
   -2.570393989    1.745329252   11.377899753  -13.678129178  -12.591714830
   -2.379994435    1.745329252    9.596598215   -6.213934317   -9.739158637
   -2.189594880    1.745329252    8.558492488   -5.759496834   -6.573807133
   -1.999195325    1.745329252    7.109363494   -9.845983522   -3.335039772
   -1.808795770    1.745329252    4.833360995  -13.543189604   -0.267087440
   -1.618396215    1.745329252    2.289255389  -12.001123198    2.339555004
   -1.427996661    1.745329252    0.749116505   -2.917746309    4.212645050
   -1.237597106    1.745329252    1.575145366   12.317805713    5.240689243
   -1.047197551    1.745329252    5.570089884   29.519562404    5.558402043
   -0.856797996    1.745329252   12.630073072   43.672704703    5.523599984
   -0.666398442    1.745329252   21.781161276   51.022629471    5.573776177
   -0.475998887    1.745329252   31.540161195   49.990981745    6.076740658
   -0.285599332    1.745329252   40.343910639   41.275698072    7.220395714
   -0.095199777    1.745329252   46.940866945   27.368525620    8.957625670
    0.095199777    1.745329252   50.679569222   11.934896391   11.014162135
    0.285599332    1.745329252   51.660440716   -0.927510117   12.923933803
    0.475998887    1.745329252   50.721825142   -7.795392235   14.143945895
    0.666398442    1.745329252   49.196208398   -7.072725640   14.221547472
    0.856797996    1.745329252   48.483612770    0.377352432   12.986977598
    1.047197551    1.745329252   49.589591397   11.414225598   10.629846385
    1.237597106    1.745329252   52.805549452   21.839024428    7.638431963
    1.427996661    1.745329252   57.642824304   27.991498229    4.582516798
    1.618396215    1.745329252   63.060828950   27.748136082    1.880273450
    1.808795770    1.745329252   67.790997172   20.871086498   -0.362595645
    1.999195325    1.745329252   70.659181037    8.457792330   -2.341710366
    2.189594880    1.745329252   70.778563192   -7.630864933   -4.395008775
    2.379994435    1.745329252   67.662448164  -25.122050524   -6.792220072
    2.570393989    1.745329252   61.295775093  -41.268645579   -9.545569818
    2.760793544    1.745329252   52.230116996  -52.986100388  -12.354848381
    2.951193099    1.745329252   41.587002288  -57.440063404  -14.691605566

   -3.141592654    2.094395102   24.586667717  -55.297096690  -16.297504385
   -2.951193099    2.094395102   15.303959417  -41.266311988  -16.471473925
   -2.760793544    2.094395102    9.089060617  -23.954208596  -15.302035959
   -2.570393989    2.094395102    6.040134542   -8.888551514  -12.978420175
   -2.379994435    2.094395102    5.285814592   -0.324287738   -9.801194844
   -2.189594880    2.094395102    5.425870317    0.632758632   -6.048891190
   -1.999195325    2.094395102    5.197563194   -3.511709110   -1.973418144
   -1.808795770    2.094395102    4.074176495   -7.876233967    2.122872466
   -1.618396215    2.094395102    2.498024899   -7.589985152    5.842378642
   -1.427996661    2.094395102    1.648222408   -0.100879938    8.762962286
   -1.237597106    2.094395102    2.864682015   13.657673835   10.604935266
   -1.047197551    2.094395102    7.017577406   29.952176662   11.356555902
   -0.856797996    2.094395102   14.135355354   43.960123013   11.280601553
   -0.666398442    2.094395102   23.380084818   51.789198491   10.788309063
   -0.475998887    2.094395102   33.354827076   51.496777913   10.275219274
   -0.285599332    2.094395102   42.506155333   43.355929355    9.988349556
   -0.095199777    2.094395102   49.515642217   29.510431856    9.951913515
    0.095199777    2.094395102   53.610785753   13.403339871    9.967965496
    0.285599332    2.094395102   54.747340627   -0.870087586    9.679493242
    0.475998887    2.094395102   53.645586481   -9.607656699    8.727335589
    0.666398442    2.094395102   51.597436559  -10.674765019    6.931401045
    0.856797996    2.094395102   50.075929310   -4.358601754    4.436148943
    1.047197551    2.094395102   50.251216061    6.557697424    1.673320011
    1.237597106    2.094395102   52.608870062   17.805851029   -0.813820312
    1.427996661    2.094395102   56.799531355   25.262153401   -2.627518925
    1.618396215    2.094395102   61.813007590   26.151688392   -3.687786751
    1.808795770    2.094395102   66.293876441   19.704355505   -4.257539326
    1.999195325    2.094395102   68.907814117    6.810003593   -4.805873578
    2.189594880    2.094395102   68.606102152  -10.491779863   -5.796288434
    2.379994435    2.094395102   64.806228443  -29.421491524   -7.498053153
    2.570393989    2.094395102   57.512804945  -46.575862470   -9.858481779
    2.760793544    2.094395102   47.415587382  -58.307052262  -12.504760992
    2.951193099    2.094395102   35.854165939  -61.566478703  -14.846428951

   -3.141592654    2.443460953   19.273904353  -57.452004090  -10.232882780
   -2.951193099    2.443460953    9.777190961  -41.319116632   -9.894199984
   -2.760793544    2.443460953    3.763250116  -21.812575531   -8.521814566
   -2.570393989    2.443460953    1.314985131   -4.778478718   -6.201970187
   -2.379994435    2.443460953    1.503860401    5.410245252   -3.101734491
   -2.189594880    2.443460953    2.860188150    7.603344482    0.611522567
   -1.999195325    2.443460953    4.038370182    4.190201838    4.751442121
   -1.808795770    2.443460953    4.395459468   -0.166808531    9.030534326
   -1.618396215    2.443460953    4.218376244   -0.755556640   13.014022498
   -1.427996661    2.443460953    4.521860154    5.072592989   16.189149300
   -1.237597106    2.443460953    6.530131640   16.777049299   18.139900956
   -1.047197551    2.443460953   11.088286967   31.145924249   18.706921392
   -0.856797996    2.443460953   18.290040584   43.746550121   18.032203787
   -0.666398442    2.443460953   27.410735464   50.791009689   16.468886254
   -0.475998887    2.443460953   37.160215954   50.177643672   14.417616755
   -0.285599332    2.443460953   46.044941593   41.866168288   12.179098924
   -0.095199777    2.443460953   52.742376585   27.666579017    9.864141445
    0.095199777    2.443460953   56.420720272   10.786278481    7.391248240
    0.285599332    2.443460953   56.951750277   -4.666304002    4.579371435
    0.475998887    2.443460953   55.004749585  -14.662676047    1.327644111
    0.666398442    2.443460953   51.906753447  -16.505468707   -2.218496825
    0.856797996    2.443460953   49.275171051   -9.988533030   -5.607200012
    1.047197551    2.443460953   48.486399614    2.237417264   -8.239381118
    1.237597106    2.443460953   50.208603342   15.522963121   -9.639451402
    1.427996661    2.443460953   54.164812724   25.025348072   -9.695691476
    1.618396215    2.443460953   59.275959062   27.256570838   -8.720715208
    1.808795770    2.443460953   64.008197714   21.049820361   -7.314644461
    1.999195325    2.443460953   66.813224938    7.321618224   -6.120040668
    2.189594880    2.443460953   66.469337526  -11.518773575   -5.603418441
    2.379994435    2.443460953   62.310524208  -32.135412881   -5.940623385
    2.570393989    2.443460953   54.369297691  -50.552145138   -6.995128029
    2.760793544    2.443460953   43.460512987  -62.678441010   -8.392095274
    2.951193099    2.443460953   31.112252072  -65.288585520   -9.628083587

   -3.141592654    2.792526803   16.978683449  -57.754659715    1.525698197
   -2.951193099    2.792526803    7.543741296  -40.336615392    2.860388427
   -2.760793544    2.792526803    1.853344789  -19.396442322    4.386026900
   -2.570393989    2.792526803    0.000000000   -0.967262269    6.109834912
   -2.379994435    2.792526803    1.037589021   10.485568785    8.135471720
   -2.189594880    2.792526803    3.465566390   13.743244052   10.629890452
   -1.999195325    2.792526803    5.889031810   11.056062913   13.689628949
   -1.808795770    2.792526803    7.578508404    6.843234522   17.177702879
   -1.618396215    2.792526803    8.686715279    5.586349502   20.651820152
   -1.427996661    2.792526803   10.064955165    9.888695946   23.461342909
   -1.237597106    2.792526803   12.791864423   19.438864532   24.987460949
   -1.047197551    2.792526803   17.631894557   31.448275280   24.891251768
   -0.856797996    2.792526803   24.681530188   41.913098289   23.218257525
   -0.666398442    2.792526803   33.287309117   47.305153367   20.333923634
   -0.475998887    2.792526803   42.258786734   45.568573349   16.720816816
   -0.285599332    2.792526803   50.191071749   36.515481124   12.784668245
   -0.095199777    2.792526803   55.811810416   21.713314127    8.729537296
    0.095199777    2.792526803   58.296923929    4.193125384    4.562347135
    0.285599332    2.792526803   57.511590059  -11.875874551    0.222078944
    0.475998887    2.792526803   54.158592444  -22.119768076   -4.222929786
    0.666398442    2.792526803   49.680297818  -23.356252203   -8.431267620
    0.856797996    2.792526803   45.889698121  -15.113158023  -11.817032323
    1.047197551    2.792526803   44.366147381   -0.239378567  -13.782000743
    1.237597106    2.792526803   45.894283576   15.941855500  -14.016734012
    1.427996661    2.792526803   50.164648950   27.758576815  -12.669913728
    1.618396215    2.792526803   55.926644174   31.149442336  -10.295856995
    1.808795770    2.792526803   61.408577479   24.843138575   -7.605933064
    1.999195325    2.792526803   64.847068344   10.068458968   -5.191019143
    2.189594880    2.792526803   64.887786190  -10.253433904   -3.355246059
    2.379994435    2.792526803   60.830163722  -32.290922271   -2.102125672
    2.570393989    2.792526803   52.756017759  -51.701101112   -1.227296708
    2.760793544    2.792526803   41.582725189  -64.189880277   -0.461969334
    2.951193099    2.792526803   28.966559803  -66.488936759    0.418922378
