#! FIELDS phi psi file.free der_phi der_psi
#! SET min_phi -pi
#! SET max_phi pi
#! SET nbins_phi  33
#! SET periodic_phi true
#! SET min_psi -pi
#! SET max_psi pi
#! SET nbins_psi  18
#! SET periodic_psi true
   -3.141592654   -3.141592654   19.381201032  -54.054055826   14.498951460
   -2.951193099   -3.141592654   10.656158705  -36.730200541   16.954731856
   -2.760793544   -3.141592654    5.590375815  -16.548730400   18.691864288
   -2.570393989   -3.141592654    4.185618107    0.897642429   19.790983657
   -2.379994435   -3.141592654    5.513011806   11.774215623   20.605734442
   -2.189594880   -3.141592654    8.199581135   15.327749826   21.624665999
   -1.999195325   -3.141592654   11.024640603   13.800925549   23.231756692
   -1.808795770   -3.141592654   13.379226593   11.067171479   25.475309018
   -1.618396215   -3.141592654   15.400673239   10.804555285   27.974967514
   -1.427996661   -3.141592654   17.780493818   14.964941517   30.036630026
   -1.237597106   -3.141592654   21.357666049   23.095708688   30.928446820
   -1.047197551   -3.141592654   26.683182851   32.788511358   30.171313067
   -0.856797996   -3.141592654   33.741158421   40.670021030   27.683508340
   -0.666398442   -3.141592654   41.879889465   43.703451321   23.756897666
   -0.475998887   -3.141592654   49.970855091   39.969557353   18.873321645
   -0.285599332   -3.141592654   56.661927528   29.077491380   13.514872566
   -0.095199777   -3.141592654   60.683543363   12.316626714    8.025252232
    0.095199777   -3.141592654   61.181414966   -7.280252006    2.583473889
    0.285599332   -3.141592654   58.038639077  -25.045641778   -2.694731061
    0.475998887   -3.141592654   52.112013275  -35.687817409   -7.600712497
    0.666398442   -3.141592654   45.178359270  -35.176291070  -11.728620085
    0.856797996   -3.141592654   39.492291634  -22.840241225  -14.551996563
    1.047197551   -3.141592654   37.020887240   -2.320474947  -15.647158345
    1.237597106   -3.141592654   38.704371739   19.518612821  -14.940807198
    1.427996661   -3.141592654   44.079786177   35.424197693  -12.772599698
    1.618396215   -3.141592654   51.498535560   40.455276318   -9.757200174
    1.808795770   -3.141592654   58.718418864   33.467174003   -6.505130954
    1.999195325   -3.141592654   63.612552614   16.596495297   -3.396480138
    2.189594880   -3.141592654   64.668817853   -6.068343607   -0.511864359
    2.379994435   -3.141592654   61.234771271  -29.760045240    2.290380855
    2.570393989   -3.141592654   53.571610800  -49.735272707    5.205098266
    2.760793544   -3.141592654   42.798334724  -61.838227087    8.315626861
    2.951193099   -3.141592654   30.705980450  -63.346427604   11.509267273

   -3.141592654   -2.792526803   26.007477718  -48.973905624   21.378220117
   -2.951193099   -2.792526803   18.096976411  -33.316275778   23.904293112
   -2.760793544   -2.792526803   13.517887009  -14.808249264   25.366967751
   -2.570393989   -2.792526803   12.325932720    1.524738148   25.931265726
   -2.379994435   -2.792526803   13.740498238   12.231519601   26.048000835
   -2.189594880   -2.792526803   16.575040989   16.556792994   26.272561158
   -1.999195325   -2.792526803   19.752473464   16.301148697   27.013469160
   -1.808795770   -2.792526803   22.691349379   14.599492445   28.314286305
   -1.618396215   -2.792526803   25.411360206   14.403338936   29.783477047
   -1.427996661   -2.792526803   28.375675425   17.278891209   30.724543196
   -1.237597106   -2.792526803   32.169751013   22.903435154   30.419400463
   -1.047197551   -2.792526803   37.161584776   29.434113655   28.429202036
   -0.856797996   -2.792526803   43.279009653   34.230386056   24.745438361
   -0.666398442   -2.792526803   49.945928898   34.837852329   19.761724578
   -0.475998887   -2.792526803   56.192073324   29.628942339   14.065870143
   -0.285599332   -2.792526803   60.847515316   18.183340756    8.222830394
   -0.095199777   -2.792526803   62.798778381    1.565366860    2.619998252
    0.095199777   -2.792526803   61.301848669  -17.408520671   -2.557645362
    0.285599332   -2.792526803   56.323492552  -34.117804749   -7.221771116
    0.475998887   -2.792526803   48.813664305  -43.122392574  -11.229291665
    0.666398442   -2.792526803   40.676748376  -40.244159297  -14.283751693
    0.856797996   -2.792526803   34.302574748  -24.904877398  -16.004994969
    1.047197551   -2.792526803   31.742063996   -1.206238516  -16.111357911
    1.237597106   -2.792526803   33.906257844   23.337432118  -14.620662334
    1.427996661   -2.792526803   40.189686205   40.965796599  -11.878807352
    1.618396215   -2.792526803   48.741573402   46.663149778   -8.427698254
    1.808795770   -2.792526803   57.145269396   39.620721947   -4.759137390
    1.999195325   -2.792526803   63.185841955   22.490957493   -1.136448322
    2.189594880   -2.792526803   65.354516360   -0.225053791    2.431579111
    2.379994435   -2.792526803   63.055037771  -23.641731753    6.090705305
    2.570393989   -2.792526803   56.596682127  -43.209275832    9.964540994
    2.760793544   -2.792526803   47.089109806  -55.148799480   14.006529838
    2.951193099   -2.792526803   36.240899381  -57.098713538   17.949035554

   -3.141592654   -2.443460953   33.439118331  -44.054035696   20.055521707
   -2.951193099   -2.443460953   26.296690605  -30.215923852   22.032705807
   -2.760793544   -2.443460953   22.135393951  -13.469392348   23.104321429
   -2.570393989   -2.443460953   21.072650480    1.670550953   23.438151648
   -2.379994435   -2.443460953   22.469437671   12.048828234   23.376999746
   -2.189594880   -2.443460953   25.303794451   16.844228462   23.295650150
   -1.999195325   -2.443460953   28.613381774   17.408656223   23.430369945
   -1.808795770   -2.443460953   31.820465682   16.197251982   23.744331043
   -1.618396215   -2.443460953   34.818549909   15.530374757   23.902724682
   -1.427996661   -2.443460953   37.853838597   16.698596266   23.388420943
   -1.237597106   -2.443460953   41.290921111   19.626624112   21.723801757
   -1.047197551   -2.443460953   45.370418865   23.152594549   18.700165663
   -0.856797996   -2.443460953   50.039119957   25.456379320   14.474073911
   -0.666398442   -2.443460953   54.880928810   24.658887638    9.514645015
   -0.475998887   -2.443460953   59.154199499   19.286814136    4.397172807
   -0.285599332   -2.443460953   61.904685647    8.649152120   -0.395371907
   -0.095199777   -2.443460953   62.159228703   -6.675849743   -4.597627048
    0.095199777   -2.443460953   59.223841371  -24.281804860   -8.164768828
    0.285599332   -2.443460953   53.060983030  -39.690415807  -11.157108302
    0.475998887   -2.443460953   44.617305931  -47.312231948  -13.590237562
    0.666398442   -2.443460953   35.837492100  -42.726893133  -15.329202400
    0.856797996   -2.443460953   29.185509053  -25.265019282  -16.120733148
    1.047197551   -2.443460953   26.776188266    0.748623964  -15.724072616
    1.237597106   -2.443460953   29.515987488   27.361703261  -14.085432826
    1.427996661   -2.443460953   36.712953672   46.412259946  -11.398756861
    1.618396215   -2.443460953   46.376920114   52.779498799   -8.043300955
    1.808795770   -2.443460953   55.963530870   45.869598399   -4.409024810
    1.999195325   -2.443460953   63.191076313   28.707929976   -0.745415977
    2.189594880   -2.443460953   66.551186434    6.107602047    2.876776955
    2.379994435   -2.443460953   65.486732901  -16.981136045    6.509629096
    2.570393989   -2.443460953   60.331402593  -36.215147736   10.193793369
    2.760793544   -2.443460953   52.163041157  -48.170847696   13.848297775
    2.951193099   -2.443460953   42.591966833  -50.793385436   17.240062550

   -3.141592654   -2.094395102   39.240366389  -40.442981598   13.049005464
   -2.951193099   -2.094395102   32.671855782  -27.822405659   14.026973374
   -2.760793544   -2.094395102   28.853514279  -12.234643339   14.534511286
   -2.570393989   -2.094395102   27.936229612    2.019983472   14.711741463
   -2.379994435   -2.094395102   29.343942329   11.870919276   14.694345054
   -2.189594880   -2.094395102   32.117165403   16.408749913   14.544952578
   -1.999195325   -2.094395102   35.323060023   16.732630063   14.219413345
   -1.808795770   -2.094395102   38.356121220   14.969544222   13.570825254
   -1.618396215   -2.094395102   41.023662152   13.183038671   12.393363910
   -1.427996661   -2.094395102   43.457427296   12.648212762   10.498596413
   -1.237597106   -2.094395102   45.934644159   13.598153314    7.807300388
   -1.047197551   -2.094395102   48.693844283   15.411328815    4.429915866
   -0.856797996   -2.094395102   51.785269394   16.810594745    0.662337902
   -0.666398442   -2.094395102   54.978648001   16.175726333   -3.087699287
   -0.475998887   -2.094395102   57.729709409   11.913787336   -6.451654669
   -0.285599332   -2.094395102   59.226122796    2.897620885   -9.216348030
   -0.095199777   -2.094395102   58.541565839  -10.825180310  -11.369016155
    0.095199777   -2.094395102   54.939377314  -27.211378285  -13.056840346
    0.285599332   -2.094395102   48.298272193  -41.842096985  -14.465557738
    0.475998887   -2.094395102   39.499338874  -48.885777054  -15.689362955
    0.666398442   -2.094395102   30.484891855  -43.555024923  -16.640731410
    0.856797996   -2.094395102   23.778900333  -24.914958140  -17.065770502
    1.047197551   -2.094395102   21.582505898    2.687668684  -16.652081744
    1.237597106   -2.094395102   24.854588722   31.004569495  -15.201575911
    1.427996661   -2.094395102   32.887721736   51.473383711  -12.741273172
    1.618396215   -2.094395102   43.608768443   58.713280554   -9.532084955
    1.808795770   -2.094395102   54.363794652   52.123522058   -5.952187059
    1.999195325   -2.094395102   62.782358902   34.915352021   -2.343106043
    2.189594880   -2.094395102   67.309351742   12.147236545    1.072046967
    2.379994435   -2.094395102   67.380143544  -11.098595057    4.204622951
    2.570393989   -2.094395102   63.329317522  -30.516965824    7.025586257
    2.760793544   -2.094395102   56.216057647  -42.836174406    9.493846592
    2.951193099   -2.094395102   47.601203520  -46.148361460   11.528598444

   -3.141592654   -1.745329252   41.881840066  -39.224822087    6.232607667
   -2.951193099   -1.745329252   35.501317327  -27.050942939    6.323147932
   -2.760793544   -1.745329252   31.798851777  -11.776023586    6.199664374
   -2.570393989   -1.745329252   30.944136389    2.211408432    5.927108181
   -2.379994435   -1.745329252   32.355134183   11.678507802    5.468110453
   -2.189594880   -1.745329252   35.033714959   15.548284462    4.681549880
   -1.999195325   -1.745329252   37.981501742   14.816160183    3.391498494
   -1.808795770   -1.745329252   40.519412103   11.637877948    1.483062559
   -1.618396215   -1.745329252   42.401522269    8.261954775   -1.024336824
   -1.427996661   -1.745329252   43.756253387    6.294274992   -3.959776938
   -1.237597106   -1.745329252   44.927846914    6.368984591   -7.041387270
   -1.047197551   -1.745329252   46.295781163    8.195087420   -9.935134274
   -0.856797996   -1.745329252   48.093422650   10.600027118  -12.339427712
   -0.666398442   -1.745329252   50.263860907   11.735819191  -14.048165463
   -0.475998887   -1.745329252   52.364481358    9.520189785  -15.014185194
   -0.285599332   -1.745329252   53.580736696    2.261617511  -15.359746852
   -0.095199777   -1.745329252   52.888239128  -10.408984351  -15.334984263
    0.095199777   -1.745329252   49.399905636  -26.557420400  -15.243345190
    0.285599332   -1.745329252   42.854236890  -41.561354628  -15.328777740
    0.475998887   -1.745329252   34.054719028  -49.153763583  -15.677378710
    0.666398442   -1.745329252   24.958883551  -44.050322764  -16.158961555
    0.856797996   -1.745329252   18.189692992  -24.952541691  -16.453362067
    1.047197551   -1.745329252   16.090077821    3.848627121  -16.160940141
    1.237597106   -1.745329252   19.737272301   33.819226351  -14.980012457
    1.427996661   -1.745329252   28.465743859   55.904218676  -12.843203173
    1.618396215   -1.745329252   40.149241014   64.267889321   -9.954760343
    1.808795770   -1.745329252   52.013428726   58.092503362   -6.696873253
    1.999195325   -1.745329252   61.554409398   40.631077862   -3.470518809
    2.189594880   -1.745329252   67.109935049   17.180686071   -0.583032374
    2.379994435   -1.745329252   68.058858375   -6.925430098    1.808439913
    2.570393989   -1.745329252   64.719966839  -27.208987946    3.658446671
    2.760793544   -1.745329252   58.159988283  -40.323068833    4.981879592
    2.951193099   -1.745329252   49.955182930  -44.336393616    5.816814552

   -3.141592654   -1.396263402   41.294400918  -40.545767895    2.957334101
   -2.951193099   -1.396263402   34.677505585  -28.172045187    2.326534342
   -2.760793544   -1.396263402   30.795165747  -12.552522033    1.534173873
   -2.570393989   -1.396263402   29.812631274    1.579144907    0.668751946
   -2.379994435   -1.396263402   31.077288813   10.665815072   -0.343598136
   -2.189594880   -1.396263402   33.474963383   13.506034994   -1.739155400
   -1.999195325   -1.396263402   35.894456441   11.259220642   -3.791182467
   -1.808795770   -1.396263402   37.602517715    6.516612870   -6.628162377
   -1.618396215   -1.396263402   38.395787507    2.074427984  -10.098994472
   -1.427996661   -1.396263402   38.543656903   -0.014455586  -13.768772120
   -1.237597106   -1.396263402   38.590754527    1.048966205  -17.055702039
   -1.047197551   -1.396263402   39.116918766    4.797376823  -19.418902166
   -0.856797996   -1.396263402   40.493253599    9.607997038  -20.536349440
   -0.666398442   -1.396263402   42.701821239   13.066693881  -20.376577008
   -0.475998887   -1.396263402   45.233967571   12.586108131  -19.189893940
   -0.285599332   -1.396263402   47.129432053    6.166730905  -17.415937733
   -0.095199777   -1.396263402   47.182566918   -6.639848480  -15.547306379
    0.095199777   -1.396263402   44.332210167  -23.738958967  -14.009079280
    0.285599332   -1.396263402   38.191974138  -40.161506834  -13.047915487
    0.475998887   -1.396263402   29.520551616  -49.162636750  -12.679108641
    0.666398442   -1.396263402   20.327036189  -44.947668775  -12.691382727
    0.856797996   -1.396263402   13.372656207  -25.842792412  -12.721983696
    1.047197551   -1.396263402   11.182761370    3.924980215  -12.380845533
    1.237597106   -1.396263402   14.992662682   35.506311239  -11.396412280
    1.427996661   -1.396263402   24.207333580   59.274239266   -9.709569327
    1.618396215   -1.396263402   36.658031781   68.823073337   -7.481348518
    1.808795770   -1.396263402   49.438259813   63.005029181   -5.005725878
    1.999195325   -1.396263402   59.880510073   45.049748537   -2.585531964
    2.189594880   -1.396263402   66.179780359   20.496646328   -0.457493546
    2.379994435   -1.396263402   67.630607347   -4.991400629    1.241695727
    2.570393989   -1.396263402   64.529429868  -26.619301175    2.442009890
    2.760793544   -1.396263402   57.973949923  -40.805413791    3.114734414
    2.951193099   -1.396263402   49.607556818  -45.467948381    3.263329036

   -3.141592654   -1.047197551   39.316405956  -43.748329334    3.188576599
   -2.951193099   -1.047197551   32.099679777  -31.185010076    2.052512339
   -2.760793544   -1.047197551   27.696387036  -14.977364642    0.562327225
   -2.570393989   -1.047197551   26.310842975   -0.276047302   -1.169250259
   -2.379994435   -1.047197551   27.239158704    8.868948821   -3.156779111
   -2.189594880   -1.047197551   29.239500364   11.001384021   -5.564638742
   -1.999195325   -1.047197551   31.064722747    7.465589851   -8.582634725
   -1.808795770   -1.047197551   31.923032635    1.450279176  -12.228964977
   -1.618396215   -1.047197551   31.683792748   -3.527374403  -16.202252570
   -1.427996661   -1.047197551   30.809313872   -4.933911612  -19.898315632
   -1.237597106   -1.047197551   30.083768244   -1.967338831  -22.609222532
   -1.047197551   -1.047197551   30.282303545    4.442148374  -23.787780920
   -0.856797996   -1.047197551   31.854069130   11.965916261  -23.257111342
   -0.666398442   -1.047197551   34.724660208   17.510927640  -21.256540113
   -0.475998887   -1.047197551   38.219992842   18.052396684  -18.334846442
   -0.285599332   -1.047197551   41.160486634   11.485845854  -15.153610830
   -0.095199777   -1.047197551   42.131368104   -2.459198623  -12.273300732
    0.095199777   -1.047197551   39.918713110  -21.279862026  -10.014802576
    0.285599332   -1.047197551   34.073670312  -39.485912011   -8.413233061
    0.475998887   -1.047197551   25.393691301  -49.817494675   -7.283623315
    0.666398442   -1.047197551   16.014190039  -46.093632018   -6.353699348
    0.856797996   -1.047197551    8.873251674  -26.514604589   -5.399927359
    1.047197551   -1.047197551    6.666485973    4.501546822   -4.324473484
    1.237597106   -1.047197551   10.735354366   37.646584551   -3.152272995
    1.427996661   -1.047197551   20.492557272   62.744524288   -1.969735530
    1.618396215   -1.047197551   33.682762550   72.983289388   -0.853459251
    1.808795770   -1.047197551   47.259027725   67.074983260    0.173821661
    1.999195325   -1.047197551   58.412396891   48.349277428    1.135741456
    2.189594880   -1.047197551   65.230171986   22.591177824    2.053201306
    2.379994435   -1.047197551   66.948190816   -4.295605825    2.901471240
    2.570393989   -1.047197551   63.845397902  -27.317410734    3.581097017
    2.760793544   -1.047197551   57.036156266  -42.733449559    3.941898337
    2.951193099   -1.047197551   48.210784203  -48.283489652    3.832939854

   -3.141592654   -0.698131701   39.206156850  -46.677667427    2.430015433
   -2.951193099   -0.698131701   31.362590871  -34.769959780    0.645380421
   -2.760793544   -0.698131701   26.244609045  -18.841123995   -1.589529791
   -2.570393989   -0.698131701   24.114917780   -4.219096629   -4.102066929
   -2.379994435   -0.698131701   24.276325807    4.705240147   -6.828546715
   -2.189594880   -0.698131701   25.434062280    6.249203944   -9.852671438
   -1.999195325   -0.698131701   26.275941413    1.881043129  -13.270736423
   -1.808795770   -0.698131701   26.007865698   -4.694788153  -16.980646813
   -1.618396215   -0.698131701   24.613594118   -9.312658800  -20.544901831
   -1.427996661   -0.698131701   22.775096059   -9.050923792  -23.260381345
   -1.237597106   -0.698131701   21.519737551   -3.263862629  -24.430641559
   -1.047197551   -0.698131701   21.784556078    6.442933303  -23.681156843
   -0.856797996   -0.698131701   24.024672746   16.844046589  -21.143723924
   -0.666398442   -0.698131701   28.010705389   24.115852412  -17.413659869
   -0.475998887   -0.698131701   32.812797039   24.926821582  -13.310676831
   -0.285599332   -0.698131701   36.984439106   17.367149504   -9.581348804
   -0.095199777   -0.698131701   38.919178680    1.719632092   -6.648917117
    0.095199777   -0.698131701   37.333842847  -18.820596052   -4.519862710
    0.285599332   -0.698131701   31.834011898  -38.196432474   -2.864294734
    0.475998887   -0.698131701   23.351580639  -48.903386806   -1.240524705
    0.666398442   -0.698131701   14.167091473  -44.885047442    0.637329012
    0.856797996   -0.698131701    7.312120463  -24.725708404    2.733854994
    1.047197551   -0.698131701    5.494697869    6.736842682    4.718758681
    1.237597106   -0.698131701   10.003062750   39.946546104    6.171196340
    1.427996661   -0.698131701   20.174405555   64.737624582    6.820342230
    1.618396215   -0.698131701   33.700260163   74.503725217    6.685108833
    1.808795770   -0.698131701   47.524412087   68.180310350    6.048534548
    1.999195325   -0.698131701   58.861113582   49.193928378    5.296299593
    2.189594880   -0.698131701   65.822985639   23.261977275    4.735611145
    2.379994435   -0.698131701   67.646577584   -3.889929940    4.471867105
    2.570393989   -0.698131701   64.576329825  -27.432163706    4.384409916
    2.760793544   -0.698131701   57.670838813  -43.680028791    4.199777923
    2.951193099   -0.698131701   48.569229078  -50.247098675    3.611681034

   -3.141592654   -0.349065850   39.685402783  -49.973862769    2.089534166
   -2.951193099   -0.349065850   31.111319962  -39.071532926   -0.022894070
   -2.760793544   -0.349065850   25.111765399  -23.717545626   -2.630419364
   -2.570393989   -0.349065850   22.029080036   -9.307818041   -5.533942076
   -2.379994435   -0.349065850   21.209247570   -0.524952944   -8.602105130
   -2.189594880   -0.349065850   21.347356667    0.747014803  -11.812689690
   -1.999195325   -0.349065850   21.113849372   -3.875623225  -15.131093879
   -1.808795770   -0.349065850   19.762670630  -10.174331729  -18.326340560
   -1.618396215   -0.349065850   17.434696815  -13.423500601  -20.879300889
   -1.427996661   -0.349065850   15.045997564  -10.524389130  -22.107367982
   -1.237597106   -0.349065850   13.832594704   -1.280501280  -21.473194381
   -1.047197551   -0.349065850   14.803252065   11.769811121  -18.892765192
   -0.856797996   -0.349065850   18.294575233   24.407525459  -14.838425870
   -0.666398442   -0.349065850   23.801564804   32.230356317  -10.183971848
   -0.475998887   -0.349065850   30.068082937   31.955007563   -5.850486483
   -0.285599332   -0.349065850   35.388879140   22.312912248   -2.461717707
   -0.095199777   -0.349065850   38.055219205    4.526833060   -0.129471302
    0.095199777   -0.349065850   36.860064736  -17.343485002    1.537050814
    0.285599332   -0.349065850   31.613298163  -36.807113251    3.197902166
    0.475998887   -0.349065850   23.475113482  -46.557960693    5.419197623
    0.666398442   -0.349065850   14.861405218  -41.271908188    8.331456284
    0.856797996   -0.349065850    8.777182228  -20.420341295   11.512357005
    1.047197551   -0.349065850    7.758058306   10.598309376   14.173775864
    1.237597106   -0.349065850   12.870870097   42.283657189   15.567159466
    1.427996661   -0.349065850   23.297900497   65.068072261   15.354946475
    1.618396215   -0.349065850   36.713523664   73.123868175   13.752435126
    1.808795770   -0.349065850   50.175700543   65.919660133   11.386521296
    1.999195325   -0.349065850   61.071858230   46.965925272    8.978630030
    2.189594880   -0.349065850   67.662570531   21.648466171    7.061662327
    2.379994435   -0.349065850   69.246029476   -4.834978894    5.816382820
    2.570393989   -0.349065850   66.028792944  -28.129447324    5.079367465
    2.760793544   -0.349065850   58.962249466  -44.792539116    4.470589760
    2.951193099   -0.349065850   49.562051758  -52.339913768    3.567972463

   -3.141592654    0.000000000   40.720767481  -52.851816636    1.265620921
   -2.951193099    0.000000000   31.483612433  -43.115545092   -0.650332583
   -2.760793544    0.000000000   24.620790199  -28.679118249   -2.975290871
   -2.570393989    0.000000000   20.531465634  -14.863401103   -5.559542312
   -2.379994435    0.000000000   18.617151920   -6.428387872   -8.281286954
   -2.189594880    0.000000000   17.616361163   -5.259128716  -11.063375294
   -1.999195325    0.000000000   16.264729907   -9.501515022  -13.767451590
   -1.808795770    0.000000000   13.946650979  -14.522219508  -16.064148943
   -1.618396215    0.000000000   11.004844580  -15.325187797  -17.416560846
   -1.427996661    0.000000000    8.567211100   -9.026193467  -17.258449509
   -1.237597106    0.000000000    7.984609175    3.786774773  -15.296359191
   -1.047197551    0.000000000   10.197158393   19.519367706  -11.744592278
   -0.856797996    0.000000000   15.287966193   33.134602093   -7.306808189
   -0.666398442    0.000000000   22.399261608   40.069142423   -2.918587801
   -0.475998887    0.000000000   29.961735148   37.581587457    0.647866237
   -0.285599332    0.000000000   36.110599796   25.423860238    3.081796471
   -0.095199777    0.000000000   39.183894954    5.893121262    4.634705966
    0.095199777    0.000000000   38.197561234  -16.247499646    5.985285316
    0.285599332    0.000000000   33.257008446  -34.477577288    7.903300561
    0.475998887    0.000000000   25.751297582  -42.213226968   10.846588561
    0.666398442    0.000000000   18.136122795  -35.311931322   14.655868140
    0.856797996    0.000000000   13.231479997  -14.310411664   18.544429222
    1.047197551    0.000000000   13.242752528   15.011699748   21.424172304
    1.237597106    0.000000000   18.921164792   43.666854042   22.417850696
    1.427996661    0.000000000   29.295285874   63.193243440   21.257414321
    1.618396215    0.000000000   42.105836570   68.867494309   18.368341755
    1.808795770    0.000000000   54.645268811   60.742854094   14.625595177
    1.999195325    0.000000000   64.581549023   42.262072356   10.947594433
    2.189594880    0.000000000   70.392490212   18.240263983    7.980683527
    2.379994435    0.000000000   71.463416539   -6.852588604    5.940089122
    2.570393989    0.000000000   67.957328429  -29.265321861    4.653370772
    2.760793544    0.000000000   60.695053579  -45.860750379    3.717579850
    2.951193099    0.000000000   51.036110189  -54.093180839    2.690718855

   -3.141592654    0.349065850   42.204574413  -54.714561673    0.858322260
   -2.951193099    0.349065850   32.508878075  -46.043780377   -0.267825430
   -2.760793544    0.349065850   24.997288601  -32.511766772   -1.627897540
   -2.570393989    0.349065850   20.115394057  -19.293963234   -3.195432454
   -2.379994435    0.349065850   17.325669682  -11.136262435   -4.935358336
   -2.189594880    0.349065850   15.429444916   -9.885359622   -6.786566672
   -1.999195325    0.349065850   13.245348819  -13.508784004   -8.586694655
   -1.808795770    0.349065850   10.284327023  -17.121051656  -10.009845909
   -1.618396215    0.349065850    7.051209576  -15.655057665  -10.609926761
   -1.427996661    0.349065850    4.812826001   -6.569138799  -10.000132231
   -1.237597106    0.349065850    4.952718400    8.805163177   -8.082539223
   -1.047197551    0.349065850    8.286399417   26.050195371   -5.174233631
   -0.856797996    0.349065850   14.646117337   39.672584294   -1.902475652
   -0.666398442    0.349065850   22.893392712   45.289259675    1.061894348
   -0.475998887    0.349065850   31.268988071   40.881146677    3.318923004
   -0.285599332    0.349065850   37.884035777   27.153528976    4.907567108
   -0.095199777    0.349065850   41.224087764    7.199293628    6.278356951
    0.095199777    0.349065850   40.561785080  -13.918999620    8.094730953
    0.285599332    0.349065850   36.253314023  -30.056297088   10.909651261
    0.475998887    0.349065850   29.805220185  -35.621107945   14.839551868
    0.666398442    0.349065850   23.570812641  -27.697289683   19.377558065
    0.856797996    0.349065850   20.058660150   -7.674875670   23.494494816
    1.047197551    0.349065850   21.076852134   18.668356846   26.038072510
    1.237597106    0.349065850   27.070919958   43.253071320   26.241209565
    1.427996661    0.349065850   36.988702582   58.970910209   24.051970846
    1.618396215    0.349065850   48.736463726   62.229803076   20.119701160
    1.808795770    0.349065850   59.928305809   53.531333578   15.469383514
    1.999195325    0.349065850   68.567070886   36.062868315   11.072950272
    2.189594880    0.349065850   73.368816770   13.914297838    7.561876550
    2.379994435    0.349065850   73.804506654   -9.251756971    5.121948963
    2.570393989    0.349065850   69.982543566  -30.315973381    3.583199360
    2.760793544    0.349065850   62.579477417  -46.446551005    2.590523566
    2.951193099    0.349065850   52.784969810  -55.049413973    1.771649348

   -3.141592654    0.698131701   43.235431266  -55.209152360   -0.391301338
   -2.951193099    0.698131701   33.404523658  -46.982441809   -0.368098671
   -2.760793544    0.698131701   25.659896322  -34.020169295   -0.353609661
   -2.570393989    0.698131701   20.435431165  -21.365668200   -0.510891200
   -2.379994435    0.698131701   17.207914317  -13.621943598   -0.945493124
   -2.189594880    0.698131701   14.821929073  -12.476490725   -1.654149845
   -1.999195325    0.698131701   12.171065231  -15.730054095   -2.500799497
   -1.808795770    0.698131701    8.867874894  -18.399238537   -3.236517948
   -1.618396215    0.698131701    5.521387968  -15.507861164   -3.579554629
   -1.427996661    0.698131701    3.461732047   -4.854450462   -3.335917246
   -1.237597106    0.698131701    4.053949653   11.737224013   -2.497938433
   -1.047197551    0.698131701    8.003820513   29.447509888   -1.258835390
   -0.856797996    0.698131701   14.989104618   42.721609109    0.108125442
   -0.666398442    0.698131701   23.743519566   47.535468205    1.408206671
   -0.475998887    0.698131701   32.476589950   42.473188622    2.668208676
   -0.285599332    0.698131701   39.386737024   28.819369254    4.149065936
   -0.095199777    0.698131701   43.134107220    9.991400441    6.241662653
    0.095199777    0.698131701   43.187388682   -9.077313511    9.297958438
    0.285599332    0.698131701   40.025978295  -22.876796944   13.419124445
    0.475998887    0.698131701   35.118936597  -26.828885758   18.279734611
    0.666398442    0.698131701   30.581403800  -19.029346705   23.088430992
    0.856797996    0.698131701   28.532624980   -1.341600098   26.772742848
    1.047197551    0.698131701   30.383283490   20.863533050   28.366000766
    1.237597106    0.698131701   36.341606216   40.705100490   27.412551648
    1.427996661    0.698131701   45.378372599   52.508994758   24.154612151
    1.618396215    0.698131701   55.662723559   53.671325560   19.412027036
    1.808795770    0.698131701   65.187350231   44.886451368   14.222842840
    1.999195325    0.698131701   72.298405097   28.851435081    9.467790293
    2.189594880    0.698131701   75.925050765    8.828747366    5.667714347
    2.379994435    0.698131701   75.595156736  -12.266483893    2.959237477
    2.570393989    0.698131701   71.356449047  -31.785586440    1.221305253
    2.760793544    0.698131701   63.767016349  -47.046941540    0.227863045
    2.951193099    0.698131701   53.891795718  -55.382015440   -0.246155858

   -3.141592654    1.047197551   42.104066726  -54.912368804   -5.668709884
   -2.951193099    1.047197551   32.402013730  -45.977047862   -5.059277589
   -2.760793544    1.047197551   24.879867555  -32.765548368   -4.074263693
   -2.570393989    1.047197551   19.878223266  -20.347760293   -3.020546482
   -2.379994435    1.047197551   16.794707432  -13.152209753   -2.145438769
   -2.189594880    1.047197551   14.440977709  -12.585562901   -1.551185804
   -1.999195325    1.047197551   11.731133626  -16.187702663   -1.203194451
   -1.808795770    1.047197551    8.335199859  -18.860364078   -0.998916305
   -1.618396215    1.047197551    4.923729091  -15.699869676   -0.849067818
   -1.427996661    1.047197551    2.860515481   -4.709248120   -0.718839118
   -1.237597106    1.047197551    3.504008248   12.089453354   -0.607710698
   -1.047197551    1.047197551    7.526167319   29.829262281   -0.498501641
   -0.856797996    1.047197551   14.584661356   43.120715631   -0.285457026
   -0.666398442    1.047197551   23.438831997   48.259032773    0.240577247
   -0.475998887    1.047197551   32.384974816   44.104869646    1.369194852
   -0.285599332    1.047197551   39.745551218   32.023440409    3.382364023
   -0.095199777    1.047197551   44.294555920   15.259148487    6.443649128
    0.095199777    1.047197551   45.555120906   -1.704177732   10.511925178
    0.285599332    1.047197551   43.954374698  -14.018613318   15.265936471
    0.475998887    1.047197551   40.775131518  -17.812387168   20.080486372
    0.666398442    1.047197551   37.829111074  -11.646215155   24.103309419
    0.856797996    1.047197551   36.891733729    2.707053777   26.466466999
    1.047197551    1.047197551   39.110178037   20.611395079   26.582433264
    1.237597106    1.047197551   44.615144923   36.318113054   24.387444578
    1.427996661    1.047197551   52.512007143   45.182007069   20.368107691
    1.618396215    1.047197551   61.253006646   45.069157459   15.366507349
    1.808795770    1.047197551   69.141669539   36.510635902   10.246607738
    1.999195325    1.047197551   74.759723012   21.649174641    5.628020617
    2.189594880    1.047197551   77.157220834    3.133537369    1.803501711
    2.379994435    1.047197551   75.883484519  -16.511090090   -1.189838784
    2.570393989    1.047197551   70.959972516  -34.758062288   -3.412888602
    2.760793544    1.047197551   62.915373946  -48.864007283   -4.904015541
    2.951193099    1.047197551   52.799700400  -56.092872281   -5.652033457

   -3.141592654    1.396263402   37.423735928  -55.406670629  -10.763846904
   -2.951193099    1.396263402   27.818890956  -44.491831018   -9.857530484
   -2.760793544    1.396263402   20.734411185  -29.758008150   -8.329856377
   -2.570393989    1.396263402   16.391939176  -16.563038075   -6.574517582
   -2.379994435    1.396263402   14.043364569   -9.322213969   -4.891529709
   -2.189594880    1.396263402   12.379283162   -9.238635954   -3.391891127
   -1.999195325    1.396263402   10.235610078  -13.624405002   -2.058949567
   -1.808795770    1.396263402    7.239716696  -17.244205450   -0.877826943
   -1.618396215    1.396263402    4.038736825  -15.115954487    0.081812235
   -1.427996661    1.396263402    1.990057697   -5.122706976    0.699757480
   -1.237597106    1.396263402    2.480017617   10.949071340    0.927207608
   -1.047197551    1.396263402    6.260141470   28.541306125    0.880810224
   -0.856797996    1.396263402   13.124927277   42.510829660    0.862991110
   -0.666398442    1.396263402   21.998960830   49.207740511    1.268014558
   -0.475998887    1.396263402   31.328916667   47.264458088    2.460839276
   -0.285599332    1.396263402   39.521227654   37.583781187    4.655645266
   -0.095199777    1.396263402   45.332390013   22.843578104    7.831198184
    0.095199777    1.396263402   48.159328267    6.969000311   11.710892812
    0.285599332    1.396263402   48.207713541   -5.617848713   15.773888177
    0.475998887    1.396263402   46.480706767  -11.209503481   19.328503307
    0.666398442    1.396263402   44.513143453   -8.149152315   21.657285291
    0.856797996    1.396263402   43.885228268    2.419354455   22.225670528
    1.047197551    1.396263402   45.696827242   16.741100299   20.862422446
    1.237597106    1.396263402   50.199261862   29.868902829   17.835839220
    1.427996661    1.396263402   56.733342447   37.549665811   13.739497904
    1.618396215    1.396263402   64.009243867   37.474125817    9.265361825
    1.808795770    1.396263402   70.514477214   29.628697790    4.953076824
    1.999195325    1.396263402   74.901068796   15.570597144    1.070719557
    2.189594880    1.396263402   76.198437128   -2.392448270   -2.338639995
    2.379994435    1.396263402   73.905063535  -21.709070992   -5.316121218
    2.570393989    1.396263402   68.025778413  -39.548152339   -7.829350014
    2.760793544    1.396263402   59.140462267  -52.796971582   -9.715145057
    2.951193099    1.396263402   48.406529580  -58.544899807  -10.739804151

   -3.141592654    1.745329252   31.590781690  -55.339416732  -16.711594976
   -2.951193099    1.745329252   22.196108176  -42.429702196  -16.266124411
   -2.760793544    1.745329252   15.642235425  -26.380566794  -14.750701791
   -2.570393989    1.745329252   12.003971165  -12.666977220  -12.460097604
   -2.379994435    1.745329252   10.398655811   -5.478007556   -9.697849937
   -2.189594880    1.745329252    9.437983312   -5.722406838   -6.672183886
   -1.999195325    1.745329252    7.921244146  -10.582366100   -3.536258063
   -1.808795770    1.745329252    5.443960682  -14.884666237   -0.489688049
   -1.618396215    1.745329252    2.606676619  -13.699087385    2.175484550
   -1.427996661    1.745329252    0.727747715   -4.749989144    4.157860921
   -1.237597106    1.745329252    1.209302907   10.562830344    5.313616459
   -1.047197551    1.745329252    4.898231080   28.104020551    5.763170614
   -0.856797996    1.745329252   11.748294736   42.933065995    5.874885003
   -0.666398442    1.745329252   20.850061286   51.275159209    6.109602575
   -0.475998887    1.745329252   30.763632750   51.347015300    6.849025725
   -0.285599332    1.745329252   39.914590861   43.488880697    8.261682797
   -0.095199777    1.745329252   46.969882041   29.841514741   10.242346076
    0.095199777    1.745329252   51.145026481   13.917842891   12.433514510
    0.285599332    1.745329252   52.407297644   -0.032867553   14.297420831
    0.475998887    1.745329252   51.519641598   -8.139212578   15.266386369
    0.666398442    1.745329252   49.841194568   -8.224181546   14.930809272
    0.856797996    1.745329252   48.901501698   -0.694824316   13.211880644
    1.047197551    1.745329252   49.890315978   11.395158428   10.392764533
    1.237597106    1.745329252   53.255665576   23.466584767    7.011802258
    1.427996661    1.745329252   58.559213050   31.171978177    3.627866218
    1.618396215    1.745329252   64.675037641   31.712340797    0.611863944
    1.808795770    1.745329252   70.147009730   24.496268445   -1.966960814
    1.999195325    1.745329252   73.588436000   10.702981009   -4.289282192
    2.189594880    1.745329252   73.951705201   -7.378721642   -6.620682100
    2.379994435    1.745329252   70.688531151  -26.874725761   -9.130328262
    2.570393989    1.745329252   63.837328160  -44.479976890  -11.753554165
    2.760793544    1.745329252   54.094185249  -56.718950283  -14.181317250
    2.951193099    1.745329252   42.773053952  -60.675891024  -15.962386661

   -3.141592654    2.094395102   24.887075260  -56.342950559  -17.517824253
   -2.951193099    2.094395102   15.521641238  -41.139073352  -17.263423660
   -2.760793544    2.094395102    9.410825898  -23.101782610  -15.852138739
   -2.570393989    2.094395102    6.542956551   -7.955353499  -13.481002734
   -2.379994435    2.094395102    5.928502180    0.138288658  -10.390321643
   -2.189594880    2.094395102    6.088930221    0.368795284   -6.764714764
   -1.999195325    2.094395102    5.743740527   -4.449373499   -2.768664692
   -1.808795770    2.094395102    4.395685978   -9.259068344    1.352279219
   -1.618396215    2.094395102    2.534573619   -9.163541034    5.217878987
   -1.427996661    2.094395102    1.383873561   -1.665554557    8.392742589
   -1.237597106    2.094395102    2.318717356   12.290650421   10.565706797
   -1.047197551    2.094395102    6.249818049   29.031476589   11.688002833
   -0.856797996    2.094395102   13.260882201   43.807826485   11.986444126
   -0.666398442    2.094395102   22.574481071   52.689747902   11.836549300
   -0.475998887    2.094395102   32.827781531   53.491531359   11.595655476
   -0.285599332    2.094395102   42.438324205   46.084602740   11.466156350
   -0.095199777    2.094395102   49.981211797   32.231731898   11.426104643
    0.095199777    2.094395102   54.523798637   15.237176699   11.239296504
    0.285599332    2.094395102   55.870306697   -0.578025850   10.539134909
    0.475998887    2.094395102   54.665823890  -10.940947791    9.001768402
    0.666398442    2.094395102   52.253273254  -13.022182442    6.533465546
    0.856797996    2.094395102   50.275581911   -6.604680024    3.389922180
    1.047197551    2.094395102   50.127346523    5.565521130    0.097513005
    1.237597106    2.094395102   52.474068501   18.720866659   -2.761727806
    1.427996661    2.094395102   57.016377859   27.935331885   -4.816566108
    1.618396215    2.094395102   62.642408635   29.711355132   -6.051224615
    1.808795770    2.094395102   67.792099805   22.964547614   -6.785275102
    1.999195325    2.094395102   70.914838223    8.756023760   -7.498820497
    2.189594880    2.094395102   70.814273519  -10.365811148   -8.612476236
    2.379994435    2.094395102   66.870115043  -30.998999405  -10.319070973
    2.570393989    2.094395102   59.160475548  -49.239472656  -12.500921263
    2.760793544    2.094395102   48.522766054  -61.166665956  -14.771637654
    2.951193099    2.094395102   36.467818397  -63.775042725  -16.600450116

   -3.141592654    2.443460953   19.086321427  -57.704603925  -11.413745085
   -2.951193099    2.443460953    9.638119878  -40.631595234  -10.738928572
   -2.760793544    2.443460953    3.804954570  -20.721249612   -9.176226858
   -2.570393989    2.443460953    1.554177324   -3.899186774   -6.821999770
   -2.379994435    2.443460953    1.853808271    5.644904909   -3.801405016
   -2.189594880    2.443460953    3.183012911    7.093341901   -0.205757182
   -1.999195325    2.443460953    4.207495203    3.132734068    3.862611744
   -1.808795770    2.443460953    4.337580354   -1.443329423    8.187971988
   -1.618396215    2.443460953    3.921466947   -1.951405249   12.377237330
   -1.427996661    2.443460953    4.021463395    4.145999668   15.922513803
   -1.237597106    2.443460953    5.890214070   16.249826222   18.374505201
   -1.047197551    2.443460953   10.398291425   31.170391422   19.507957863
   -0.856797996    2.443460953   17.673487004   44.520095039   19.378276736
   -0.666398442    2.443460953   27.026471834   52.460388831   18.246242873
   -0.475998887    2.443460953   37.175183091   52.649772725   16.432832352
   -0.285599332    2.443460953   46.573116534   44.668622185   14.185525606
   -0.095199777    2.443460953   53.773499788   29.986655706   11.598704892
    0.095199777    2.443460953   57.776375210   11.736828395    8.611568605
    0.285599332    2.443460953   58.309124733   -5.656986429    5.101537491
    0.475998887    2.443460953   55.990921137  -17.495429232    1.057916126
    0.666398442    2.443460953   52.241849051  -20.322317533   -3.262025086
    0.856797996    2.443460953   48.896532735  -13.437349149   -7.302737729
    1.047197551    2.443460953   47.592675868    0.446461961  -10.399642539
    1.237597106    2.443460953   49.190786755   16.034275331  -12.071296976
    1.427996661    2.443460953   53.449670454   27.560786461  -12.252905505
    1.618396215    2.443460953   59.158873767   30.776936352  -11.325320722
    1.808795770    2.443460953   64.551795269   24.254303725   -9.942979970
    1.999195325    2.443460953   67.851718763    9.185489619   -8.765189695
    2.189594880    2.443460953   67.697089436  -11.413214657   -8.236714630
    2.379994435    2.443460953   63.406058005  -33.544462487   -8.486929497
    2.570393989    2.443460953   55.106261466  -52.769325836   -9.338636989
    2.760793544    2.443460953   43.768345269  -64.826531524  -10.407432085
    2.951193099    2.443460953   31.078057440  -66.647748673  -11.229192918

   -3.141592654    2.792526803   16.464086767  -57.526421418    0.999437247
   -2.951193099    2.792526803    7.150088058  -39.381322082    2.507230189
   -2.760793544    2.792526803    1.668720763  -18.274027990    4.103792600
   -2.570393989    2.792526803    0.000000000   -0.240400580    5.802637964
   -2.379994435    2.792526803    1.110459210   10.494423785    7.744682450
   -2.189594880    2.792526803    3.472259965   13.069936197   10.155740368
   -1.999195325    2.792526803    5.727414115   10.028744385   13.198313755
   -1.808795770    2.792526803    7.222369756    5.890446749   16.795376215
   -1.618396215    2.792526803    8.185703911    5.057763820   20.541043752
   -1.427996661    2.792526803    9.519408514    9.954470795   23.785266317
   -1.237597106    2.792526803   12.319823938   20.134214647   25.868051045
   -1.047197551    2.792526803   17.351844169   32.760885749   26.368774351
   -0.856797996    2.792526803   24.709757850   43.828368414   25.225099732
   -0.666398442    2.792526803   33.733744346   49.752067888   22.690389232
   -0.475998887    2.792526803   43.203351396   48.278393377   19.160057118
   -0.285599332    2.792526803   51.634788697   38.926361283   15.000968643
   -0.095199777    2.792526803   57.624747403   23.033183954   10.440732982
    0.095199777    2.792526803   60.195607787    3.666893276    5.564352681
    0.285599332    2.792526803   59.102717848  -14.596302465    0.425275646
    0.475998887    2.792526803   55.046588153  -26.663250954   -4.785264322
    0.666398442    2.792526803   49.613754790  -28.614855046   -9.621173882
    0.856797996    2.792526803   44.874300287  -19.574295419  -13.437619714
    1.047197551    2.792526803   42.686994588   -2.586741505  -15.632938821
    1.237597106    2.792526803   44.021703286   16.258703628  -15.943124620
    1.427996661    2.792526803   48.580128204   30.310776656  -14.583172858
    1.618396215    2.792526803   54.952379669   34.766098466  -12.162267067
    1.808795770    2.792526803   61.114945675   28.158573692   -9.417610932
    1.999195325    2.792526803   65.070895076   12.065562867   -6.937499664
    2.189594880    2.792526803   65.332189624   -9.939148339   -5.008187758
    2.379994435    2.792526803   61.193762864  -33.360508114   -3.611754858
    2.570393989    2.792526803   52.840068001  -53.428702058   -2.533771145
    2.760793544    2.792526803   41.342276024  -65.741321857   -1.513025384
    2.951193099    2.792526803   28.500204848  -67.247175257   -0.355885155
