#! FIELDS phi psi file.free der_phi der_psi
#! SET min_phi -pi
#! SET max_phi pi
#! SET nbins_phi  33
#! SET periodic_phi true
#! SET min_psi -pi
#! SET max_psi pi
#! SET nbins_psi  18
#! SET periodic_psi true
   -3.141592654   -3.141592654   19.953783593  -43.946560896    9.894732631
   -2.951193099   -3.141592654   12.421245158  -34.109128029   12.251885162
   -2.760793544   -3.141592654    7.284791857  -19.403008503   14.249826766
   -2.570393989   -3.141592654    5.062143950   -4.267673971   15.842068848
   -2.379994435   -3.141592654    5.417087367    7.114431894   17.165903513
   -2.189594880   -3.141592654    7.394953865   12.666647813   18.451941414
   -1.999195325   -3.141592654    9.911313845   13.105984987   19.856044474
   -1.808795770   -3.141592654   12.239138605   11.253125268   21.299395062
   -1.618396215   -3.141592654   14.263309992   10.413620365   22.425735436
   -1.427996661   -3.141592654   16.406367797   12.690575975   22.726759961
   -1.237597106   -3.141592654   19.291597860   18.027699665   21.786909732
   -1.047197551   -3.141592654   23.337973154   24.418248290   19.508477668
   -0.856797996   -3.141592654   28.480970783   29.015355862   16.175484373
   -0.666398442   -3.141592654   34.137450584   29.525502372   12.328906681
   -0.475998887   -3.141592654   39.412869714   24.975041016    8.507223671
   -0.285599332   -3.141592654   43.371878685   15.895733971    5.022678250
   -0.095199777   -3.141592654   45.293537099    3.950723988    1.873317191
    0.095199777   -3.141592654   44.853783538   -8.451577862   -1.168420869
    0.285599332   -3.141592654   42.238835515  -18.374294905   -4.324501500
    0.475998887   -3.141592654   38.206123422  -22.930536223   -7.576514850
    0.666398442   -3.141592654   33.980880075  -20.240430253  -10.563195166
    0.856797996   -3.141592654   30.952357120  -10.648247173  -12.700329828
    1.047197551   -3.141592654   30.192167430    2.947559058  -13.471159545
    1.237597106   -3.141592654   32.048064877   16.039745245  -12.712998176
    1.427996661   -3.141592654   36.005724923   24.514297071  -10.706928205
    1.618396215   -3.141592654   40.945133999   26.200493282   -8.040623356
    1.808795770   -3.141592654   45.560994096   21.309707080   -5.317640588
    1.999195325   -3.141592654   48.744183543   11.474695544   -2.914271202
    2.189594880   -3.141592654   49.736309761   -1.409243372   -0.891486195
    2.379994435   -3.141592654   48.116912172  -15.690646665    0.932265768
    2.570393989   -3.141592654   43.783188772  -29.581343762    2.823166449
    2.760793544   -3.141592654   37.027911928  -40.676597461    4.968382087
    2.951193099   -3.141592654   28.653773082  -46.149283532    7.380721209

   -3.141592654   -2.792526803   24.452153677  -38.484459851   14.602776344
   -2.951193099   -2.792526803   17.881670916  -29.569208171   17.571118022
   -2.760793544   -2.792526803   13.489794483  -16.151792365   19.753392473
   -2.570393989   -2.792526803   11.766474268   -2.223883551   21.066505900
   -2.379994435   -2.792526803   12.429819972    8.403633638   21.700259065
   -2.189594880   -2.792526803   14.625858870   13.749842400   21.995068272
   -1.999195325   -2.792526803   17.356143197   14.283882794   22.242480231
   -1.808795770   -2.792526803   19.907332446   12.349034505   22.504932218
   -1.618396215   -2.792526803   22.085018279   10.800718834   22.557305642
   -1.427996661   -2.792526803   24.171369316   11.589083235   21.992993762
   -1.237597106   -2.792526803   26.659887159   14.922190717   20.448793548
   -1.047197551   -2.792526803   29.922939321   19.360661557   17.825090538
   -0.856797996   -2.792526803   33.961690704   22.623369175   14.363068851
   -0.666398442   -2.792526803   38.342720388   22.673957439   10.542156231
   -0.475998887   -2.792526803   42.329966605   18.391197258    6.836203779
   -0.285599332   -2.792526803   45.086244160    9.858742863    3.500668067
   -0.095199777   -2.792526803   45.897581279   -1.726869026    0.491059701
    0.095199777   -2.792526803   44.380468599  -14.141238655   -2.442035786
    0.285599332   -2.792526803   40.665477337  -24.222506487   -5.520473854
    0.475998887   -2.792526803   35.528999450  -28.556352808   -8.711811521
    0.666398442   -2.792526803   30.319642778  -24.768280752  -11.636113434
    0.856797996   -2.792526803   26.612750550  -13.086535198  -13.696672234
    1.047197551   -2.792526803   25.638144822    3.179850817  -14.368624483
    1.237597106   -2.792526803   27.784715584   18.777493233  -13.485788300
    1.427996661   -2.792526803   32.438452371   28.910618186  -11.327109473
    1.618396215   -2.792526803   38.285845461   31.164910365   -8.479284212
    1.808795770   -2.792526803   43.830583539   26.001827831   -5.535797475
    1.999195325   -2.792526803   47.853342372   15.601467731   -2.845195383
    2.189594880   -2.792526803   49.593276442    2.390829935   -0.419803806
    2.379994435   -2.792526803   48.706804743  -11.703002585    1.978869979
    2.570393989   -2.792526803   45.187752012  -24.962149295    4.649053521
    2.760793544   -2.792526803   39.383587909  -35.329752040    7.749396930
    2.951193099   -2.792526803   32.073322305  -40.418810725   11.180653290

   -3.141592654   -2.443460953   29.710789823  -32.471180138   14.764072904
   -2.951193099   -2.443460953   24.170761084  -24.883795452   17.573224940
   -2.760793544   -2.443460953   20.505025593  -13.247785777   19.505349591
   -2.570393989   -2.443460953   19.166801029   -1.028196488   20.458885715
   -2.379994435   -2.443460953   19.933452630    8.400424520   20.585853020
   -2.189594880   -2.443460953   22.067321977   13.201852716   20.186227066
   -1.999195325   -2.443460953   24.680145229   13.640488271   19.544986304
   -1.808795770   -2.443460953   27.104518044   11.621808278   18.787741120
   -1.618396215   -2.443460953   29.104799762    9.568384390   17.829715156
   -1.427996661   -2.443460953   30.860244150    9.251653115   16.448455407
   -1.237597106   -2.443460953   32.762847460   11.076614915   14.445103837
   -1.047197551   -2.443460953   35.151856750   14.089195213   11.805374969
   -0.856797996   -2.443460953   38.093040582   16.506668823    8.750674884
   -0.666398442   -2.443460953   41.291352666   16.506632512    5.652155113
   -0.475998887   -2.443460953   44.151381692   12.794871210    2.833564350
   -0.285599332   -2.443460953   45.912280238    4.992002790    0.409189363
   -0.095199777   -2.443460953   45.843209154   -6.181868431   -1.761967798
    0.095199777   -2.443460953   43.476155100  -18.685906278   -3.976706270
    0.285599332   -2.443460953   38.861865132  -29.126360949   -6.472318377
    0.475998887   -2.443460953   32.774031076  -33.538449716   -9.224805457
    0.666398442   -2.443460953   26.670014125  -29.004274991  -11.865337539
    0.856797996   -2.443460953   22.308843354  -15.554126867  -13.801402865
    1.047197551   -2.443460953   21.092588568    3.177279799  -14.484026514
    1.237597106   -2.443460953   23.478384863   21.235348717  -13.688242410
    1.427996661   -2.443460953   28.782513010   33.123689708  -11.620614004
    1.618396215   -2.443460953   35.519274698   36.121060583   -8.811771746
    1.808795770   -2.443460953   42.009683747   30.875834692   -5.834888328
    1.999195325   -2.443460953   46.923595804   20.084586479   -3.050357809
    2.189594880   -2.443460953   49.494799804    6.710590596   -0.498064591
    2.379994435   -2.443460953   49.455701973   -7.034798685    2.032497174
    2.570393989   -2.443460953   46.894731386  -19.524236408    4.814021072
    2.760793544   -2.443460953   42.205143206  -29.102138537    7.982228189
    2.951193099   -2.443460953   36.121512812  -33.885169073   11.416739818

   -3.141592654   -2.094395102   34.343710783  -27.319521084   11.124512459
   -2.951193099   -2.094395102   29.676919887  -20.975010015   13.012808089
   -2.760793544   -2.094395102   26.601185686  -11.002044932   14.194836084
   -2.570393989   -2.094395102   25.527273889   -0.470467054   14.616728512
   -2.379994435   -2.094395102   26.261662741    7.571601193   14.368898983
   -2.189594880   -2.094395102   28.140387246   11.422446742   13.611322105
   -1.999195325   -2.094395102   30.353726566   11.268002893   12.493473858
   -1.808795770   -2.094395102   32.283478828    8.803825366   11.103156919
   -1.618396215   -2.094395102   33.701395547    6.249216223    9.461642607
   -1.427996661   -2.094395102   34.767518911    5.317624687    7.563898129
   -1.237597106   -2.094395102   35.862209557    6.552782197    5.440789554
   -1.047197551   -2.094395102   37.354295540    9.266088620    3.212456226
   -0.856797996   -2.094395102   39.386229239   11.880903879    1.079643410
   -0.666398442   -2.094395102   41.760416404   12.545248402   -0.747921123
   -0.475998887   -2.094395102   43.946799433    9.682142224   -2.172380089
   -0.285599332   -2.094395102   45.179685853    2.494312006   -3.284362295
   -0.095199777   -2.094395102   44.649476710   -8.629651444   -4.348900889
    0.095199777   -2.094395102   41.771965877  -21.675823046   -5.696919074
    0.285599332   -2.094395102   36.511836271  -32.916688478   -7.542212726
    0.475998887   -2.094395102   29.646595587  -37.800107543   -9.825305283
    0.666398442   -2.094395102   22.752282072  -32.858586326  -12.157973097
    0.856797996   -2.094395102   17.783353083  -17.904884903  -13.939357489
    1.047197551   -2.094395102   16.331428699    3.136656827  -14.599844674
    1.237597106   -2.094395102   18.945354842   23.630243149  -13.866567393
    1.427996661   -2.094395102   24.894506668   37.352959435  -11.883808808
    1.618396215   -2.094395102   32.534459131   41.202798088   -9.133490398
    1.808795770   -2.094395102   40.001846292   35.938789544   -6.180123919
    1.999195325   -2.094395102   45.841702076   24.725979157   -3.418788058
    2.189594880   -2.094395102   49.263057150   11.054827561   -0.955920464
    2.379994435   -2.094395102   50.056593808   -2.556959578    1.342366725
    2.570393989   -2.094395102   48.393467853  -14.530399799    3.684460593
    2.760793544   -2.094395102   44.710689554  -23.554268747    6.180413173
    2.951193099   -2.094395102   39.707649827  -28.183993993    8.744061590

   -3.141592654   -1.745329252   37.086359232  -24.633191350    7.006163111
   -2.951193099   -1.745329252   32.852515324  -19.171141128    7.823358680
   -2.760793544   -1.745329252   30.020703422  -10.262080911    8.043327422
   -2.570393989   -1.745329252   28.985366661   -0.793901728    7.655544599
   -2.379994435   -1.745329252   29.565276120    6.294141802    6.720154230
   -2.189594880   -1.745329252   31.120204962    9.317378199    5.321573411
   -1.999195325   -1.745329252   32.861595121    8.428758209    3.550312139
   -1.808795770   -1.745329252   34.187081823    5.311477085    1.515364315
   -1.618396215   -1.745329252   34.887741525    2.239451620   -0.637098953
   -1.427996661   -1.745329252   35.160884595    1.054885103   -2.720787102
   -1.237597106   -1.745329252   35.451130761    2.448621425   -4.533812314
   -1.047197551   -1.745329252   36.215951990    5.816857925   -5.892972233
   -0.856797996   -1.745329252   37.687280614    9.501376411   -6.685515969
   -0.666398442   -1.745329252   39.723634499   11.371593051   -6.912342296
   -0.475998887   -1.745329252   41.783739699    9.454374013   -6.726834962
   -0.285599332   -1.745329252   43.015520128    2.589088044   -6.422942681
   -0.095199777   -1.745329252   42.471274067   -8.997686461   -6.363350893
    0.095199777   -1.745329252   39.426415252  -23.138064495   -6.868659740
    0.285599332   -1.745329252   33.764645957  -35.653452515   -8.079690535
    0.475998887   -1.745329252   26.286562629  -41.371941909   -9.859844000
    0.666398442   -1.745329252   18.706541156  -36.296229039  -11.783919687
    0.856797996   -1.745329252   13.189092728  -20.046263224  -13.261384869
    1.047197551   -1.745329252   11.526656300    3.158211078  -13.752909163
    1.237597106   -1.745329252   14.371805052   26.001739053  -12.999806569
    1.427996661   -1.745329252   20.958155868   41.527285756  -11.127012908
    1.618396215   -1.745329252   29.489570362   46.213690250   -8.570754073
    1.808795770   -1.745329252   37.916064957   40.873502487   -5.852323587
    1.999195325   -1.745329252   44.644120570   29.077167228   -3.353212477
    2.189594880   -1.745329252   48.833397986   14.798996981   -1.205370874
    2.379994435   -1.745329252   50.303305474    0.857018278    0.669209690
    2.570393989   -1.745329252   49.282972731  -11.158867104    2.418259612
    2.760793544   -1.745329252   46.246283104  -20.153625511    4.119242648
    2.951193099   -1.745329252   41.879429372  -24.953833403    5.705745827

   -3.141592654   -1.396263402   37.783855834  -24.627600284    4.133113225
   -2.951193099   -1.396263402   33.496867691  -19.743224498    4.036090231
   -2.760793544   -1.396263402   30.502802918  -11.392845887    3.377460623
   -2.570393989   -1.396263402   29.199924623   -2.477690679    2.221782498
   -2.379994435   -1.396263402   29.402884162    4.004594721    0.653607845
   -2.189594880   -1.396263402   30.457805545    6.345058621   -1.275936770
   -1.999195325   -1.396263402   31.567805804    4.785721496   -3.534063861
   -1.808795770   -1.396263402   32.151540803    1.222188669   -6.031801922
   -1.618396215   -1.396263402   32.067058572   -1.820064159   -8.557220332
   -1.427996661   -1.396263402   31.620586260   -2.333389254  -10.778039134
   -1.237597106   -1.396263402   31.378949524    0.341269085  -12.334442187
   -1.047197551   -1.396263402   31.896468951    5.361045393  -12.965952424
   -0.856797996   -1.396263402   33.439689473   10.678385697  -12.621890923
   -0.666398442   -1.396263402   35.824137504   13.750521857  -11.486812003
   -0.475998887   -1.396263402   38.394885336   12.296008233   -9.938431701
   -0.285599332   -1.396263402   40.144047488    5.042298124   -8.439664829
   -0.095199777   -1.396263402   39.968566449   -7.680713627   -7.407148800
    0.095199777   -1.396263402   37.029110011  -23.383951046   -7.107708237
    0.285599332   -1.396263402   31.171740656  -37.411981631   -7.578977291
    0.475998887   -1.396263402   23.256398698  -44.071576142   -8.608789546
    0.666398442   -1.396263402   15.147661482  -38.973861942   -9.780625571
    0.856797996   -1.396263402    9.208080848  -21.649567270  -10.603351592
    1.047197551   -1.396263402    7.406781113    3.373204474  -10.678981404
    1.237597106   -1.396263402   10.482520858   28.168488499   -9.853209593
    1.427996661   -1.396263402   17.632423330   45.149362690   -8.260349789
    1.618396215   -1.396263402   26.926226339   50.443735670   -6.245264312
    1.808795770   -1.396263402   36.150540186   44.908021759   -4.186016934
    1.999195325   -1.396263402   43.586902976   32.435974662   -2.338495001
    2.189594880   -1.396263402   48.340764370   17.379579946   -0.774941461
    2.379994435   -1.396263402   50.237670869    2.790431703    0.568230041
    2.570393989   -1.396263402   49.537369096   -9.709888226    1.775687780
    2.760793544   -1.396263402   46.736303716  -19.128248949    2.853770887
    2.951193099   -1.396263402   42.521083808  -24.395971772    3.693582647

   -3.141592654   -1.047197551   37.230691862  -26.952028204    2.337068655
   -2.951193099   -1.047197551   32.436906834  -22.685835843    1.726151030
   -2.760793544   -1.047197551   28.855100367  -14.559643261    0.519610229
   -2.570393989   -1.047197551   26.953837970   -5.565533546   -1.219224569
   -2.379994435   -1.047197551   26.582301271    1.041976730   -3.392504764
   -2.189594880   -1.047197551   27.071785725    3.330328632   -5.920021507
   -1.999195325   -1.047197551   27.587792957    1.548959551   -8.720218339
   -1.808795770   -1.047197551   27.539144341   -2.135022960  -11.626410561
   -1.618396215   -1.047197551   26.838804272   -4.825104657  -14.320356137
   -1.427996661   -1.047197551   25.909151333   -4.282968948  -16.361876363
   -1.237597106   -1.047197551   25.447857745    0.065713296  -17.334292641
   -1.047197551   -1.047197551   26.095148722    6.997661998  -17.021089692
   -0.856797996   -1.047197551   28.113088657   13.944823934  -15.521319017
   -0.666398442   -1.047197551   31.219019020   17.916549929  -13.225247192
   -0.475998887   -1.047197551   34.595243860   16.423253285  -10.680452683
   -0.285599332   -1.047197551   37.056776329    8.268811165   -8.407815079
   -0.095199777   -1.047197551   37.361287063   -5.930504122   -6.743272494
    0.095199777   -1.047197551   34.599103192  -23.262754041   -5.772403032
    0.285599332   -1.047197551   28.630650925  -38.618643639   -5.350785752
    0.475998887   -1.047197551   20.410965771  -45.928361344   -5.195809678
    0.666398442   -1.047197551   11.955838587  -40.612970502   -5.008763278
    0.856797996   -1.047197551    5.790714464  -22.279992893   -4.588525201
    1.047197551   -1.047197551    4.006003043    4.200190394   -3.885111984
    1.237597106   -1.047197551    7.378728291   30.406670468   -2.986794683
    1.427996661   -1.047197551   15.053536077   48.313921962   -2.051368868
    1.618396215   -1.047197551   24.985272232   53.864554738   -1.222968574
    1.808795770   -1.047197551   34.837836424   48.006936728   -0.564114591
    1.999195325   -1.047197551   42.805658606   34.889080206   -0.045082253
    2.189594880   -1.047197551   47.957459994   19.107722732    0.423173378
    2.379994435   -1.047197551   50.116469936    3.818523856    0.928838605
    2.570393989   -1.047197551   49.544794491   -9.397512569    1.493983518
    2.760793544   -1.047197551   46.727167472  -19.638028837    2.039761853
    2.951193099   -1.047197551   42.327299549  -25.830553661    2.388790363

   -3.141592654   -0.698131701   37.037711248  -28.700180840   -0.024738781
   -2.951193099   -0.698131701   31.826595363  -25.305650754   -1.312587845
   -2.760793544   -0.698131701   27.673663356  -17.898958249   -3.114095108
   -2.570393989   -0.698131701   25.086442584   -9.394933998   -5.319785679
   -2.379994435   -0.698131701   23.953088335   -3.113139656   -7.819576399
   -2.189594880   -0.698131701   23.626251052   -1.080054515  -10.544292943
   -1.999195325   -0.698131701   23.286099561   -2.998518138  -13.412473704
   -1.808795770   -0.698131701   22.385047718   -6.452194548  -16.214507190
   -1.618396215   -0.698131701   20.936495845   -8.232305555  -18.549778576
   -1.427996661   -0.698131701   19.509729937   -5.970407680  -19.905082774
   -1.237597106   -0.698131701   18.940003227    0.671721977  -19.867919612
   -1.047197551   -0.698131701   19.927895727    9.917200639  -18.343511594
   -0.856797996   -0.698131701   22.677444530   18.565187351  -15.641654480
   -0.666398442   -0.698131701   26.744262600   23.202419127  -12.367861324
   -0.475998887   -0.698131701   31.103953657   21.301919731   -9.185373715
   -0.285599332   -0.698131701   34.393309570   11.998316680   -6.570072102
   -0.095199777   -0.698131701   35.276644810   -3.574691150   -4.662522563
    0.095199777   -0.698131701   32.850975694  -22.009712501   -3.280248164
    0.285599332   -0.698131701   27.060878698  -37.896569696   -2.064711542
    0.475998887   -0.698131701   18.976552915  -45.146505358   -0.693367951
    0.666398442   -0.698131701   10.708011682  -39.410310365    0.936383248
    0.856797996   -0.698131701    4.817446282  -20.636494651    2.643093688
    1.047197551   -0.698131701    3.369227256    6.019324016    4.062849648
    1.237597106   -0.698131701    7.075883709   32.027144167    4.853194791
    1.427996661   -0.698131701   15.016858383   49.452267755    4.876263259
    1.618396215   -0.698131701   25.112172072   54.450573585    4.257594193
    1.808795770   -0.698131701   35.032853051   48.169871769    3.307856345
    1.999195325   -0.698131701   43.009158043   34.854328286    2.365255039
    2.189594880   -0.698131701   48.151672848   19.069427434    1.666785457
    2.379994435   -0.698131701   50.309700523    3.842172734    1.288346274
    2.570393989   -0.698131701   49.741494033   -9.415357606    1.145905722
    2.760793544   -0.698131701   46.897401407  -19.951268367    1.041551412
    2.951193099   -0.698131701   42.385025865  -26.742929404    0.722719211

   -3.141592654   -0.349065850   36.602245979  -31.008293686   -1.657127733
   -2.951193099   -0.349065850   30.868298708  -28.456641058   -3.120439937
   -2.760793544   -0.349065850   26.049697929  -21.690466577   -4.992932497
   -2.570393989   -0.349065850   22.699998716  -13.574891648   -7.193954315
   -2.379994435   -0.349065850   20.747199301   -7.524575729   -9.637109380
   -2.189594880   -0.349065850   19.564536100   -5.642281794  -12.247738605
   -1.999195325   -0.349065850   18.355471147   -7.505293289  -14.898741501
   -1.808795770   -0.349065850   16.641414969  -10.363451665  -17.307391648
   -1.618396215   -0.349065850   14.571185651  -10.694211731  -19.010249715
   -1.427996661   -0.349065850   12.883330717   -6.135691286  -19.491830878
   -1.237597106   -0.349065850   12.536678872    3.183088306  -18.432121985
   -1.047197551   -0.349065850   14.234051917   14.729644826  -15.916058428
   -0.856797996   -0.349065850   18.039333007   24.630294208  -12.453463645
   -0.666398442   -0.349065850   23.276472556   29.222077879   -8.783019265
   -0.475998887   -0.349065850   28.692749637   26.251631327   -5.558400094
   -0.285599332   -0.349065850   32.787219277   15.498504327   -3.090133025
   -0.095199777   -0.349065850   34.220262891   -1.199644243   -1.253914260
    0.095199777   -0.349065850   32.200613323  -19.975826471    0.398499823
    0.285599332   -0.349065850   26.832221319  -35.392521534    2.370470641
    0.475998887   -0.349065850   19.305652732  -41.786245901    4.920222054
    0.666398442   -0.349065850   11.742068562  -35.481038710    7.862975388
    0.856797996   -0.349065850    6.590311344  -16.989422018   10.600522954
    1.047197551   -0.349065850    5.730693265    8.396446134   12.394511929
    1.237597106   -0.349065850    9.715996916   32.520163241   12.735503233
    1.427996661   -0.349065850   17.570294672   48.112098025   11.590595671
    1.618396215   -0.349065850   27.283233923   51.915658213    9.396099420
    1.808795770   -0.349065850   36.676408346   45.307299920    6.820556298
    1.999195325   -0.349065850   44.135644253   32.377522704    4.462637864
    2.189594880   -0.349065850   48.873524829   17.318382219    2.660998410
    2.379994435   -0.349065850   50.765753732    2.762953914    1.462196341
    2.570393989   -0.349065850   50.030548898  -10.161801160    0.697379377
    2.760793544   -0.349065850   47.038784775  -20.840057143    0.097434845
    2.951193099   -0.349065850   42.307560535  -28.209975818   -0.617546375

   -3.141592654    0.000000000   36.130815021  -32.934168923   -2.589082327
   -2.951193099    0.000000000   29.958107993  -31.130211778   -3.907901947
   -2.760793544    0.000000000   24.560118905  -25.081006044   -5.491477916
   -2.570393989    0.000000000   20.505915398  -17.559292454   -7.315579075
   -2.379994435    0.000000000   17.750135564  -11.944381114   -9.345764911
   -2.189594880    0.000000000   15.702651233  -10.250635555  -11.518785553
   -1.999195325    0.000000000   13.633980281  -11.818868232  -13.669410307
   -1.808795770    0.000000000   11.187939925  -13.583508574  -15.457714620
   -1.618396215    0.000000000    8.684298567  -11.874721341  -16.398618056
   -1.427996661    0.000000000    7.024623860   -4.593407012  -16.036645383
   -1.237597106    0.000000000    7.237517040    7.441655621  -14.195385275
   -1.047197551    0.000000000    9.943955408   20.868950555  -11.138353500
   -0.856797996    0.000000000   14.990088173   31.277549576   -7.503957720
   -0.666398442    0.000000000   21.432086356   35.043973604   -4.041047442
   -0.475998887    0.000000000   27.812789344   30.502333985   -1.272720517
   -0.285599332    0.000000000   32.569399611   18.285957510    0.722233282
   -0.095199777    0.000000000   34.456852916    0.964961218    2.316046150
    0.095199777    0.000000000   32.880020067  -17.312187083    4.131590067
    0.285599332    0.000000000   28.136540605  -31.415143404    6.697751147
    0.475998887    0.000000000   21.501160728  -36.490590351   10.120377922
    0.666398442    0.000000000   15.004270367  -29.810594671   13.921403967
    0.856797996    0.000000000   10.849296181  -12.470288513   17.173188538
    1.047197551    0.000000000   10.625795603   10.371611592   18.907729956
    1.237597106    0.000000000   14.691332748   31.377472646   18.579849335
    1.427996661    0.000000000   22.062174143   44.337643097   16.318651719
    1.618396215    0.000000000   30.900141700   46.741205718   12.832607554
    1.808795770    0.000000000   39.284467421   40.092682290    9.044247166
    1.999195325    0.000000000   45.828000640   28.085959606    5.699934492
    2.189594880    0.000000000   49.869697821   14.309301659    3.163974642
    2.379994435    0.000000000   51.302133373    0.885240799    1.430541774
    2.570393989    0.000000000   50.283245262  -11.347589872    0.265826494
    2.760793544    0.000000000   47.090022137  -21.859498468   -0.630121979
    2.951193099    0.000000000   42.142594630  -29.524034081   -1.522668754

   -3.141592654    0.349065850   35.891319571  -34.019480010   -2.626141599
   -2.951193099    0.349065850   29.463318578  -32.734435310   -3.406945615
   -2.760793544    0.349065850   23.701690648  -27.296567435   -4.286021905
   -2.570393989    0.349065850   19.166953602  -20.382018626   -5.328033980
   -2.379994435    0.349065850   15.822754972  -15.275578467   -6.575786436
   -2.189594880    0.349065850   13.111053146  -13.835199261   -8.001066419
   -1.999195325    0.349065850   10.374054428  -15.144293178   -9.442423951
   -1.808795770    0.349065850    7.379879946  -15.871040166  -10.575558329
   -1.618396215    0.349065850    4.607076336  -12.289215362  -10.979125359
   -1.427996661    0.349065850    3.091354856   -2.634546900  -10.306875855
   -1.237597106    0.349065850    3.895781479   11.594812775   -8.488429068
   -1.047197551    0.349065850    7.535215447   26.317119544   -5.828361552
   -0.856797996    0.349065850   13.642695256   36.765300461   -2.899722694
   -0.666398442    0.349065850   21.046517286   39.532643291   -0.288683872
   -0.475998887    0.349065850   28.152190440   33.642921354    1.690381536
   -0.285599332    0.349065850   33.410825382   20.556305152    3.145611582
   -0.095199777    0.349065850   35.729954137    3.426331819    4.551461232
    0.095199777    0.349065850   34.729865134  -13.564278240    6.520697552
    0.285599332    0.349065850   30.870078286  -25.874716767    9.464892187
    0.475998887    0.349065850   25.428648656  -29.672224288   13.299384638
    0.666398442    0.349065850   20.239207079  -23.218956738   17.346514097
    0.856797996    0.349065850   17.166125078   -8.013919614   20.539575664
    1.047197551    0.349065850   17.465692867   11.247659363   21.885165766
    1.237597106    0.349065850   21.323808167   28.384131182   20.927090135
    1.427996661    0.349065850   27.824131404   38.432955006   17.950046550
    1.618396215    0.349065850   35.391073099   39.599395395   13.812544563
    1.808795770    0.349065850   42.430171366   33.338668860    9.521046191
    1.999195325    0.349065850   47.811923223   22.744247211    5.828581468
    2.189594880    0.349065850   50.998973203   10.668539812    3.054875795
    2.379994435    0.349065850   51.883159413   -1.303592683    1.145243629
    2.570393989    0.349065850   50.547046594  -12.577658398   -0.147801546
    2.760793544    0.349065850   47.169525360  -22.647209047   -1.089090472
    2.951193099    0.349065850   42.078569450  -30.301964103   -1.875263974

   -3.141592654    0.698131701   35.639991765  -33.996323509   -3.131220805
   -2.951193099    0.698131701   29.216004544  -32.755429882   -3.333171206
   -2.760793544    0.698131701   23.418713167  -27.697708796   -3.388713639
   -2.570393989    0.698131701   18.749420403  -21.422479200   -3.462154884
   -2.379994435    0.698131701   15.139626227  -17.011508254   -3.698513273
   -2.189594880    0.698131701   12.046980087  -16.037076978   -4.141674469
   -1.999195325    0.698131701    8.885459580  -17.295713183   -4.689862416
   -1.808795770    0.698131701    5.540903375  -17.281183555   -5.109869519
   -1.618396215    0.698131701    2.622178299  -12.327269638   -5.117450821
   -1.427996661    0.698131701    1.256391900   -1.018046338   -4.504751188
   -1.237597106    0.698131701    2.511503654   14.617798685   -3.255735554
   -1.047197551    0.698131701    6.805765141   30.023376799   -1.584050726
   -0.856797996    0.698131701   13.614716664   40.286862790    0.164552548
   -0.666398442    0.698131701   21.621661442   42.291343752    1.685853970
   -0.475998887    0.698131701   29.175304413   35.654129787    2.898924443
   -0.285599332    0.698131701   34.792058066   22.453282372    4.019071514
   -0.095199777    0.698131701   37.539940089    6.202358921    5.476511748
    0.095199777    0.698131701   37.223214915   -9.061463831    7.720466704
    0.285599332    0.698131701   34.405434267  -19.484727924   10.945725088
    0.475998887    0.698131701   30.301032308  -22.249041175   14.874320360
    0.666398442    0.698131701   26.490685280  -16.504135640   18.729550761
    0.856797996    0.698131701   24.469905206   -3.983037644   21.473204366
    1.047197551    0.698131701   25.166042156   11.255556003   22.245767100
    1.237597106    0.698131701   28.626443173   24.301709170   20.761284371
    1.427996661    0.698131701   34.047441873   31.460063446   17.429958641
    1.618396215    0.698131701   40.155736917   31.570934566   13.146230536
    1.808795770    0.698131701   45.702381011   25.921716423    8.862914801
    1.999195325    0.698131701   49.813578676   16.908069952    5.235193402
    2.189594880    0.698131701   52.060931957    6.616551555    2.490265882
    2.379994435    0.698131701   52.323047454   -3.853737826    0.526350528
    2.570393989    0.698131701   50.610368325  -14.047987978   -0.884750341
    2.760793544    0.698131701   47.027414238  -23.380999961   -1.925139461
    2.951193099    0.698131701   41.846691275  -30.544230229   -2.669341986

   -3.141592654    1.047197551   34.336814240  -34.509812124   -6.000257580
   -2.951193099    1.047197551   27.878161074  -32.620887097   -6.309119719
   -2.760793544    1.047197551   22.149194744  -27.167104900   -6.078936492
   -2.570393989    1.047197551   17.589427620  -20.862729873   -5.474191168
   -2.379994435    1.047197551   14.064240693  -16.715181936   -4.715530829
   -2.189594880    1.047197551   10.995418111  -16.071768288   -3.970943026
   -1.999195325    1.047197551    7.809237003  -17.470038105   -3.299722663
   -1.808795770    1.047197551    4.446004214  -17.238526587   -2.665989862
   -1.618396215    1.047197551    1.584630058  -11.722028528   -1.994326543
   -1.427996661    1.047197551    0.401946771    0.300421431   -1.231706633
   -1.237597106    1.047197551    1.968374000   16.517627906   -0.382017983
   -1.047197551    1.047197551    6.652484806   32.146206609    0.490393583
   -0.856797996    1.047197551   13.856824726   42.256889087    1.307673429
   -0.666398442    1.047197551   22.210599621   43.965377519    2.041138329
   -0.475998887    1.047197551   30.069244032   37.259181506    2.782949254
   -0.285599332    1.047197551   36.027361709   24.543852913    3.761890120
   -0.095199777    1.047197551   39.273510467    9.444949697    5.274596709
    0.095199777    1.047197551   39.719810529   -4.262673293    7.556696303
    0.285599332    1.047197551   37.952086803  -13.354551625   10.605749818
    0.475998887    1.047197551   35.067443579  -15.797259840   14.052962617
    0.666398442    1.047197551   32.393837879  -11.305790699   17.187239698
    0.856797996    1.047197551   31.117509224   -1.579523196   19.172705391
    1.047197551    1.047197551   31.931169470   10.041757505   19.392085881
    1.237597106    1.047197551   34.830820685   19.765637355   17.728490240
    1.427996661    1.047197551   39.166220047   24.856380104   14.613412379
    1.618396215    1.047197551   43.946793132   24.485582610   10.822137729
    1.808795770    1.047197551   48.203238338   19.613343181    7.114343438
    1.999195325    1.047197551   51.238325995   11.947347114    3.959065868
    2.189594880    1.047197551   52.667838838    2.938116091    1.454547905
    2.379994435    1.047197551   52.322096498   -6.627763810   -0.557582277
    2.570393989    1.047197551   50.138278387  -16.260955248   -2.289342844
    2.760793544    1.047197551   46.176635782  -25.139695572   -3.838450693
    2.951193099    1.047197551   40.710882982  -31.749534285   -5.130530668

   -3.141592654    1.396263402   31.000841996  -36.798313310   -8.560152757
   -2.951193099    1.396263402   24.256061017  -33.285223461   -9.082738878
   -2.760793544    1.396263402   18.562528241  -26.159746629   -8.792783299
   -2.570393989    1.396263402   14.326841681  -18.551937597   -7.826581873
   -2.379994435    1.396263402   11.320501489  -13.674986275   -6.415669023
   -2.189594880    1.396263402    8.855565633  -12.848903004   -4.774187983
   -1.999195325    1.396263402    6.267608361  -14.461418257   -3.060725093
   -1.808795770    1.396263402    3.436656817  -14.685238183   -1.408155799
   -1.618396215    1.396263402    1.007850027   -9.744805634    0.045514436
   -1.427996661    1.396263402    0.144282854    1.678737235    1.171939020
   -1.237597106    1.396263402    1.922309011   17.379809903    1.907968417
   -1.047197551    1.396263402    6.735305219   32.671983191    2.290207579
   -0.856797996    1.396263402   14.028943664   42.705282468    2.453102950
   -0.666398442    1.396263402   22.486617367   44.656764427    2.586958289
   -0.475998887    1.396263402   30.526900805   38.532413763    2.911707008
   -0.285599332    1.396263402   36.807892139   26.703437964    3.645540848
   -0.095199777    1.396263402   40.565842284   12.669192119    4.954609529
    0.095199777    1.396263402   41.722089045   -0.078122732    6.891493014
    0.285599332    1.396263402   40.804861540   -8.725639558    9.311347994
    0.475998887    1.396263402   38.774547666  -11.626469942   11.831818814
    0.666398442    1.396263402   36.768398407   -8.632482481   13.894156338
    0.856797996    1.396263402   35.792773829   -1.178098688   14.941913419
    1.047197551    1.396263402   36.447415731    8.009896525   14.638613041
    1.237597106    1.396263402   38.766732068   15.837817032   13.020848936
    1.427996661    1.396263402   42.250419305   20.018434235   10.475877797
    1.618396215    1.396263402   46.101902934   19.703172272    7.569947452
    1.808795770    1.396263402   49.502229842   15.453716975    4.791615569
    1.999195325    1.396263402   51.811424743    8.447273855    2.382860568
    2.189594880    1.396263402   52.610576261   -0.260476180    0.312414804
    2.379994435    1.396263402   51.647841828   -9.971510890   -1.609228123
    2.570393989    1.396263402   48.793037165  -19.967551678   -3.549053548
    2.760793544    1.396263402   44.103560644  -29.001515017   -5.509038819
    2.951193099    1.396263402   37.931804758  -35.183085437   -7.282243339

   -3.141592654    1.745329252   27.141518151  -39.469460512  -11.443403277
   -2.951193099    1.745329252   20.051376453  -34.186567883  -12.490925887
   -2.760793544    1.745329252   14.363409716  -25.226914406  -12.375561613
   -2.570393989    1.745329252   10.455563164  -16.118684562  -11.094949561
   -2.379994435    1.745329252    8.015350154  -10.248475702   -8.847583937
   -2.189594880    1.745329252    6.256948996   -8.934265207   -5.932180648
   -1.999195325    1.745329252    4.423393609  -10.529720851   -2.691911152
   -1.808795770    1.745329252    2.305636450  -11.201802937    0.489974639
   -1.618396215    1.745329252    0.464108302   -7.117849126    3.208945081
   -1.427996661    1.745329252    0.000000000    3.236366274    5.119362520
   -1.237597106    1.745329252    1.978731830   17.973203340    6.056438024
   -1.047197551    1.745329252    6.842985595   32.695939521    6.105136360
   -0.856797996    1.745329252   14.129785576   42.684655197    5.569646422
   -0.666398442    1.745329252   22.619294858   45.071170988    4.849262920
   -0.475998887    1.745329252   30.806075919   39.693161878    4.317699260
   -0.285599332    1.745329252   37.389258312   28.714895461    4.228323816
   -0.095199777    1.745329252   41.605489744   15.431167925    4.667951668
    0.095199777    1.745329252   43.335362235    3.110114014    5.553605827
    0.285599332    1.745329252   43.024303645   -5.649466654    6.647492483
    0.475998887    1.745329252   41.517786419   -9.309717785    7.617558644
    0.666398442    1.745329252   39.834488158   -7.628211051    8.134059533
    0.856797996    1.745329252   38.901166605   -1.744129536    7.992828703
    1.047197551    1.745329252   39.306843235    6.024253549    7.179254550
    1.237597106    1.745329252   41.150649593   12.927080646    5.869170253
    1.427996661    1.745329252   44.042154246   16.811362954    4.335354385
    1.618396215    1.745329252   47.295073504   16.681143986    2.832665068
    1.808795770    1.745329252   50.153033590   12.776424845    1.483916630
    1.999195325    1.745329252   51.972825800    5.929056436    0.243094170
    2.189594880    1.745329252   52.276795010   -3.014864072   -1.071386697
    2.379994435    1.745329252   50.736339951  -13.325094066   -2.680740543
    2.570393989    1.745329252   47.176674563  -23.994724946   -4.711822206
    2.760793544    1.745329252   41.681352274  -33.333754766   -7.089048151
    2.951193099    1.745329252   34.711611276  -39.093353458   -9.489925718

   -3.141592654    2.094395102   22.881733236  -42.912113916  -11.011718760
   -2.951193099    2.094395102   15.313821136  -35.656325570  -12.056874797
   -2.760793544    2.094395102    9.569892078  -24.321208462  -11.904998994
   -2.570393989    2.094395102    6.057218770  -12.924156139  -10.474971011
   -2.379994435    2.094395102    4.408896631   -5.223665282   -7.901589712
   -2.189594880    2.094395102    3.728225336   -2.767033563   -4.457659058
   -1.999195325    2.094395102    3.112178246   -4.057769160   -0.512856379
   -1.808795770    2.094395102    2.182788086   -5.344335001    3.463428821
   -1.618396215    2.094395102    1.330020568   -2.710076772    6.927080847
   -1.427996661    2.094395102    1.523430593    5.692945339    9.368737140
   -1.237597106    2.094395102    3.781864717   18.506998695   10.486696478
   -1.047197551    2.094395102    8.604267358   31.841255480   10.307642928
   -0.856797996    2.094395102   15.659590368   41.231550740    9.175646271
   -0.666398442    2.094395102   23.876102672   43.749559712    7.603132058
   -0.475998887    2.094395102   31.860985732   38.931712694    6.085722258
   -0.285599332    2.094395102   38.360554220   28.575640769    4.944752279
   -0.095199777    2.094395102   42.593035469   15.680521844    4.260255224
    0.095199777    2.094395102   44.376331235    3.347891738    3.893355785
    0.285599332    2.094395102   44.077303664   -5.815665632    3.578117356
    0.475998887    2.094395102   42.481586164  -10.096306934    3.061526094
    0.666398442    2.094395102   40.592121975   -8.963714311    2.224381289
    0.856797996    2.094395102   39.374625515   -3.321139761    1.149410022
    1.047197551    2.094395102   39.487748121    4.597108661    0.059266870
    1.237597106    2.094395102   41.097873050   11.928536016   -0.799906074
    1.427996661    2.094395102   43.845849357   16.292406005   -1.290988640
    1.618396215    2.094395102   47.031667767   16.449159872   -1.441582879
    1.808795770    2.094395102   49.844977321   12.472960062   -1.431828129
    1.999195325    2.094395102   51.566127771    5.124609870   -1.522730762
    2.189594880    2.094395102   51.636311981   -4.725946372   -1.980127385
    2.379994435    2.094395102   49.660575199  -16.206886126   -3.005729793
    2.570393989    2.094395102   45.440126450  -28.016932180   -4.661494737
    2.760793544    2.094395102   39.101858312  -38.051117238   -6.812016928
    2.951193099    2.094395102   31.231511408  -43.676196637   -9.096095075

   -3.141592654    2.443460953   19.293186234  -46.013005830   -6.581245261
   -2.951193099    2.443460953   11.284015410  -37.078495947   -6.907386956
   -2.760793544    2.443460953    5.474020361  -23.543028161   -6.275706782
   -2.570393989    2.443460953    2.331294793   -9.830348813   -4.579284781
   -2.379994435    2.443460953    1.475784687   -0.054918618   -1.884274108
   -2.189594880    2.443460953    1.937294908    3.952869406    1.604382497
   -1.999195325    2.443460953    2.688123251    3.427177852    5.555333760
   -1.808795770    2.443460953    3.176862062    1.881854790    9.499073081
   -1.618396215    2.443460953    3.587016332    3.151767130   12.856624156
   -1.427996661    2.443460953    4.692958553    9.307660677   15.061128572
   -1.237597106    2.443460953    7.393213138   19.534079721   15.751289108
   -1.047197551    2.443460953   12.185495240   30.601686014   14.922132402
   -0.856797996    2.443460953   18.852175475   38.541524668   12.931522430
   -0.666398442    2.443460953   26.495796726   40.565389416   10.346641828
   -0.475998887    2.443460953   33.888870751   35.981892902    7.718673503
   -0.285599332    2.443460953   39.876274005   26.150808930    5.387699009
   -0.095199777    2.443460953   43.687654198   13.625067133    3.406600981
    0.095199777    2.443460953   45.082349981    1.240397559    1.594573340
    0.285599332    2.443460953   44.344957828   -8.357550034   -0.300777402
    0.475998887    2.443460953   42.215551964  -13.134072712   -2.403949940
    0.666398442    2.443460953   39.727173218  -12.107499047   -4.586951042
    0.856797996    2.443460953   37.953000859   -5.893008432   -6.476979642
    1.047197551    2.443460953   37.682543570    3.231159387   -7.643613615
    1.237597106    2.443460953   39.170684895   12.017523988   -7.823344232
    1.427996661    2.443460953   42.056893577   17.578967111   -7.064344315
    1.618396215    2.443460953   45.553094622   18.302246081   -5.702040020
    1.808795770    2.443460953   48.713736383   14.150270054   -4.207248220
    1.999195325    2.443460953   50.685680936    5.994691956   -3.008364309
    2.189594880    2.443460953   50.809888285   -5.077764234   -2.385452134
    2.379994435    2.443460953   48.635056916  -17.950057321   -2.449034618
    2.570393989    2.443460953   43.956891746  -31.038033475   -3.150867506
    2.760793544    2.443460953   36.953734350  -41.908431977   -4.302421713
    2.951193099    2.443460953   28.327471391  -47.617823785   -5.580409503

   -3.141592654    2.792526803   17.922676788  -46.787644814    1.160309779
   -2.951193099    2.792526803    9.862488991  -36.771155077    2.058944074
   -2.760793544    2.792526803    4.244937783  -21.792132293    3.307827280
   -2.570393989    2.792526803    1.584427154   -6.518771916    4.972411686
   -2.379994435    2.792526803    1.499319368    4.683478917    7.111223994
   -2.189594880    2.792526803    2.971392855    9.748367504    9.741457129
   -1.999195325    2.792526803    4.879795213    9.668531907   12.758965870
   -1.808795770    2.792526803    6.533965558    7.726538041   15.850988771
   -1.618396215    2.792526803    7.943309213    7.645273710   18.490219019
   -1.427996661    2.792526803    9.708954133   11.638723997   20.067265955
   -1.237597106    2.792526803   12.612752015   19.330368753   20.129555507
   -1.047197551    2.792526803   17.137692074   28.083861915   18.593015017
   -0.856797996    2.792526803   23.158948263   34.426682786   15.789093964
   -0.666398442    2.792526803   29.939328290   35.757720316   12.317119063
   -0.475998887    2.792526803   36.412673732   31.216894465    8.774982167
   -0.285599332    2.792526803   41.526594907   21.756734202    5.524650808
   -0.095199777    2.792526803   44.530385767    9.490557783    2.599874744
    0.095199777    2.792526803   45.135790390   -2.975704147   -0.211056844
    0.285599332    2.792526803   43.567237510  -12.879723518   -3.145512360
    0.475998887    2.792526803   40.558375788  -17.774420558   -6.229332367
    0.666398442    2.792526803   37.224524307  -16.192227313   -9.160378729
    0.856797996    2.792526803   34.794604237   -8.543482730  -11.391656756
    1.047197551    2.792526803   34.210375781    2.658721118  -12.399619774
    1.237597106    2.792526803   35.795329558   13.564036640  -11.967065080
    1.427996661    2.792526803   39.133377816   20.641988338  -10.302769705
    1.618396215    2.792526803   43.282160336   21.928256695   -7.943240170
    1.808795770    2.792526803   47.112411196   17.427852732   -5.501150124
    1.999195325    2.792526803   49.624797518    8.327575966   -3.432779491
    2.189594880    2.792526803   50.082869469   -3.914610123   -1.932742938
    2.379994435    2.792526803   48.020955237  -17.899533896   -0.966602173
    2.570393989    2.792526803   43.264767269  -31.858625064   -0.366226294
    2.760793544    2.792526803   36.050955581  -43.226825390    0.071232128
    2.951193099    2.792526803   27.164867605  -48.945765591    0.531975913
