#! FIELDS phi psi file.free der_phi der_psi
#! SET min_phi -pi
#! SET max_phi pi
#! SET nbins_phi  33
#! SET periodic_phi true
#! SET min_psi -pi
#! SET max_psi pi
#! SET nbins_psi  18
#! SET periodic_psi true
   -3.141592654   -3.141592654   18.963669011  -54.412643809   15.513516783
   -2.951193099   -3.141592654   10.294439945  -35.907782563   17.918985587
   -2.760793544   -3.141592654    5.436019239  -15.340034581   19.546086571
   -2.570393989   -3.141592654    4.236099023    1.731775041   20.518108819
   -2.379994435   -3.141592654    5.649534881   11.800549337   21.223622022
   -2.189594880   -3.141592654    8.261606130   14.554643679   22.174358633
   -1.999195325   -3.141592654   10.891071549   12.605287353   23.766856642
   -1.808795770   -3.141592654   13.024001697   10.039741532   26.052718870
   -1.618396215   -3.141592654   14.913340619   10.528554934   28.650089527
   -1.427996661   -3.141592654   17.344305168   15.805213302   30.862791015
   -1.237597106   -3.141592654   21.193352350   25.068471647   31.956936008
   -1.047197551   -3.141592654   26.979694438   35.570198741   31.446835572
   -0.856797996   -3.141592654   34.603011104   43.727250678   29.228006794
   -0.666398442   -3.141592654   43.306829125   46.494935879   25.545068010
   -0.475998887   -3.141592654   51.871864345   42.106065432   20.813262689
   -0.285599332   -3.141592654   58.891162504   30.365442850   15.451333616
   -0.095199777   -3.141592654   63.073234039   12.711447750    9.775175463
    0.095199777   -3.141592654   63.565151180   -7.727795297    3.990515413
    0.285599332   -3.141592654   60.267862815  -26.193172117   -1.714599837
    0.475998887   -3.141592654   54.077266442  -37.260944228   -7.046245076
    0.666398442   -3.141592654   46.836530113  -36.754769666  -11.536957911
    0.856797996   -3.141592654   40.889351946  -23.928122191  -14.639665324
    1.047197551   -3.141592654   38.292499726   -2.508321143  -15.943000703
    1.237597106   -3.141592654   40.041112168   20.382885747  -15.394149916
    1.427996661   -3.141592654   45.666624050   37.112491548  -13.339876382
    1.618396215   -3.141592654   53.440444877   42.369539722  -10.378316478
    1.808795770   -3.141592654   60.981584423   34.781490069   -7.089667432
    1.999195325   -3.141592654   66.005888232   16.540070661   -3.829471399
    2.189594880   -3.141592654   66.886789001   -7.870158948   -0.680777023
    2.379994435   -3.141592654   62.959293324  -33.040773216    2.458698187
    2.570393989   -3.141592654   54.596713449  -53.619505532    5.717501694
    2.760793544   -3.141592654   43.116651192  -65.198441507    9.109374593
    2.951193099   -3.141592654   30.507582987  -65.318935090   12.474118173

   -3.141592654   -2.792526803   26.133183350  -49.467466292   23.283878788
   -2.951193099   -2.792526803   18.235312432  -32.793200341   25.693960281
   -2.760793544   -2.792526803   13.800224377  -13.947094462   26.971653630
   -2.570393989   -2.792526803   12.750528411    2.062135604   27.356432270
   -2.379994435   -2.792526803   14.204798217   12.074051943   27.352914460
   -2.189594880   -2.792526803   16.942798679   15.737257041   27.541872684
   -1.999195325   -2.792526803   19.928655253   15.190591583   28.331535236
   -1.808795770   -2.792526803   22.672507457   13.760793148   29.744327362
   -1.618396215   -2.792526803   25.302910617   14.378350464   31.355149065
   -1.427996661   -2.792526803   28.368394689   18.387466681   32.432861996
   -1.237597106   -2.792526803   32.483542708   25.119292824   32.235355211
   -1.047197551   -2.792526803   37.976668566   32.390987700   30.314761009
   -0.856797996   -2.792526803   44.682208354   37.342087761   26.660623376
   -0.666398442   -2.792526803   51.908034751   37.499668282   21.658320488
   -0.475998887   -2.792526803   58.581498157   31.398051433   15.875531515
   -0.285599332   -2.792526803   63.471618670   18.861847871    9.854953471
   -0.095199777   -2.792526803   65.449445760    1.182731663    3.982175379
    0.095199777   -2.792526803   63.793572849  -18.658299221   -1.525585370
    0.285599332   -2.792526803   58.518433221  -35.933109164   -6.521968800
    0.475998887   -2.792526803   50.639509888  -45.121023420  -10.808081894
    0.666398442   -2.792526803   42.139655730  -41.988951230  -14.062037790
    0.856797996   -2.792526803   35.492582380  -25.965760740  -15.915880628
    1.047197551   -2.792526803   32.822121642   -1.273524100  -16.121975704
    1.237597106   -2.792526803   35.076855590   24.339718619  -14.724617723
    1.427996661   -2.792526803   41.636683123   42.796243682  -12.068779732
    1.618396215   -2.792526803   50.574517008   48.771759410   -8.660839485
    1.808795770   -2.792526803   59.347420472   41.257751839   -4.938637513
    1.999195325   -2.792526803   65.596144983   22.936069360   -1.119243453
    2.189594880   -2.792526803   67.701073936   -1.366570679    2.797480263
    2.379994435   -2.792526803   65.041678197  -26.202785201    6.911414527
    2.570393989   -2.792526803   58.015037762  -46.461795256   11.254116374
    2.760793544   -2.792526803   47.901590596  -58.099380012   15.673942897
    2.951193099   -2.792526803   36.587806351  -58.947030982   19.827537569

   -3.141592654   -2.443460953   34.259856789  -44.656963854   22.085572870
   -2.951193099   -2.443460953   27.087749499  -30.002041854   23.970462844
   -2.760793544   -2.443460953   23.004907172  -12.962693213   24.880152162
   -2.570393989   -2.443460953   22.023401058    1.938553356   25.060782863
   -2.379994435   -2.443460953   23.423202403   11.782222109   24.910385533
   -2.189594880   -2.443460953   26.157270449   16.092491066   24.826405107
   -1.999195325   -2.443460953   29.302707741   16.508629818   25.037506804
   -1.808795770   -2.443460953   32.362837647   15.637967597   25.474030811
   -1.618396215   -2.443460953   35.323611899   15.759750135   25.752297879
   -1.427996661   -2.443460953   38.499016054   17.951734243   25.305291846
   -1.237597106   -2.443460953   42.269812009   21.828520392   23.622329293
   -1.047197551   -2.443460953   46.832173281   25.933736778   20.488185384
   -0.856797996   -2.443460953   52.041952536   28.255090985   16.075520376
   -0.666398442   -2.443460953   57.372225601   26.897975038   10.876906080
   -0.475998887   -2.443460953   61.983482542   20.543825273    5.486918018
   -0.285599332   -2.443460953   64.864701381    8.755675848    0.403334167
   -0.095199777   -2.443460953   65.035624753   -7.630711232   -4.086187802
    0.095199777   -2.443460953   61.839150010  -26.016885952   -7.902214818
    0.285599332   -2.443460953   55.301814740  -41.826490042  -11.067340598
    0.475998887   -2.443460953   46.446031235  -49.444037814  -13.578183415
    0.666398442   -2.443460953   37.292450370  -44.464986351  -15.315953653
    0.856797996   -2.443460953   30.374760690  -26.273370490  -16.073668409
    1.047197551   -2.443460953   27.862512853    0.693181777  -15.664186206
    1.237597106   -2.443460953   30.688122051   28.302972064  -14.063433135
    1.427996661   -2.443460953   38.145926852   48.153895611  -11.455338423
    1.618396215   -2.443460953   48.184267277   54.875789265   -8.167370070
    1.808795770   -2.443460953   58.154750735   47.692291972   -4.517391187
    1.999195325   -2.443460953   65.651414721   29.615707607   -0.692363835
    2.189594880   -2.443460953   69.061940707    5.690735988    3.258011568
    2.379994435   -2.443460953   67.791491078  -18.679706623    7.345502586
    2.570393989   -2.443460953   62.229986867  -38.662825235   11.517371457
    2.760793544   -2.443460953   53.588060552  -50.562996917   15.579915560
    2.951193099   -2.443460953   43.625415407  -52.429197515   19.214927477

   -3.141592654   -2.094395102   40.676246070  -41.013020787   14.782215598
   -2.951193099   -2.094395102   34.063936902  -27.767145572   15.705718177
   -2.760793544   -2.094395102   30.286402528  -11.942812753   16.089741485
   -2.570393989   -2.094395102   29.413691767    2.132902017   16.140986575
   -2.379994435   -2.094395102   30.806251753   11.574284817   16.042723762
   -2.189594880   -2.094395102   33.486487278   15.760227342   15.877774997
   -1.999195325   -2.094395102   36.557476543   16.024822957   15.595616550
   -1.808795770   -2.094395102   39.481985887   14.603810359   15.019859001
   -1.618396215   -2.094395102   42.140675831   13.499625945   13.899285474
   -1.427996661   -2.094395102   44.713340922   13.791090478   12.000100489
   -1.237597106   -2.094395102   47.480532100   15.451221010    9.216294548
   -1.047197551   -2.094395102   50.634902642   17.630968227    5.660290500
   -0.856797996   -2.094395102   54.146055391   18.911795349    1.654465379
   -0.666398442   -2.094395102   57.689910569   17.679910163   -2.359288971
   -0.475998887   -2.094395102   60.643030834   12.492726688   -5.983678206
   -0.285599332   -2.094395102   62.152957751    2.464345556   -8.984771942
   -0.095199777   -2.094395102   61.300452503  -12.116934515  -11.327588184
    0.095199777   -2.094395102   57.395522167  -29.044469529  -13.133692499
    0.285599332   -2.094395102   50.383271802  -43.852349212  -14.569028417
    0.475998887   -2.094395102   41.211800933  -50.745407483  -15.732742653
    0.666398442   -2.094395102   31.879741672  -44.996846105  -16.577106245
    0.856797996   -2.094395102   24.956623571  -25.726699468  -16.910373678
    1.047197551   -2.094395102   22.678702376    2.656203495  -16.477344398
    1.237597106   -2.094395102   26.024701082   31.804873825  -15.100539361
    1.427996661   -2.094395102   34.282840479   52.999860902  -12.779930403
    1.618396215   -2.094395102   45.341200012   60.660268452   -9.707425301
    1.808795770   -2.094395102   56.469413178   54.004415345   -6.177804392
    1.999195325   -2.094395102   65.195626583   36.177939655   -2.466412466
    2.189594880   -2.094395102   69.869321115   12.375693260    1.224233981
    2.379994435   -2.094395102   69.876589136  -11.973607199    4.765622981
    2.570393989   -2.094395102   65.578999147  -32.147901964    8.039496221
    2.760793544   -2.094395102   58.131945706  -44.603748581   10.898584664
    2.951193099   -2.094395102   49.216760176  -47.459038772   13.181362106

   -3.141592654   -1.745329252   43.811846710  -39.723811872    7.381009661
   -2.951193099   -1.745329252   37.381696982  -27.110850120    7.517318125
   -2.760793544   -1.745329252   33.688416043  -11.684151651    7.375525196
   -2.570393989   -1.745329252   32.839891325    2.134174536    7.055704176
   -2.379994435   -1.745329252   34.205748710   11.263591083    6.546179032
   -2.189594880   -1.745329252   36.777605590   14.872751935    5.718069323
   -1.999195325   -1.745329252   39.592389113   14.147171805    4.394177960
   -1.808795770   -1.745329252   42.030377120   11.309686771    2.446432492
   -1.618396215   -1.745329252   43.903864330    8.529282830   -0.128338413
   -1.427996661   -1.745329252   45.374006322    7.233201905   -3.180612417
   -1.237597106   -1.745329252   46.780002391    7.845993690   -6.436807550
   -1.047197551   -1.745329252   48.458095211    9.910325151   -9.552891852
   -0.856797996   -1.745329252   50.573578830   12.150529310  -12.202373545
   -0.666398442   -1.745329252   52.992160803   12.729270086  -14.150856804
   -0.475998887   -1.745329252   55.206830118    9.694546396  -15.325901434
   -0.285599332   -1.745329252   56.373328353    1.575757055  -15.828481963
   -0.095199777   -1.745329252   55.481958782  -11.768555884  -15.886384372
    0.095199777   -1.745329252   51.697005832  -28.258187887  -15.784243546
    0.285599332   -1.745329252   44.822924567  -43.263376551  -15.761848184
    0.475998887   -1.745329252   35.720294954  -50.611022614  -15.929712537
    0.666398442   -1.745329252   26.382392045  -45.123581645  -16.212730943
    0.856797996   -1.745329252   19.452336150  -25.560385272  -16.358770107
    1.047197551   -1.745329252   17.287685446    3.782444364  -16.022681352
    1.237597106   -1.745329252   20.980285865   34.365550694  -14.916880346
    1.427996661   -1.745329252   29.872998587   57.070539200  -12.941403866
    1.618396215   -1.745329252   41.828061901   65.912259693  -10.230902348
    1.808795770   -1.745329252   54.026010918   59.883948836   -7.087347686
    1.999195325   -1.745329252   63.885808757   42.108643715   -3.848901718
    2.189594880   -1.745329252   69.658233045   17.920474966   -0.799139726
    2.379994435   -1.745329252   70.661493258   -7.099603792    1.880055944
    2.570393989   -1.745329252   67.214174682  -28.118444645    4.079626053
    2.760793544   -1.745329252   60.446121889  -41.515851676    5.735611960
    2.951193099   -1.745329252   52.027682029  -45.320436322    6.822078732

   -3.141592654   -1.396263402   43.342321618  -40.767198059    3.895799575
   -2.951193099   -1.396263402   36.719536025  -28.049160735    3.277487140
   -2.760793544   -1.396263402   32.872436209  -12.367976307    2.440643132
   -2.570393989   -1.396263402   31.906264836    1.518398155    1.505192655
   -2.379994435   -1.396263402   33.123116535   10.209063974    0.417759735
   -2.189594880   -1.396263402   35.401815264   12.744831695   -1.050627638
   -1.999195325   -1.396263402   37.668312997   10.465499284   -3.177430254
   -1.808795770   -1.396263402   39.248296376    6.014045365   -6.101437980
   -1.618396215   -1.396263402   39.993791609    2.102421157   -9.685254049
   -1.427996661   -1.396263402   40.204846591    0.617064746  -13.503004001
   -1.237597106   -1.396263402   40.422854131    2.172556875  -16.970936748
   -1.047197551   -1.396263402   41.190986583    6.158613369  -19.534888272
   -0.856797996   -1.396263402   42.821707241   10.853611557  -20.851990951
   -0.666398442   -1.396263402   45.228078060   13.841168433  -20.869221774
   -0.475998887   -1.396263402   47.842510922   12.648581846  -19.817507468
   -0.285599332   -1.396263402   49.678262434    5.491793076  -18.120201582
   -0.095199777   -1.396263402   49.547605152   -7.849681155  -16.255699411
    0.095199777   -1.396263402   46.442921307  -25.146561108  -14.642833975
    0.285599332   -1.396263402   40.041625874  -41.458444299  -13.536803136
    0.475998887   -1.396263402   31.148791580  -50.184581269  -12.981704427
    0.666398442   -1.396263402   21.789736493  -45.672228434  -12.812125875
    0.856797996   -1.396263402   14.723576619  -26.298945139  -12.713854855
    1.047197551   -1.396263402   12.473889814    3.760166676  -12.331380393
    1.237597106   -1.396263402   16.288276188   35.732337400  -11.397620466
    1.427996661   -1.396263402   25.592936928   60.001209756   -9.825584679
    1.618396215   -1.396263402   38.231008692   70.044486288   -7.723567372
    1.808795770   -1.396263402   51.275843612   64.509511272   -5.325093131
    1.999195325   -1.396263402   62.001196970   46.445820956   -2.884336164
    2.189594880   -1.396263402   68.522589853   21.368335687   -0.617608182
    2.379994435   -1.396263402   70.070119348   -4.864162779    1.321049391
    2.570393989   -1.396263402   66.928248063  -27.132572035    2.810398463
    2.760793544   -1.396263402   60.242672297  -41.588001977    3.754908643
    2.951193099   -1.396263402   51.736884787  -46.090552663    4.101706368

   -3.141592654   -1.047197551   41.440997886  -43.882586627    3.865760741
   -2.951193099   -1.047197551   34.227773301  -31.046739904    2.705381328
   -2.760793544   -1.047197551   29.857361261  -14.831094045    1.168423393
   -2.570393989   -1.047197551   28.476287763   -0.424557679   -0.606420007
   -2.379994435   -1.047197551   29.334803120    8.267047864   -2.621296234
   -2.189594880   -1.047197551   31.182317159   10.028017365   -5.042226747
   -1.999195325   -1.047197551   32.807743324    6.394126465   -8.072003885
   -1.808795770   -1.047197551   33.480066267    0.620735356  -11.745323288
   -1.618396215   -1.047197551   33.128793468   -3.840777972  -15.778090044
   -1.427996661   -1.047197551   32.254865251   -4.609586198  -19.577295321
   -1.237597106   -1.047197551   31.649006293   -1.066029133  -22.434860094
   -1.047197551   -1.047197551   32.058408502    5.703806957  -23.791253911
   -0.856797996   -1.047197551   33.878578187   13.247960732  -23.447148714
   -0.666398442   -1.047197551   36.966079332   18.445990145  -21.614070622
   -0.475998887   -1.047197551   40.583995229   18.372304058  -18.813815097
   -0.285599332   -1.047197551   43.520360182   11.132462499  -15.688796565
   -0.095199777   -1.047197551   44.372095652   -3.317716344  -12.793722955
    0.095199777   -1.047197551   41.971719154  -22.346481572  -10.460042188
    0.285599332   -1.047197551   35.925762286  -40.500729870   -8.745536976
    0.475998887   -1.047197551   27.068453630  -50.666810325   -7.492363670
    0.666398442   -1.047197551   17.542651588  -46.792850357   -6.451795469
    0.856797996   -1.047197551   10.279743430  -27.101987002   -5.415155845
    1.047197551   -1.047197551    7.975403533    4.078500347   -4.291339901
    1.237597106   -1.047197551   11.992343547   37.550068261   -3.103488746
    1.427996661   -1.047197551   21.778315814   63.163560874   -1.929616973
    1.618396215   -1.047197551   35.104665385   73.984929689   -0.831316136
    1.808795770   -1.047197551   48.916297604   68.497656782    0.190020120
    1.999195325   -1.047197551   60.351950556   49.818257001    1.181255790
    2.189594880   -1.047197551   67.419255242   23.671729117    2.179761562
    2.379994435   -1.047197551   69.282926534   -3.874053110    3.159723664
    2.570393989   -1.047197551   66.198216938  -27.519351330    3.996820626
    2.760793544   -1.047197551   59.314429337  -43.252713194    4.500495481
    2.951193099   -1.047197551   50.391877707  -48.729144211    4.483314963

   -3.141592654   -0.698131701   41.399904872  -46.940998331    2.907510685
   -2.951193099   -0.698131701   33.533554979  -34.770646386    1.043705992
   -2.760793544   -0.698131701   28.424532406  -18.802150148   -1.255889009
   -2.570393989   -0.698131701   26.283501751   -4.425998213   -3.800042023
   -2.379994435   -0.698131701   26.367888375    4.083470154   -6.524567829
   -2.189594880   -0.698131701   27.370650302    5.268045868   -9.527841734
   -1.999195325   -0.698131701   28.010346725    0.789095875  -12.928879814
   -1.808795770   -0.698131701   27.549774263   -5.574382234  -16.644912296
   -1.618396215   -0.698131701   26.030690389   -9.710573348  -20.251014133
   -1.427996661   -0.698131701   24.173632936   -8.840852020  -23.047854242
   -1.237597106   -0.698131701   23.014016470   -2.496785806  -24.335101116
   -1.047197551   -0.698131701   23.463159470    7.562753511  -23.729237541
   -0.856797996   -0.698131701   25.925251674   17.993199562  -21.348475885
   -0.666398442   -0.698131701   30.105373384   24.946948925  -17.768985586
   -0.475998887   -0.698131701   35.014534808   25.189890190  -13.788208746
   -0.285599332   -0.698131701   39.176098785   17.007196932  -10.134667493
   -0.095199777   -0.698131701   40.994052685    0.887781111   -7.227731651
    0.095199777   -0.698131701   39.226839151  -19.857590055   -5.086826446
    0.285599332   -0.698131701   33.530101858  -39.200670426   -3.402149852
    0.475998887   -0.698131701   24.870713525  -49.756134636   -1.744380758
    0.666398442   -0.698131701   15.540245741  -45.570673587    0.177055293
    0.856797996   -0.698131701    8.570450878  -25.247182350    2.343471187
    1.047197551   -0.698131701    6.674591742    6.448922608    4.438642786
    1.237597106   -0.698131701   11.162368362   40.039480199    6.040390420
    1.427996661   -0.698131701   21.400878210   65.363209561    6.858921570
    1.618396215   -0.698131701   35.100763668   75.691810076    6.884858270
    1.808795770   -0.698131701   49.192260064   69.751375361    6.379268564
    1.999195325   -0.698131701   60.836323962   50.779887201    5.721360844
    2.189594880   -0.698131701   68.068409443   24.445068046    5.226207669
    2.379994435   -0.698131701   70.056277308   -3.376515078    5.010514278
    2.570393989   -0.698131701   67.019151245  -27.572974292    4.954856384
    2.760793544   -0.698131701   60.045366600  -44.199435185    4.775399082
    2.951193099   -0.698131701   50.839463396  -50.767646491    4.155339063

   -3.141592654   -0.349065850   41.974602942  -50.492042400    2.288158078
   -2.951193099   -0.349065850   33.332357895  -39.284918953    0.036712315
   -2.760793544   -0.349065850   27.309242734  -23.802780358   -2.652903922
   -2.570393989   -0.349065850   24.201087870   -9.540435007   -5.574726421
   -2.379994435   -0.349065850   23.306664662   -1.100690440   -8.609152667
   -2.189594880   -0.349065850   23.301820063   -0.161517689  -11.758352119
   -1.999195325   -0.349065850   22.879267796   -4.906792091  -15.014824815
   -1.808795770   -0.349065850   21.344243810  -11.025446488  -18.166188250
   -1.618396215   -0.349065850   18.893499990  -13.827946962  -20.702508518
   -1.427996661   -0.349065850   16.481951411  -10.351699294  -21.944964246
   -1.237597106   -0.349065850   15.354186537   -0.581826682  -21.360448048
   -1.047197551   -0.349065850   16.492590082   12.783012843  -18.871335690
   -0.856797996   -0.349065850   20.181548010   25.407442907  -14.953411612
   -0.666398442   -0.349065850   25.850719680   32.876929728  -10.471670583
   -0.475998887   -0.349065850   32.187231041   32.016045281   -6.323974906
   -0.285599332   -0.349065850   37.458847190   21.745151997   -3.103667734
   -0.095199777   -0.349065850   39.968144208    3.478063877   -0.900944672
    0.095199777   -0.349065850   38.548100052  -18.616233522    0.681210997
    0.285599332   -0.349065850   33.058294697  -38.055450615    2.301217632
    0.475998887   -0.349065850   24.699605356  -47.611833173    4.530464459
    0.666398442   -0.349065850   15.912129265  -42.033887547    7.519501733
    0.856797996   -0.349065850    9.716583317  -20.819958287   10.870101782
    1.047197551   -0.349065850    8.663388857   10.651919684   13.802180349
    1.237597106   -0.349065850   13.838020909   42.887605683   15.543058314
    1.427996661   -0.349065850   24.437599760   66.270036213   15.701210778
    1.618396215   -0.349065850   38.134059777   74.840562616   14.424379011
    1.808795770   -0.349065850   51.952993659   67.892143343   12.284713475
    1.999195325   -0.349065850   63.218495894   48.800595772    9.979062444
    2.189594880   -0.349065850   70.113365797   22.944119281    8.048837451
    2.379994435   -0.349065850   71.871764217   -4.317893824    6.705090327
    2.570393989   -0.349065850   68.679371377  -28.359391946    5.817395134
    2.760793544   -0.349065850   61.519419790  -45.485286914    5.030626544
    2.951193099   -0.349065850   51.975449676  -53.097724741    3.941605103

   -3.141592654    0.000000000   43.010771379  -53.696560052    1.238916264
   -2.951193099    0.000000000   33.654877649  -43.528635738   -0.813657307
   -2.760793544    0.000000000   26.744183911  -28.820227330   -3.193502826
   -2.570393989    0.000000000   22.631094998  -15.027678059   -5.759254327
   -2.379994435    0.000000000   20.663089718   -6.861013252   -8.414459118
   -2.189594880    0.000000000   19.549095722   -6.006382939  -11.114966301
   -1.999195325    0.000000000   18.037390570  -10.393709366  -13.750658593
   -1.808795770    0.000000000   15.558256291  -15.273463425  -16.005363445
   -1.618396215    0.000000000   12.508723022  -15.671515143  -17.342418183
   -1.427996661    0.000000000   10.054925019   -8.843594066  -17.194406565
   -1.237597106    0.000000000    9.553530986    4.424276553  -15.276454711
   -1.047197551    0.000000000   11.912685296   20.366530916  -11.822417530
   -0.856797996    0.000000000   17.157669304   33.842830574   -7.553923088
   -0.666398442    0.000000000   24.364623341   40.313242646   -3.404197775
   -0.475998887    0.000000000   31.913984610   37.183253363   -0.114050449
   -0.285599332    0.000000000   37.926170544   24.407016674    2.057019262
   -0.095199777    0.000000000   40.762451382    4.460477422    3.406649427
    0.095199777    0.000000000   39.487140132  -17.804864460    4.637923556
    0.285599332    0.000000000   34.261154370  -35.880775064    6.524767980
    0.475998887    0.000000000   26.521308991  -43.245902680    9.525743169
    0.666398442    0.000000000   18.757580048  -35.822113744   13.493123980
    0.856797996    0.000000000   13.814274271  -14.198218527   17.656530244
    1.047197551    0.000000000   13.911626474   15.803307290   20.929310864
    1.237597106    0.000000000   19.805832650   45.128571604   22.400188100
    1.427996661    0.000000000   30.515239799   65.220620476   21.732019655
    1.618396215    0.000000000   43.748810853   71.231665724   19.263575536
    1.808795770    0.000000000   56.743396528   63.091473862   15.797281575
    1.999195325    0.000000000   67.092856625   44.182343349   12.216473780
    2.189594880    0.000000000   73.199862852   19.376209705    9.176962406
    2.379994435    0.000000000   74.397976200   -6.663380901    6.937862816
    2.570393989    0.000000000   70.844567620  -29.913679570    5.383505774
    2.760793544    0.000000000   63.406027346  -46.996397104    4.162722460
    2.951193099    0.000000000   53.521291161  -55.262184488    2.873850163

   -3.141592654    0.349065850   44.550822387  -55.923209762    0.710627927
   -2.951193099    0.349065850   34.678999838  -46.691760474   -0.543893057
   -2.760793544    0.349065850   27.088503672  -32.744081207   -1.948052324
   -2.570393989    0.349065850   22.177890923  -19.423783990   -3.487407172
   -2.379994435    0.349065850   19.349261231  -11.455356051   -5.152159577
   -2.189594880    0.349065850   17.364479434  -10.494698675   -6.912568212
   -1.999195325    0.349065850   15.045469965  -14.278708322   -8.633059464
   -1.808795770    0.349065850   11.943524716  -17.784005790  -10.002291794
   -1.618396215    0.349065850    8.615395085  -15.958322969  -10.578768931
   -1.427996661    0.349065850    6.362914424   -6.414230696   -9.982363563
   -1.237597106    0.349065850    6.568193588    9.294694019   -8.133144490
   -1.047197551    0.349065850   10.004237957   26.573252879   -5.374396622
   -0.856797996    0.349065850   16.437471939   39.858743486   -2.349675710
   -0.666398442    0.349065850   24.665309654   44.859229107    0.285979251
   -0.475998887    0.349065850   32.893505263   39.768517232    2.187681664
   -0.285599332    0.349065850   39.242822817   25.516215989    3.471951472
   -0.095199777    0.349065850   42.245343937    5.343963455    4.653889647
    0.095199777    0.349065850   41.236490359  -15.655189816    6.423682804
    0.285599332    0.349065850   36.632169095  -31.391424312    9.322583716
    0.475998887    0.349065850   29.985847601  -36.344683341   13.440300070
    0.666398442    0.349065850   23.684812737  -27.655900099   18.253352066
    0.856797996    0.349065850   20.261802342   -6.775506691   22.729580698
    1.047197551    0.349065850   21.534842822   20.431833367   25.711845122
    1.237597106    0.349065850   27.938796894   45.759595965   26.403328863
    1.427996661    0.349065850   38.385423698   61.959789590   24.692723955
    1.618396215    0.349065850   50.719008543   65.321105416   21.152661845
    1.808795770    0.349065850   62.474009346   56.277126085   16.742435714
    1.999195325    0.349065850   71.568719504   38.037926320   12.401939014
    2.189594880    0.349065850   76.648928679   14.824155445    8.773369804
    2.379994435    0.349065850   77.149727531   -9.471244144    6.088632351
    2.570393989    0.349065850   73.193076828  -31.459109639    4.239993382
    2.760793544    0.349065850   65.517684160  -48.086448736    2.931109162
    2.951193099    0.349065850   55.405189888  -56.675752501    1.834596469

   -3.141592654    0.698131701   45.569014995  -56.698999569   -0.803112932
   -2.951193099    0.698131701   35.521279695  -47.776109408   -0.811344621
   -2.760793544    0.698131701   27.682880947  -34.264418673   -0.760306077
   -2.570393989    0.698131701   22.438671517  -21.392801021   -0.838101205
   -2.379994435    0.698131701   19.199754634  -13.760268408   -1.172751762
   -2.189594880    0.698131701   16.763430226  -12.871332911   -1.779551193
   -1.999195325    0.698131701   14.018340604  -16.292715576   -2.536884491
   -1.808795770    0.698131701   10.610204781  -18.896438487   -3.206701490
   -1.618396215    0.698131701    7.193263490  -15.726576956   -3.517769815
   -1.427996661    0.698131701    5.123631635   -4.751872556   -3.293621934
   -1.237597106    0.698131701    5.752942829   11.971047100   -2.552390029
   -1.047197551    0.698131701    9.733059159   29.465311772   -1.511840232
   -0.856797996    0.698131701   16.672732490   42.172089320   -0.447890222
   -0.666398442    0.698131701   25.253781232   46.248828619    0.482166995
   -0.475998887    0.698131701   33.678727682   40.561046658    1.382357875
   -0.285599332    0.698131701   40.191017207   26.618961102    2.605308833
   -0.095199777    0.698131701   43.525614752    7.918571266    4.607959638
    0.095199777    0.698131701   43.225069853  -10.679275153    7.756396969
    0.285599332    0.698131701   39.821571663  -23.796659623   12.115430779
    0.475998887    0.698131701   34.814896073  -26.945164889   17.301710463
    0.666398442    0.698131701   30.339354968  -18.252220967   22.477099997
    0.856797996    0.698131701   28.529143010    0.386825487   26.545859025
    1.047197551    0.698131701   30.798419637   23.509606686   28.531980795
    1.237597106    0.698131701   37.334218263   44.074992556   27.962075050
    1.427996661    0.698131701   47.053986871   56.234973088   25.041418030
    1.618396215    0.698131701   58.043587105   57.263936693   20.537585056
    1.808795770    0.698131701   68.198407707   47.827202359   15.441547441
    1.999195325    0.698131701   75.772747912   30.711747751   10.612431763
    2.189594880    0.698131701   79.631256923    9.377180605    6.587319594
    2.379994435    0.698131701   79.282168514  -12.991705514    3.554940092
    2.570393989    0.698131701   74.807212260  -33.473672695    1.465905982
    2.760793544    0.698131701   66.844864775  -49.187750465    0.162290813
    2.951193099    0.698131701   56.564926272  -57.413338951   -0.535447485

   -3.141592654    1.047197551   44.225002187  -56.425059804   -6.504576898
   -2.951193099    1.047197551   34.314036745  -46.675279839   -5.782180039
   -2.760793544    1.047197551   26.722780199  -32.854327952   -4.642125004
   -2.570393989    1.047197551   21.733140551  -20.201051583   -3.440312966
   -2.379994435    1.047197551   18.671187917  -13.119514502   -2.450132617
   -2.189594880    1.047197551   16.298497209  -12.822180954   -1.780467909
   -1.999195325    1.047197551   13.522496373  -16.615892198   -1.394149438
   -1.808795770    1.047197551   10.043519052  -19.265800280   -1.185686866
   -1.618396215    1.047197551    6.572316905  -15.905272233   -1.066284915
   -1.427996661    1.047197551    4.490304440   -4.722785459   -1.007733639
   -1.237597106    1.047197551    5.132344433   12.026111302   -1.019575576
   -1.047197551    1.047197551    9.108941127   29.348904951   -1.089775726
   -0.856797996    1.047197551   16.010956265   41.919342898   -1.098499461
   -0.666398442    1.047197551   24.562617652   46.294776830   -0.793901369
   -0.475998887    1.047197551   33.083133403   41.666262154    0.179275534
   -0.285599332    1.047197551   39.973177861   29.606208191    2.168636462
   -0.095199777    1.047197551   44.104025541   13.348486491    5.371671067
    0.095199777    1.047197551   45.074834761   -2.812075794    9.731124263
    0.285599332    1.047197551   43.347612171  -14.243684033   14.864812139
    0.475998887    1.047197551   40.208173522  -17.180788188   20.070240919
    0.666398442    1.047197551   37.462724666  -10.173938442   24.434450722
    0.856797996    1.047197551   36.887280027    5.033412065   27.062444852
    1.047197551    1.047197551   39.628226830   23.750816217   27.369767401
    1.237597106    1.047197551   45.794456555   40.073747878   25.304876170
    1.427996661    1.047197551   54.435871996   49.163579542   21.357404920
    1.618396215    1.047197551   63.915400614   48.748506347   16.353913698
    1.808795770    1.047197551   72.431867966   39.333956893   11.132391529
    1.999195325    1.047197551   78.470835740   23.182638887    6.293652939
    2.189594880    1.047197551   81.021237183    3.189580841    2.139400671
    2.379994435    1.047197551   79.625851240  -17.801598420   -1.245509624
    2.570393989    1.047197551   74.360644430  -36.969075744   -3.844590782
    2.760793544    1.047197551   65.855785015  -51.386708089   -5.615985081
    2.951193099    1.047197551   55.280276848  -58.319187233   -6.498699648

   -3.141592654    1.396263402   39.089131685  -56.657063367  -12.115346045
   -2.951193099    1.396263402   29.341501180  -44.784855901  -11.014048514
   -2.760793544    1.396263402   22.266333240  -29.449385743   -9.273708159
   -2.570393989    1.396263402   18.002460159  -16.123587669   -7.350758699
   -2.379994435    1.396263402   15.718326558   -9.131915181   -5.570854111
   -2.189594880    1.396263402   14.053291200   -9.438885053   -4.039348219
   -1.999195325    1.396263402   11.840953284  -14.110494731   -2.719453282
   -1.808795770    1.396263402    8.743921829  -17.778412429   -1.576314690
   -1.618396215    1.396263402    5.453071632  -15.508174834   -0.663777874
   -1.427996661    1.396263402    3.345128455   -5.375122336   -0.091157976
   -1.237597106    1.396263402    3.784045208   10.603851707    0.100349918
   -1.047197551    1.396263402    7.462960272   27.764169497    0.035171056
   -0.856797996    1.396263402   14.117785841   41.057455622    0.029463811
   -0.666398442    1.396263402   22.652484228   47.125393544    0.500701936
   -0.475998887    1.396263402   31.554658557   44.935192185    1.841583463
   -0.285599332    1.396263402   39.324034133   35.560718544    4.285336448
   -0.095199777    1.396263402   44.818628662   21.596176940    7.804019079
    0.095199777    1.396263402   47.500613229    6.697288532   12.081227637
    0.285599332    1.396263402   47.586736295   -4.980434898   16.530795914
    0.475998887    1.396263402   46.054481760   -9.833869611   20.392255183
    0.666398442    1.396263402   44.409727454   -6.146945545   22.900181524
    0.856797996    1.396263402   44.221778035    5.037278276   23.506901212
    1.047197551    1.396263402   46.591014347   19.965842467   22.062309942
    1.237597106    1.396263402   51.755565353   33.556181921   18.873263192
    1.427996661    1.396263402   59.009391119   41.341030609   14.569933312
    1.618396215    1.396263402   66.975732037   40.833617777    9.860982057
    1.808795770    1.396263402   74.032845668   31.966691174    5.279535780
    1.999195325    1.396263402   78.730227271   16.431453436    1.075909792
    2.189594880    1.396263402   80.037150505   -3.156088383   -2.711437944
    2.379994435    1.396263402   77.461218190  -23.843476521   -6.092693257
    2.570393989    1.396263402   71.091077623  -42.451493656   -8.967530371
    2.760793544    1.396263402   61.640800764  -55.707425313  -11.093226533
    2.951193099    1.396263402   50.407444750  -60.799796293  -12.186146977

   -3.141592654    1.745329252   32.614737003  -56.134700782  -18.369426824
   -2.951193099    1.745329252   23.175088859  -42.181849377  -17.732054352
   -2.760793544    1.745329252   16.727743188  -25.614788928  -16.007013446
   -2.570393989    1.745329252   13.238412399  -11.955173566  -13.560268987
   -2.379994435    1.745329252   11.729993755   -5.216543964  -10.726997171
   -2.189594880    1.745329252   10.765814750   -6.011119231   -7.710403660
   -1.999195325    1.745329252    9.153363215  -11.253031583   -4.637221698
   -1.808795770    1.745329252    6.536013621  -15.632306537   -1.673900253
   -1.618396215    1.745329252    3.570677675  -14.269333347    0.923765335
   -1.427996661    1.745329252    1.606773326   -5.087618536    2.890624206
   -1.237597106    1.745329252    2.033869876   10.270691923    4.114184495
   -1.047197551    1.745329252    5.647495049   27.547922140    4.736036186
   -0.856797996    1.745329252   12.346939646   41.883405517    5.130702713
   -0.666398442    1.745329252   21.203647461   49.778697263    5.748643231
   -0.475998887    1.745329252   30.816880285   49.765020524    6.943898814
   -0.285599332    1.745329252   39.698888722   42.323731134    8.842203345
   -0.095199777    1.745329252   46.604709865   29.473260142   11.284372056
    0.095199777    1.745329252   50.794927924   14.426420316   13.856104766
    0.285599332    1.745329252   52.224103452    1.161941095   15.970195261
    0.475998887    1.745329252   51.608399979   -6.520953734   17.028111716
    0.666398442    1.745329252   50.266100101   -6.323470477   16.616433888
    0.856797996    1.745329252   49.717208895    1.520997788   14.681786310
    1.047197551    1.745329252   51.166092002   14.015155995   11.557080934
    1.237597106    1.745329252   55.068361564   26.461233944    7.838662868
    1.427996661    1.745329252   60.958567576   34.267780195    4.132952193
    1.618396215    1.745329252   67.634907567   34.402156443    0.829299730
    1.808795770    1.745329252   73.532148427   26.166866955   -2.019338034
    1.999195325    1.745329252   77.154485272   10.862591323   -4.631163125
    2.189594880    1.745329252   77.390438899   -8.871066054   -7.300830216
    2.379994435    1.745329252   73.709206408  -29.682807605  -10.186848616
    2.570393989    1.745329252   66.255005378  -47.861745660  -13.165161101
    2.760793544    1.745329252   55.884834622  -59.786519679  -15.842418768
    2.951193099    1.745329252   44.068291718  -62.735179406  -17.705865925

   -3.141592654    2.094395102   25.275484399  -56.881466617  -19.319349193
   -2.951193099    2.094395102   15.924939353  -40.545796580  -18.888493195
   -2.760793544    2.094395102    9.982846188  -22.049143067  -17.285361361
   -2.570393989    2.094395102    7.304975889   -7.108270964  -14.773472716
   -2.379994435    2.094395102    6.797014148    0.366802244  -11.626711585
   -2.189594880    2.094395102    6.934689050   -0.079304521   -8.028025773
   -1.999195325    2.094395102    6.456803023   -5.336569490   -4.114091777
   -1.808795770    2.094395102    4.928554422  -10.196999192   -0.087981189
   -1.618396215    2.094395102    2.912762257   -9.808211904    3.722999323
   -1.427996661    2.094395102    1.681014509   -1.876227132    6.939610429
   -1.237597106    2.094395102    2.610374883   12.391497242    9.297665757
   -1.047197551    2.094395102    6.568603182   29.155849195   10.773321147
   -0.856797996    2.094395102   13.583720099   43.691998001   11.583898250
   -0.666398442    2.094395102   22.847356379   52.290418378   12.057551913
   -0.475998887    2.094395102   33.014625196   53.039796549   12.471890898
   -0.285599332    2.094395102   42.563224544   45.939166686   12.934231657
   -0.095199777    2.094395102   50.129719404   32.642483378   13.335156874
    0.095199777    2.094395102   54.805114831   16.191827262   13.380206852
    0.285599332    2.094395102   56.368174295    0.689752962   12.684418538
    0.475998887    2.094395102   55.414747762   -9.608572190   10.944524596
    0.666398442    2.094395102   53.254490835  -11.702576794    8.116099864
    0.856797996    2.094395102   51.536852938   -5.161720582    4.519925274
    1.047197551    2.094395102   51.693202160    7.345121505    0.751540865
    1.237597106    2.094395102   54.420073687   20.926125400   -2.547317323
    1.427996661    2.094395102   59.410191721   30.370096254   -4.966404628
    1.618396215    2.094395102   65.484553887   31.879497005   -6.482209660
    1.808795770    2.094395102   70.969406581   24.197051232   -7.439577566
    1.999195325    2.094395102   74.190552283    8.474093876   -8.364051924
    2.189594880    2.094395102   73.873112694  -12.359116733   -9.716177692
    2.379994435    2.094395102   69.411144943  -34.340239599  -11.694598505
    2.570393989    2.094395102   61.002249170  -53.075272104  -14.141374737
    2.760793544    2.094395102   49.669209925  -64.477492279  -16.601106268
    2.951193099    2.094395102   37.098401313  -65.802535387  -18.486253750

   -3.141592654    2.443460953   18.886078429  -58.045826655  -12.704564756
   -2.951193099    2.443460953    9.500601399  -39.754641054  -11.927405668
   -2.760793544    2.443460953    3.888530530  -19.420635748  -10.260392404
   -2.570393989    2.443460953    1.864238473   -2.927009568   -7.841322370
   -2.379994435    2.443460953    2.280085029    5.849718618   -4.816067372
   -2.189594880    2.443460953    3.569877577    6.502149121   -1.271339313
   -1.999195325    2.443460953    4.428156151    2.049755381    2.716888535
   -1.808795770    2.443460953    4.343106619   -2.534990613    6.973250907
   -1.618396215    2.443460953    3.755784308   -2.596680452   11.155483451
   -1.427996661    2.443460953    3.798006757    4.195177514   14.809262191
   -1.237597106    2.443460953    5.742128036   16.946523789   17.528037713
   -1.047197551    2.443460953   10.424358996   32.236704953   19.103662345
   -0.856797996    2.443460953   17.910622069   45.616720894   19.567328445
   -0.666398442    2.443460953   27.458027851   53.383807183   19.109161168
   -0.475998887    2.443460953   37.766345785   53.418385722   17.942820284
   -0.285599332    2.443460953   47.308173582   45.433101176   16.198637846
   -0.095199777    2.443460953   54.663621460   30.851969717   13.879897689
    0.095199777    2.443460953   58.838263991   12.647968534   10.889060421
    0.285599332    2.443460953   59.536021549   -4.869893357    7.127263007
    0.475998887    2.443460953   57.345876627  -16.949168788    2.652420306
    0.666398442    2.443460953   53.682901234  -19.936648031   -2.192159534
    0.856797996    2.443460953   50.417536248  -12.930749800   -6.771002401
    1.047197551    2.443460953   49.248924779    1.397303367  -10.357517867
    1.237597106    2.443460953   51.085214489   17.583142670  -12.429904655
    1.427996661    2.443460953   55.684764448   29.524461145  -12.904077231
    1.618396215    2.443460953   61.767613567   32.621769215  -12.163346121
    1.808795770    2.443460953   67.442246139   25.234918787  -10.886606362
    1.999195325    2.443460953   70.792222505    8.636242234   -9.773008556
    2.189594880    2.443460953   70.363393300  -13.743154262   -9.308222057
    2.379994435    2.443460953   65.484405842  -37.275163040   -9.643945127
    2.570393989    2.443460953   56.412732296  -56.958776359  -10.593710908
    2.760793544    2.443460953   44.324563332  -68.342667797  -11.737807188
    2.951193099    2.443460953   31.099200063  -68.666392059  -12.575346206

   -3.141592654    2.792526803   15.921176184  -57.845268078    0.792297588
   -2.951193099    2.792526803    6.679200958  -38.436340185    2.344174692
   -2.760793544    2.792526803    1.432686261  -16.905292521    3.956055691
   -2.570393989    2.792526803    0.000000000    0.757669600    5.634901974
   -2.379994435    2.792526803    1.226016724   10.664445555    7.523209102
   -2.189594880    2.792526803    3.536860622   12.396649552    9.858896200
   -1.999195325    2.792526803    5.608964756    8.860248652   12.826866236
   -1.808795770    2.792526803    6.877709293    4.781778321   16.379362761
   -1.618396215    2.792526803    7.680155630    4.554021451   20.145368093
   -1.427996661    2.792526803    9.005250107   10.390869752   23.511087468
   -1.237597106    2.792526803   11.983128230   21.520356291   25.844518526
   -1.047197551    2.792526803   17.349395961   34.810328576   26.732350491
   -0.856797996    2.792526803   25.126547821   46.104553559   26.083377168
   -0.666398442    2.792526803   34.574121419   51.866884617   24.079293781
   -0.475998887    2.792526803   44.412931676   50.017862874   21.011219301
   -0.285599332    2.792526803   53.134995615   40.232004480   17.138735693
   -0.095199777    2.792526803   59.332079545   23.895924246   12.619147516
    0.095199777    2.792526803   62.022967504    4.051294131    7.532011870
    0.285599332    2.792526803   60.955125953  -14.722867834    1.988975596
    0.475998887    2.792526803   56.831798819  -27.220288496   -3.724813136
    0.666398442    2.792526803   51.272572532  -29.329313407   -9.071821760
    0.856797996    2.792526803   46.415944247  -20.019349014  -13.344170309
    1.047197551    2.792526803   44.204000099   -2.355188556  -15.910262891
    1.237597106    2.792526803   45.664672940   17.348249746  -16.498592943
    1.427996661    2.792526803   50.499894365   32.056878274  -15.325475956
    1.618396215    2.792526803   57.223273202   36.581015424  -13.002289284
    1.808795770    2.792526803   63.673479269   29.218463336  -10.271446949
    1.999195325    2.792526803   67.697795966   11.617681757   -7.734240889
    2.189594880    2.792526803   67.700127830  -12.217378266   -5.700388503
    2.379994435    2.792526803   62.975901619  -37.120241669   -4.181087592
    2.570393989    2.792526803   53.838360389  -57.707221105   -2.986116741
    2.760793544    2.792526803   41.571862503  -69.351349648   -1.865935299
    2.951193099    2.792526803   28.180758262  -69.311062030   -0.627638748
