#! FIELDS phi psi file.free der_phi der_psi
#! SET min_phi -pi
#! SET max_phi pi
#! SET nbins_phi  33
#! SET periodic_phi true
#! SET min_psi -pi
#! SET max_psi pi
#! SET nbins_psi  18
#! SET periodic_psi true
   -3.141592654   -3.141592654   18.307636564  -53.218133146   17.983338459
   -2.951193099   -3.141592654    9.916961553  -34.337477164   20.342016193
   -2.760793544   -3.141592654    5.328276512  -14.232448309   21.681467988
   -2.570393989   -3.141592654    4.242010668    1.707565887   22.213543704
   -2.379994435   -3.141592654    5.530682288   10.513384720   22.435730479
   -2.189594880   -3.141592654    7.808971209   12.431412294   22.968100905
   -1.999195325   -3.141592654   10.017500054   10.442749007   24.313884977
   -1.808795770   -3.141592654   11.805196853    8.700522815   26.617133264
   -1.618396215   -3.141592654   13.573309468   10.651145988   29.550626475
   -1.427996661   -3.141592654   16.194741072   17.679445938   32.404026766
   -1.237597106   -3.141592654   20.564903885   28.605502058   34.342476510
   -1.047197551   -3.141592654   27.157072383   40.399972885   34.701581898
   -0.856797996   -3.141592654   35.780098088   49.274617580   33.155232559
   -0.666398442   -3.141592654   45.551394302   52.008322260   29.741554922
   -0.475998887   -3.141592654   55.094519415   46.695562159   24.747382260
   -0.285599332   -3.141592654   62.824853959   33.077357663   18.598129603
   -0.095199777   -3.141592654   67.279089536   12.733168387   11.771999334
    0.095199777   -3.141592654   67.484512258  -10.800851858    4.762842076
    0.285599332   -3.141592654   63.319668988  -32.166016030   -1.916411432
    0.475998887   -3.141592654   55.777531649  -45.326660745   -7.724885670
    0.666398442   -3.141592654   46.901635965  -45.644441685  -12.124528877
    0.856797996   -3.141592654   39.302901928  -32.148757363  -14.701209387
    1.047197551   -3.141592654   35.323847955   -8.601457994  -15.322031075
    1.237597106   -3.141592654   36.208109551   17.513914453  -14.233521268
    1.427996661   -3.141592654   41.631937232   37.831249221  -11.974333563
    1.618396215   -3.141592654   49.843209740   46.037989089   -9.154900294
    1.808795770   -3.141592654   58.248573086   39.872270775   -6.203245461
    1.999195325   -3.141592654   64.230411547   21.209886993   -3.246057479
    2.189594880   -3.141592654   65.846560639   -4.966490015   -0.172305952
    2.379994435   -3.141592654   62.273356818  -32.179284262    3.197331258
    2.570393989   -3.141592654   53.935668947  -54.045318870    6.931441481
    2.760793544   -3.141592654   42.348383720  -65.724331536   10.884421825
    2.951193099   -3.141592654   29.706972725  -65.055718356   14.712530389

   -3.141592654   -2.792526803   26.233530104  -48.740318330   25.758248544
   -2.951193099   -2.792526803   18.490932348  -32.023684202   27.893663713
   -2.760793544   -2.792526803   14.154743343  -13.801346873   28.769395994
   -2.570393989   -2.792526803   13.034579583    1.097017192   28.724300119
   -2.379994435   -2.792526803   14.199449510   10.022762991   28.357833608
   -2.189594880   -2.792526803   16.486698464   13.174033902   28.325828710
   -1.999195325   -2.792526803   19.010375649   13.058190359   29.100123584
   -1.808795770   -2.792526803   21.469140506   13.037632070   30.746862427
   -1.618396215   -2.792526803   24.153434363   15.715603470   32.843157405
   -1.427996661   -2.792526803   27.686417090   21.914564486   34.589720259
   -1.237597106   -2.792526803   32.652621690   30.399118951   35.095120633
   -1.047197551   -2.792526803   39.254395378   38.576337642   33.709213599
   -0.856797996   -2.792526803   47.142408121   43.384318660   30.220310388
   -0.666398442   -2.792526803   55.421400464   42.337076314   24.881864627
   -0.475998887   -2.792526803   62.829133551   34.130693007   18.253714789
   -0.285599332   -2.792526803   67.989327329   18.885783333   11.022638977
   -0.095199777   -2.792526803   69.698363653   -1.663491010    3.851077564
    0.095199777   -2.792526803   67.253925073  -24.013541354   -2.700695700
    0.285599332   -2.792526803   60.784488332  -42.978573578   -8.186847517
    0.475998887   -2.792526803   51.488665017  -52.800658133  -12.263332523
    0.666398442   -2.792526803   41.552194645  -49.254356183  -14.684061351
    0.856797996   -2.792526803   33.634902887  -31.926035247  -15.356223884
    1.047197551   -2.792526803   30.014348282   -5.204344741  -14.405196988
    1.237597106   -2.792526803   31.758532669   22.956667979  -12.198231423
    1.427996661   -2.792526803   38.314325180   44.105492551   -9.235886889
    1.618396215   -2.792526803   47.727171699   52.302042723   -5.971191229
    1.808795770   -2.792526803   57.300096259   45.892280387   -2.631743884
    1.999195325   -2.792526803   64.423998730   27.258985386    0.821376766
    2.189594880   -2.792526803   67.230441360    1.548337353    4.574940228
    2.379994435   -2.792526803   64.962945113  -24.982182165    8.778833350
    2.570393989   -2.792526803   58.046710913  -46.398956830   13.382687988
    2.760793544   -2.792526803   47.908669352  -58.295558084   18.078175683
    2.951193099   -2.792526803   36.592467128  -58.724677106   22.373420605

   -3.141592654   -2.443460953   34.836726901  -44.425385104   22.972388289
   -2.951193099   -2.443460953   27.710588685  -29.859455961   24.626908474
   -2.760793544   -2.443460953   23.605904974  -13.433687400   25.291006989
   -2.570393989   -2.443460953   22.447577864    0.494618970   25.272925339
   -2.379994435   -2.443460953   23.487097785    9.478179694   25.017633779
   -2.189594880   -2.443460953   25.749289694   13.571287623   24.948966980
   -1.999195325   -2.443460953   28.473047860   14.766377462   25.314232135
   -1.808795770   -2.443460953   31.356913493   15.664302422   26.047415761
   -1.618396215   -2.443460953   34.542287478   18.117242907   26.734898526
   -1.427996661   -2.443460953   38.388000801   22.538798525   26.725071134
   -1.237597106   -2.443460953   43.188535761   27.862680979   25.366268253
   -1.047197551   -2.443460953   48.944324070   32.199679089   22.285482936
   -0.856797996   -2.443460953   55.266188460   33.452092558   17.535970202
   -0.666398442   -2.443460953   61.397219253   29.950249646   11.585047657
   -0.475998887   -2.443460953   66.333243686   20.831448149    5.126694530
   -0.285599332   -2.443460953   68.997663234    6.216213517   -1.122595799
   -0.095199777   -2.443460953   68.453670594  -12.486241830   -6.584415960
    0.095199777   -2.443460953   64.187872449  -32.230266867  -10.895719035
    0.285599332   -2.443460953   56.430184963  -48.269680896  -13.901140366
    0.475998887   -2.443460953   46.405822580  -55.175792404  -15.601559278
    0.666398442   -2.443460953   36.276015134  -48.955525976  -16.081138257
    0.856797996   -2.443460953   28.636386832  -29.378855208  -15.468546439
    1.047197551   -2.443460953   25.667648834   -1.004207208  -13.927089257
    1.237597106   -2.443460953   28.312505739   28.115502748  -11.669603352
    1.427996661   -2.443460953   35.890325960   49.601667043   -8.934394147
    1.618396215   -2.443460953   46.352540398   57.804506302   -5.926743004
    1.808795770   -2.443460953   56.975248234   51.456801375   -2.743136823
    1.999195325   -2.443460953   65.190075695   33.212343707    0.649217573
    2.189594880   -2.443460953   69.196143449    8.228523602    4.335712218
    2.379994435   -2.443460953   68.278388181  -17.519035890    8.346650746
    2.570393989   -2.443460953   62.831770221  -38.535671277   12.556040885
    2.760793544   -2.443460953   54.171677940  -50.790786534   16.659649572
    2.951193099   -2.443460953   44.179865278  -52.468821937   20.253332906

   -3.141592654   -2.094395102   41.080678094  -40.990028212   13.323356875
   -2.951193099   -2.094395102   34.479234957  -27.773303777   14.244656464
   -2.760793544   -2.094395102   30.660841238  -12.458322300   14.714746239
   -2.570393989   -2.094395102   29.614591232    0.773060191   14.924765552
   -2.379994435   -2.094395102   30.675144020    9.483026468   15.031646610
   -2.189594880   -2.094395102   32.935936148   13.577364698   15.089455428
   -1.999195325   -2.094395102   35.660945911   14.735996772   15.029602401
   -1.808795770   -2.094395102   38.503318578   15.152711781   14.658957870
   -1.618396215   -2.094395102   41.483576543   16.327300890   13.694542087
   -1.427996661   -2.094395102   44.794979210   18.584919754   11.843086675
   -1.237597106   -2.094395102   48.586967648   21.187835947    8.915910792
   -1.047197551   -2.094395102   52.815163692   22.920721952    4.957916246
   -0.856797996   -2.094395102   57.186187797   22.453078009    0.279907922
   -0.666398442   -2.094395102   61.167351184   18.626416114   -4.602747235
   -0.475998887   -2.094395102   64.034426426   10.655601290   -9.132763516
   -0.285599332   -2.094395102   64.963443866   -1.686057277  -12.859891839
   -0.095199777   -2.094395102   63.177718805  -17.587125969  -15.532415811
    0.095199777   -2.094395102   58.205039237  -34.605970961  -17.122542381
    0.285599332   -2.094395102   50.215662905  -48.431432282  -17.778880865
    0.475998887   -2.094395102   40.317386845  -53.791195728  -17.744751123
    0.666398442   -2.094395102   30.551087962  -46.590647515  -17.246243502
    0.856797996   -2.094395102   23.426208755  -26.361608355  -16.403270294
    1.047197551   -2.094395102   21.082937304    2.545979363  -15.203794403
    1.237597106   -2.094395102   24.451059802   32.162522975  -13.564487638
    1.427996661   -2.094395102   32.843115928   54.093737416  -11.424201080
    1.618396215   -2.094395102   44.198403107   62.673820907   -8.809170041
    1.808795770   -2.094395102   55.782203224   56.677750710   -5.828389459
    1.999195325   -2.094395102   65.027244029   38.806862742   -2.617940982
    2.189594880   -2.094395102   70.137028063   14.211873735    0.680518830
    2.379994435   -2.094395102   70.389325705  -11.256690606    3.932708243
    2.570393989   -2.094395102   66.139541080  -32.303768057    6.985823814
    2.760793544   -2.094395102   58.627284648  -45.057571551    9.664326335
    2.951193099   -2.094395102   49.640563932  -47.720789085   11.805631774

   -3.141592654   -1.745329252   43.357433727  -39.397956962    4.560687001
   -2.951193099   -1.745329252   37.017544344  -26.596216833    4.910818623
   -2.760793544   -1.745329252   33.395802162  -11.557952341    5.125472390
   -2.570393989   -1.745329252   32.498571038    1.428279595    5.226871599
   -2.379994435   -1.745329252   33.650453409    9.744742286    5.119754449
   -2.189594880   -1.745329252   35.899000960   13.119965552    4.603815470
   -1.999195325   -1.745329252   38.432600752   13.101023733    3.457133446
   -1.808795770   -1.745329252   40.812697606   11.858633886    1.527094615
   -1.618396215   -1.745329252   42.978031555   11.029576790   -1.204053954
   -1.427996661   -1.745329252   45.085312469   11.269153523   -4.596013893
   -1.237597106   -1.745329252   47.326020367   12.340090221   -8.376673386
   -1.047197551   -1.745329252   49.799203573   13.537172369  -12.172407084
   -0.856797996   -1.745329252   52.434712125   13.834661727  -15.579691475
   -0.666398442   -1.745329252   54.947035644   11.992532407  -18.236641279
   -0.475998887   -1.745329252   56.805052378    6.766799716  -19.909622734
   -0.285599332   -1.745329252   57.268398859   -2.722495872  -20.542736999
   -0.095199777   -1.745329252   55.520486723  -16.278311539  -20.260728934
    0.095199777   -1.745329252   50.950765523  -31.846249640  -19.345655477
    0.285599332   -1.745329252   43.544763367  -45.219185586  -18.160356289
    0.475998887   -1.745329252   34.234005049  -50.931574344  -17.047956267
    0.666398442   -1.745329252   24.944421272  -44.460378529  -16.207027916
    0.856797996   -1.745329252   18.162842138  -24.821626805  -15.605839554
    1.047197551   -1.745329252   16.096922960    4.026304893  -14.995343157
    1.237597106   -1.745329252   19.791943993   34.205577703  -14.040913776
    1.427996661   -1.745329252   28.662757805   57.106778509  -12.500656719
    1.618396215   -1.745329252   40.691125555   66.686149562  -10.345478006
    1.808795770   -1.745329252   53.113514750   61.397984471   -7.758009436
    1.999195325   -1.745329252   63.289798909   43.776317532   -5.023317118
    2.189594880   -1.745329252   69.335508650   18.999186376   -2.424745457
    2.379994435   -1.745329252   70.456685771   -6.967399794   -0.158645609
    2.570393989   -1.745329252   66.961655579  -28.691613067    1.671365856
    2.760793544   -1.745329252   60.067455755  -42.182770530    3.038449016
    2.951193099   -1.745329252   51.560123933  -45.543759901    3.973121745

   -3.141592654   -1.396263402   41.758635728  -39.798871627    1.555453813
   -2.951193099   -1.396263402   35.371096474  -26.674627238    1.130889573
   -2.760793544   -1.396263402   31.768471754  -11.312888784    0.680507791
   -2.570393989   -1.396263402   30.924766560    1.657239498    0.232037088
   -2.379994435   -1.396263402   32.070220222    9.324131434   -0.380943375
   -2.189594880   -1.396263402   34.118767181   11.324543907   -1.495738308
   -1.999195325   -1.396263402   36.133209599    9.382750376   -3.470603562
   -1.808795770   -1.396263402   37.609090484    6.105694809   -6.490626995
   -1.618396215   -1.396263402   38.517112758    3.701039346  -10.429132659
   -1.427996661   -1.396263402   39.153486110    3.339270654  -14.830510001
   -1.237597106   -1.396263402   39.926752473    5.074179317  -19.044040601
   -1.047197551   -1.396263402   41.179036485    8.160122174  -22.407285668
   -0.856797996   -1.396263402   43.043155047   11.209530956  -24.437236151
   -0.666398442   -1.396263402   45.346294211   12.416872076  -24.928556713
   -0.475998887   -1.396263402   47.555780190    9.933387079  -23.976394480
   -0.285599332   -1.396263402   48.823362916    2.395623445  -21.923207799
   -0.095199777   -1.396263402   48.150156354  -10.307237000  -19.255997100
    0.095199777   -1.396263402   44.704238840  -26.206745106  -16.510337397
    0.285599332   -1.396263402   38.255139632  -40.954282827  -14.150752971
    0.475998887   -1.396263402   29.570682619  -48.674981591  -12.472283470
    0.666398442   -1.396263402   20.515242109  -44.198693659  -11.521176291
    0.856797996   -1.396263402   13.645950520  -25.845978442  -11.086106350
    1.047197551   -1.396263402   11.354115295    2.874816902  -10.781646073
    1.237597106   -1.396263402   14.911020749   34.050258109  -10.209512433
    1.427996661   -1.396263402   23.903176414   58.567942182   -9.121001186
    1.618396215   -1.396263402   36.363257156   69.670422027   -7.497254852
    1.808795770   -1.396263402   49.449970277   65.243019272   -5.516552111
    1.999195325   -1.396263402   60.370505507   47.592765769   -3.442326252
    2.189594880   -1.396263402   67.080166107   22.054320845   -1.533820314
    2.379994435   -1.396263402   68.677936389   -5.051570816    0.021130174
    2.570393989   -1.396263402   65.437588868  -27.903950714    1.108236875
    2.760793544   -1.396263402   58.607618773  -42.227411172    1.688825932
    2.951193099   -1.396263402   50.046433286  -45.979240399    1.797476672

   -3.141592654   -1.047197551   38.836541963  -42.615281475    2.714519317
   -2.951193099   -1.047197551   31.951654465  -29.006722371    1.481597123
   -2.760793544   -1.047197551   27.977561602  -12.877560575    0.136905232
   -2.570393989   -1.047197551   26.896726370    0.647786078   -1.247804549
   -2.379994435   -1.047197551   27.848096106    8.139314218   -2.792883347
   -2.189594880   -1.047197551   29.578228695    9.008640180   -4.800730409
   -1.999195325   -1.047197551   30.983509201    5.230862481   -7.595247766
   -1.808795770   -1.047197551   31.486132206    0.102068183  -11.290480336
   -1.618396215   -1.047197551   31.134280221   -3.325835502  -15.625475056
   -1.427996661   -1.047197551   30.446826205   -3.276132497  -19.963586097
   -1.237597106   -1.047197551   30.123923760    0.413574448  -23.495390142
   -1.047197551   -1.047197551   30.769449986    6.575260883  -25.516902789
   -0.856797996   -1.047197551   32.660434922   13.068666691  -25.670003958
   -0.666398442   -1.047197551   35.616971528   17.287859001  -24.028040257
   -0.475998887   -1.047197551   38.962009774   16.770788521  -21.028102911
   -0.285599332   -1.047197551   41.613178983    9.855273630  -17.310997042
   -0.095199777   -1.047197551   42.311440521   -3.574776375  -13.522966931
    0.095199777   -1.047197551   39.990017141  -21.272183481  -10.168248341
    0.285599332   -1.047197551   34.259058552  -38.390197797   -7.514685866
    0.475998887   -1.047197551   25.837442606  -48.412513804   -5.592822608
    0.666398442   -1.047197551   16.665739178  -45.524243141   -4.255988748
    0.856797996   -1.047197551    9.483327324  -27.615364369   -3.279402046
    1.047197551   -1.047197551    6.909706266    1.843855067   -2.451286598
    1.237597106   -1.047197551   10.409233920   34.545941718   -1.627192708
    1.427996661   -1.047197551   19.658027830   60.721936997   -0.744044159
    1.618396215   -1.047197551   32.652593660   72.997507215    0.200368519
    1.808795770   -1.047197551   46.420178018   68.912501493    1.178191560
    1.999195325   -1.047197551   58.003596060   50.750809414    2.147898872
    2.189594880   -1.047197551   65.214337295   24.079322135    3.041893092
    2.379994435   -1.047197551   67.063002014   -4.467724758    3.761689361
    2.570393989   -1.047197551   63.794577141  -28.757020242    4.175396509
    2.760793544   -1.047197551   56.684150846  -44.255212464    4.161300264
    2.951193099   -1.047197551   47.660991162  -48.702056942    3.656721688

   -3.141592654   -0.698131701   38.291928953  -46.393758079    2.727231201
   -2.951193099   -0.698131701   30.666265529  -32.917839784    0.465034594
   -2.760793544   -0.698131701   25.969174670  -16.515882990   -1.897315754
   -2.570393989   -0.698131701   24.228581335   -2.673077713   -4.205688508
   -2.379994435   -0.698131701   24.547757577    4.720026594   -6.512878963
   -2.189594880   -0.698131701   25.565077277    4.829963014   -9.073598225
   -1.999195325   -0.698131701   26.061861330   -0.165269302  -12.157727596
   -1.808795770   -0.698131701   25.429662190   -6.321293502  -15.783835784
   -1.618396215   -0.698131701   23.829947412   -9.782530770  -19.553642075
   -1.427996661   -0.698131701   22.027909634   -8.260990406  -22.708956851
   -1.237597106   -0.698131701   21.011995915   -1.682441515  -24.425889884
   -1.047197551   -0.698131701   21.599139475    8.104676876  -24.171568238
   -0.856797996   -0.698131701   24.116078996   17.993376730  -21.935526484
   -0.666398442   -0.698131701   28.253343606   24.531154555  -18.225586236
   -0.475998887   -0.698131701   33.078567501   24.802751238  -13.847787684
   -0.285599332   -0.698131701   37.214266119   17.193210053   -9.615538332
   -0.095199777   -0.698131701   39.156817422    2.032239796   -6.084130812
    0.095199777   -0.698131701   37.704054825  -17.757531942   -3.424963853
    0.285599332   -0.698131701   32.462914535  -36.663059622   -1.449671262
    0.475998887   -0.698131701   24.257990876  -47.721593910    0.216752909
    0.666398442   -0.698131701   15.188651433  -45.019268711    1.902830465
    0.856797996   -0.698131701    8.138419306  -26.677753194    3.710517817
    1.047197551   -0.698131701    5.806201886    3.427237078    5.488734475
    1.237597106   -0.698131701    9.659622893   36.620456276    6.962782850
    1.427996661   -0.698131701   19.324807594   62.952583199    7.915717787
    1.618396215   -0.698131701   32.734396521   75.078163289    8.309062102
    1.808795770   -0.698131701   46.868352891   70.656800500    8.283780476
    1.999195325   -0.698131701   58.743514493   52.053943650    8.050790742
    2.189594880   -0.698131701   66.151380313   24.822823338    7.763028910
    2.379994435   -0.698131701   68.073271018   -4.480574637    7.432224394
    2.570393989   -0.698131701   64.711974593  -29.751394190    6.924248679
    2.760793544   -0.698131701   57.306643507  -46.365770295    6.043661354
    2.951193099   -0.698131701   47.780852144  -51.826786787    4.642363152

   -3.141592654   -0.349065850   38.724275783  -51.370427564    2.448983934
   -2.951193099   -0.349065850   30.110167102  -38.210480034   -0.523987497
   -2.760793544   -0.349065850   24.418958298  -21.589143827   -3.528385284
   -2.570393989   -0.349065850   21.754579394   -7.298597738   -6.375581264
   -2.379994435   -0.349065850   21.220207917    0.312988623   -9.065628834
   -2.189594880   -0.349065850   21.381073223    0.164056836  -11.770155810
   -1.999195325   -0.349065850   20.940245575   -5.342311188  -14.644445543
   -1.808795770   -0.349065850   19.299853569  -11.597320545  -17.576537843
   -1.618396215   -0.349065850   16.772408027  -14.009644029  -20.069772312
   -1.427996661   -0.349065850   14.381319672   -9.985087620  -21.375313082
   -1.237597106   -0.349065850   13.364842274    0.142772464  -20.845516097
   -1.047197551   -0.349065850   14.651142274   13.539322090  -18.299615018
   -0.856797996   -0.349065850   18.470654106   25.983326974  -14.166718752
   -0.666398442   -0.349065850   24.235014520   33.307818941   -9.341258373
   -0.475998887   -0.349065850   30.658543862   32.534493951   -4.811222776
   -0.285599332   -0.349065850   36.061686661   22.635507507   -1.288591333
   -0.095199777   -0.349065850   38.792318258    4.903571287    1.033095383
    0.095199777   -0.349065850   37.690326227  -16.764019003    2.494419426
    0.285599332   -0.349065850   32.561097945  -36.246288505    3.766486466
    0.475998887   -0.349065850   24.487047475  -46.588093811    5.501492309
    0.666398442   -0.349065850   15.764328682  -42.481610648    7.986407017
    0.856797996   -0.349065850    9.324325054  -22.925855327   10.981573003
    1.047197551   -0.349065850    7.756728300    7.514667323   13.847613743
    1.237597106   -0.349065850   12.336932463   40.003565915   15.888192158
    1.427996661   -0.349065850   22.521364062   64.956130288   16.693101095
    1.618396215   -0.349065850   36.170980180   75.635157726   16.292317655
    1.808795770   -0.349065850   50.302566212   70.165562510   15.068853541
    1.999195325   -0.349065850   62.026293592   51.036290982   13.505311733
    2.189594880   -0.349065850   69.217197939   23.588751461   11.955917378
    2.379994435   -0.349065850   70.882282678   -5.980452920   10.518261003
    2.570393989   -0.349065850   67.185427498  -31.840311250    9.053632913
    2.760793544   -0.349065850   59.296522593  -49.409914865    7.319183780
    2.951193099   -0.349065850   49.087094630  -55.955325518    5.122181364

   -3.141592654    0.000000000   39.781529559  -56.476289765    1.517207878
   -2.951193099    0.000000000   30.151633246  -43.690286684   -1.368239767
   -2.760793544    0.000000000   23.411171903  -27.072159486   -4.157898840
   -2.570393989    0.000000000   19.719234494  -12.592881122   -6.726930001
   -2.379994435    0.000000000   18.190709748   -4.852919785   -9.095230852
   -2.189594880    0.000000000   17.370156641   -4.978100354  -11.379287636
   -1.999195325    0.000000000   15.965933293  -10.233353529  -13.618607621
   -1.808795770    0.000000000   13.477511534  -15.428266162  -15.583182097
   -1.618396215    0.000000000   10.418794905  -15.536009457  -16.740439226
   -1.427996661    0.000000000    8.048651767   -8.098326755  -16.459575036
   -1.237597106    0.000000000    7.747760378    5.723565140  -14.370132324
   -1.047197551    0.000000000   10.385371392   21.908406454  -10.655852761
   -0.856797996    0.000000000   15.920712347   35.274676027   -6.056534685
   -0.666398442    0.000000000   23.373294908   41.421502337   -1.588700374
   -0.475998887    0.000000000   31.100824674   37.941941709    1.896835868
   -0.285599332    0.000000000   37.234966159   24.941740717    4.048605846
   -0.095199777    0.000000000   40.167463983    4.942078260    5.127546810
    0.095199777    0.000000000   38.987765117  -17.302128049    5.866094437
    0.285599332    0.000000000   33.850360425  -35.522080817    7.130212284
    0.475998887    0.000000000   26.137042106  -43.424750252    9.514043298
    0.666398442    0.000000000   18.257790976  -36.917929694   13.026424679
    0.856797996    0.000000000   13.016681847  -16.194422688   17.040794517
    1.047197551    0.000000000   12.698050599   13.584929287   20.566528762
    1.237597106    0.000000000   18.242047211   43.859138131   22.704514850
    1.427996661    0.000000000   28.889921594   65.952763092   23.031002537
    1.618396215    0.000000000   42.478800032   74.141244580   21.711087077
    1.808795770    0.000000000   56.163922128   67.157924661   19.327126988
    1.999195325    0.000000000   67.254256301   47.545732174   16.544436131
    2.189594880    0.000000000   73.788843086   20.250140933   13.849375325
    2.379994435    0.000000000   74.844377762   -9.070286655   11.416225026
    2.570393989    0.000000000   70.560026042  -34.993311945    9.150354190
    2.760793544    0.000000000   62.030258426  -53.062494614    6.836634397
    2.951193099    0.000000000   51.055089296  -60.365300058    4.299261429

   -3.141592654    0.349065850   41.550635412  -60.737349968    1.314532048
   -2.951193099    0.349065850   31.077262461  -48.224109930   -0.613534338
   -2.760793544    0.349065850   23.469372361  -31.597810804   -2.346226331
   -2.570393989    0.349065850   18.931772365  -16.923862814   -3.895357208
   -2.379994435    0.349065850   16.599953375   -8.952120089   -5.345684471
   -2.189594880    0.349065850   15.022305441   -8.806272821   -6.787138940
   -1.999195325    0.349065850   12.936079692  -13.480931936   -8.191902555
   -1.808795770    0.349065850    9.938108750  -17.382335364   -9.309021368
   -1.618396215    0.349065850    6.702929636  -15.287800391   -9.701013448
   -1.427996661    0.349065850    4.641548208   -5.057576562   -8.951401825
   -1.237597106    0.349065850    5.174255393   11.313182830   -6.939384232
   -1.047197551    0.349065850    9.029406794   28.845603234   -4.002429231
   -0.856797996    0.349065850   15.877216697   41.822472512   -0.825799357
   -0.666398442    0.349065850   24.414325133   46.067880060    1.866468130
   -0.475998887    0.349065850   32.786129348   40.049275520    3.672122497
   -0.285599332    0.349065850   39.111063297   25.007370692    4.690761590
   -0.095199777    0.349065850   41.970461967    4.395278688    5.469155168
    0.095199777    0.349065850   40.771289725  -16.669829928    6.763729966
    0.285599332    0.349065850   35.985804314  -32.291321116    9.204558525
    0.475998887    0.349065850   29.176772015  -37.205358800   12.983970425
    0.666398442    0.349065850   22.703998443  -28.635191046   17.687794985
    0.856797996    0.349065850   19.088816729   -7.780321704   22.376338547
    1.047197551    0.349065850   20.211507427   19.981813144   25.935305341
    1.237597106    0.349065850   26.656473781   46.778973744   27.526081580
    1.427996661    0.349065850   37.498521919   65.139760911   26.906626786
    1.618396215    0.349065850   50.637798279   70.454827334   24.457437427
    1.808795770    0.349065850   63.458173891   62.009590406   20.938298705
    1.999195325    0.349065850   73.537719725   42.267026586   17.129320961
    2.189594880    0.349065850   79.122547761   15.630113614   13.582809333
    2.379994435    0.349065850   79.377144487  -12.889995752   10.520627921
    2.570393989    0.349065850   74.417148184  -38.351659992    7.902665966
    2.760793544    0.349065850   65.252111884  -56.462493920    5.572667366
    2.951193099    0.349065850   53.595012209  -64.166064282    3.391744704

   -3.141592654    0.698131701   42.905796582  -62.744350566    0.546685343
   -2.951193099    0.698131701   32.063826054  -50.088181935    0.205957685
   -2.760793544    0.698131701   24.105094395  -33.424483673    0.098817914
   -2.570393989    0.698131701   19.215098130  -18.802421969    0.013376552
   -2.379994435    0.698131701   16.517371508  -10.901372875   -0.221304368
   -2.189594880    0.698131701   14.569451536  -10.704922221   -0.668218740
   -1.999195325    0.698131701   12.150686449  -15.002468605   -1.255818450
   -1.808795770    0.698131701    8.936582432  -18.044194631   -1.787752227
   -1.618396215    0.698131701    5.692739534  -14.664987153   -2.019618827
   -1.427996661    0.698131701    3.881657379   -3.081581602   -1.785388980
   -1.237597106    0.698131701    4.886184755   14.164796061   -1.101246314
   -1.047197551    0.698131701    9.297315210   31.667163058   -0.180089611
   -0.856797996    0.698131701   16.606188245   43.715652674    0.710116077
   -0.666398442    0.698131701   25.380163892   46.659959979    1.430740390
   -0.475998887    0.698131701   33.767717657   39.762838422    2.118313662
   -0.285599332    0.698131701   40.038882433   24.951146526    3.161753312
   -0.095199777    0.698131701   43.021115787    5.968073196    5.040399792
    0.095199777    0.698131701   42.371047268  -12.337035998    8.119453620
    0.285599332    0.698131701   38.708894114  -24.851925888   12.454373019
    0.475998887    0.698131701   33.561634952  -27.411448799   17.672036079
    0.666398442    0.698131701   29.042849265  -18.279541856   22.980533326
    0.856797996    0.698131701   27.271465177    0.842776556   27.349275666
    1.047197551    0.698131701   29.707343781   24.899361936   29.845432472
    1.237597106    0.698131701   36.653687373   47.095350636   29.972152834
    1.427996661    0.698131701   47.143169320   61.298450762   27.834728478
    1.618396215    0.698131701   59.263722440   63.890846184   24.050762505
    1.808795770    0.698131701   70.713958173   54.457137054   19.465771065
    1.999195325    0.698131701   79.378577988   35.142750682   14.843674016
    2.189594880    0.698131701   83.713884862    9.697678183   10.699830761
    2.379994435    0.698131701   82.968263110  -17.481621633    7.269676543
    2.570393989    0.698131701   77.244104032  -41.842274884    4.595743735
    2.760793544    0.698131701   67.491250266  -59.205243847    2.634069525
    2.951193099    0.698131701   55.359141286  -66.451714351    1.314609334

   -3.141592654    1.047197551   41.900371120  -62.731415563   -4.368588114
   -2.951193099    1.047197551   31.156208665  -49.144115237   -3.365579296
   -2.760793544    1.047197551   23.421284326  -32.105787906   -2.033554133
   -2.570393989    1.047197551   18.773611950  -17.646745677   -0.753508635
   -2.379994435    1.047197551   16.252367575  -10.223556434    0.222640548
   -2.189594880    1.047197551   14.382702795  -10.539129487    0.828467716
   -1.999195325    1.047197551   11.960395188  -15.164123584    1.124918387
   -1.808795770    1.047197551    8.704099066  -18.290261707    1.206562714
   -1.618396215    1.047197551    5.417303389  -14.866655237    1.126066363
   -1.427996661    1.047197551    3.568109455   -3.310632085    0.876847696
   -1.237597106    1.047197551    4.510398589   13.691047717    0.446406442
   -1.047197551    1.047197551    8.794447150   30.796217808   -0.110631149
   -0.856797996    1.047197551   15.910215111   42.613221995   -0.588971088
   -0.666398442    1.047197551   24.498861546   45.952436681   -0.628977365
   -0.475998887    1.047197551   32.863665015   40.407507873    0.216504173
   -0.285599332    1.047197551   39.463366544   27.891931727    2.330575178
   -0.095199777    1.047197551   43.272708282   11.754306128    5.865154601
    0.095199777    1.047197551   43.990069022   -3.848284440   10.648150764
    0.285599332    1.047197551   42.132741952  -14.599718586   16.163795750
    0.475998887    1.047197551   38.981519648  -17.006481104   21.621898969
    0.666398442    1.047197551   36.306280056   -9.643823042   26.104744083
    0.856797996    1.047197551   35.873091974    6.035444353   28.782511028
    1.047197551    1.047197551   38.890843714   25.763318061   29.155824483
    1.237597106    1.047197551   45.595856157   43.813980162   27.218281325
    1.427996661    1.047197551   55.147480639   54.961414340   23.439459251
    1.618396215    1.047197551   65.887328506   55.972143538   18.574003702
    1.808795770    1.047197551   75.787602472   46.273946626   13.384356771
    1.999195325    1.047197551   82.942018053   27.562849770    8.439033374
    2.189594880    1.047197551   85.926991118    3.130882335    4.076527696
    2.379994435    1.047197551   84.040725962  -22.878778410    0.474687332
    2.570393989    1.047197551   77.407106428  -45.975957151   -2.244896862
    2.760793544    1.047197551   66.996254265  -61.961032509   -3.973102145
    2.951193099    1.047197551   54.476220039  -67.765275677   -4.653661535

   -3.141592654    1.396263402   36.982835016  -61.617381245   -9.316826960
   -2.951193099    1.396263402   26.637344777  -46.169962835   -7.611384429
   -2.760793544    1.396263402   19.585198390  -28.045031961   -5.600206911
   -2.570393989    1.396263402   15.746189850  -13.342728211   -3.729002104
   -2.379994435    1.396263402   14.013798792   -6.322625790   -2.224287167
   -2.189594880    1.396263402   12.815831522   -7.429536227   -1.060126057
   -1.999195325    1.396263402   10.892351106  -13.065851903   -0.105043215
   -1.808795770    1.396263402    7.925533519  -17.380241829    0.700198205
   -1.618396215    1.396263402    4.686761237  -15.297404151    1.269227492
   -1.427996661    1.396263402    2.626769504   -5.077466087    1.447126165
   -1.237597106    1.396263402    3.131525629   10.944966188    1.188297942
   -1.047197551    1.396263402    6.861995213   27.893978817    0.676878699
   -0.856797996    1.396263402   13.504654244   40.753183364    0.342127239
   -0.666398442    1.396263402   21.941422191   46.408857758    0.724267330
   -0.475998887    1.396263402   30.691160452   44.096641721    2.288259195
   -0.285599332    1.396263402   38.322593847   34.995227993    5.243753436
   -0.095199777    1.396263402   43.760741609   21.570366883    9.431816517
    0.095199777    1.396263402   46.492602974    7.201348599   14.335451102
    0.285599332    1.396263402   46.705467047   -4.233880578   19.171596583
    0.475998887    1.396263402   45.310255735   -9.212363111   23.066592887
    0.666398442    1.396263402   43.758926593   -5.794977484   25.264214073
    0.856797996    1.396263402   43.635954835    5.451079913   25.330569452
    1.047197551    1.396263402   46.152387555   21.244999049   23.273602392
    1.237597106    1.396263402   51.718198543   36.605547379   19.531241242
    1.427996661    1.396263402   59.760004169   46.542516053   14.799052478
    1.618396215    1.396263402   68.878819236   47.506107836    9.786081487
    1.808795770    1.396263402   77.214102549   38.339503569    4.999714717
    1.999195325    1.396263402   82.918171645   20.248434006    0.683477723
    2.189594880    1.396263402   84.562893781   -3.636072495   -3.083918457
    2.379994435    1.396263402   81.445727982  -28.991914955   -6.238779731
    2.570393989    1.396263402   73.740807364  -51.014436743   -8.622445207
    2.760793544    1.396263402   62.520343430  -65.313217557  -10.006163627
    2.951193099    1.396263402   49.563551570  -68.934814211  -10.220204680

   -3.141592654    1.745329252   30.982255712  -59.067276136  -16.007845216
   -2.951193099    1.745329252   21.273318008  -42.193069458  -14.606064381
   -2.760793544    1.745329252   15.033455966  -23.650282741  -12.582813922
   -2.570393989    1.745329252   12.003296270   -9.344531265  -10.262258156
   -2.379994435    1.745329252   10.964146665   -3.057374534   -7.835191449
   -2.189594880    1.745329252   10.319406496   -4.864424506   -5.326979811
   -1.999195325    1.745329252    8.825622562  -11.119665066   -2.730151443
   -1.808795770    1.745329252    6.163773775  -16.164449799   -0.160065568
   -1.618396215    1.745329252    3.068335579  -15.054143885    2.109821777
   -1.427996661    1.745329252    0.955531169   -5.857006922    3.775131359
   -1.237597106    1.745329252    1.246356307    9.585519109    4.722481179
   -1.047197551    1.745329252    4.738255503   26.931737433    5.153367142
   -0.856797996    1.745329252   11.332790760   41.398600963    5.545465970
   -0.666398442    1.745329252   20.127607285   49.642314911    6.441334296
   -0.475998887    1.745329252   29.772431990   50.258471837    8.212004199
   -0.285599332    1.745329252   38.822441054   43.577013424   10.888779829
   -0.095199777    1.745329252   46.028250656   31.286262640   14.114896619
    0.095199777    1.745329252   50.578471981   16.267224943   17.234686739
    0.285599332    1.745329252   52.308129600    2.351259192   19.460036400
    0.475998887    1.745329252   51.816003069   -6.478284145   20.109810405
    0.666398442    1.745329252   50.370436340   -7.409205814   18.831401440
    0.856797996    1.745329252   49.558839886    0.000734561   15.744482296
    1.047197551    1.745329252   50.772546560   13.273974031   11.398067867
    1.237597106    1.745329252   54.709696742   27.721456986    6.575345377
    1.427996661    1.745329252   61.083085219   38.067923743    2.000002311
    1.618396215    1.745329252   68.684580537   40.082226815   -1.894579256
    1.808795770    1.745329252   75.707807677   31.928038474   -5.054071465
    1.999195325    1.745329252   80.257217935   14.464976799   -7.698832138
    2.189594880    1.745329252   80.835100030   -9.069084745  -10.101639055
    2.379994435    1.745329252   76.724210978  -33.919279175  -12.385731956
    2.570393989    1.745329252   68.173716533  -54.834223006  -14.422015576
    2.760793544    1.745329252   56.390833390  -67.269402932  -15.895664949
    2.951193099    1.745329252   43.278841583  -68.567733112  -16.473973774

   -3.141592654    2.094395102   24.187802836  -57.881885159  -18.173664345
   -2.951193099    2.094395102   14.855168023  -39.506313540  -16.997239334
   -2.760793544    2.094395102    9.230564681  -19.965176325  -15.118596032
   -2.570393989    2.094395102    6.959968674   -5.116869671  -12.751619809
   -2.379994435    2.094395102    6.759685998    1.504586291  -10.027087457
   -2.189594880    2.094395102    7.011096696   -0.026555094   -6.951448085
   -1.999195325    2.094395102    6.454813417   -6.159644005   -3.515669906
   -1.808795770    2.094395102    4.719281432  -11.484578566    0.156937757
   -1.618396215    2.094395102    2.446986305  -11.177059052    3.760492474
   -1.427996661    2.094395102    0.969916905   -3.073139541    6.910514669
   -1.237597106    2.094395102    1.701048214   11.502648963    9.353307831
   -1.047197551    2.094395102    5.531629497   28.711829875   11.100244845
   -0.856797996    2.094395102   12.522981420   43.911270740   12.407830107
   -0.666398442    2.094395102   21.913900923   53.432055618   13.602474346
   -0.475998887    2.094395102   32.400268072   55.233326646   14.879031502
   -0.285599332    2.094395102   42.453692223   48.959210513   16.177256607
   -0.095199777    2.094395102   50.625456062   35.815889270   17.171522989
    0.095199777    2.094395102   55.845175654   18.545666501   17.371152876
    0.285599332    2.094395102   57.703658772    1.292810753   16.282544409
    0.475998887    2.094395102   56.657216575  -11.225939032   13.624191031
    0.666398442    2.094395102   53.996449265  -15.235252737    9.492219354
    0.856797996    2.094395102   51.509565253   -9.477499158    4.415450099
    1.047197551    2.094395102   50.901356252    3.904322398   -0.801438390
    1.237597106    2.094395102   53.186065273   19.916771753   -5.357578670
    1.427996661    2.094395102   58.283698622   32.510105459   -8.749913438
    1.618396215    2.094395102   65.030181879   36.562603058  -10.918450487
    1.808795770    2.094395102   71.514186723   29.620518102  -12.200370910
    1.999195325    2.094395102   75.660788025   12.402281138  -13.115762649
    2.189594880    2.094395102   75.812519462  -11.538215368  -14.108068215
    2.379994435    2.094395102   71.181842304  -36.856045562  -15.362507446
    2.570393989    2.094395102   62.063718741  -57.730999170  -16.747679939
    2.760793544    2.094395102   49.794587598  -69.332036595  -17.915783192
    2.951193099    2.094395102   36.424624577  -69.128136443  -18.473076767

   -3.141592654    2.443460953   18.006190645  -57.674946229  -12.257242504
   -2.951193099    2.443460953    8.826699031  -38.126124737  -10.945256518
   -2.760793544    2.443460953    3.570707881  -17.498692741   -9.136223852
   -2.570393989    2.443460953    1.866903453   -1.643630425   -6.917159539
   -2.379994435    2.443460953    2.427396854    6.030024302   -4.312358026
   -2.189594880    2.443460953    3.648109440    5.631110309   -1.257316802
   -1.999195325    2.443460953    4.272126712    0.534907072    2.312908647
   -1.808795770    2.443460953    3.878917485   -4.182988663    6.326540549
   -1.618396215    2.443460953    3.000992205   -3.964755339   10.501025604
   -1.427996661    2.443460953    2.834060266    3.380999645   14.402988707
   -1.237597106    2.443460953    4.691849743   16.857495825   17.623210157
   -1.047197551    2.443460953    9.441206792   33.042504886   19.926141042
   -0.856797996    2.443460953   17.182335642   47.500164064   21.281235059
   -0.666398442    2.443460953   27.200587017   56.429183432   21.766611634
   -0.475998887    2.443460953   38.188194455   57.427110507   21.432044071
   -0.285599332    2.443460953   48.538534811   49.756507978   20.222425800
   -0.095199777    2.443460953   56.666533085   34.425841904   17.986953879
    0.095199777    2.443460953   61.356512768   14.279467658   14.563380692
    0.285599332    2.443460953   62.106252393   -6.073148856    9.905935367
    0.475998887    2.443460953   59.396880130  -21.174890805    4.230733622
    0.666398442    2.443460953   54.693374324  -26.458882507   -1.915705026
    0.856797996    2.443460953   50.087398316  -20.194241189   -7.719969381
    1.047197551    2.443460953   47.624094643   -4.622428173  -12.351774107
    1.237597106    2.443460953   48.578968443   14.560529586  -15.263638238
    1.427996661    2.443460953   52.964231831   30.304878546  -16.388298167
    1.618396215    2.443460953   59.524518648   36.619677821  -16.124030123
    1.808795770    2.443460953   66.131308452   30.638104925  -15.133140475
    1.999195325    2.443460953   70.464489902   13.191197533  -14.065496914
    2.189594880    2.443460953   70.683334013  -11.677616296  -13.346968301
    2.379994435    2.443460953   65.925897614  -38.001263762  -13.097389797
    2.570393989    2.443460953   56.524915117  -59.449474863  -13.161977514
    2.760793544    2.443460953   43.926539570  -70.946121273  -13.236750986
    2.951193099    2.443460953   30.310248733  -70.016620605  -13.003732322

   -3.141592654    2.792526803   15.006830718  -56.691903317    1.783027115
   -2.951193099    2.792526803    6.070731981  -36.544392384    3.639482618
   -2.760793544    2.792526803    1.184387163  -15.186595584    5.245437701
   -2.570393989    2.792526803    0.000000000    1.512950892    6.658047943
   -2.379994435    2.792526803    1.254042356   10.177235826    8.120562856
   -2.189594880    2.792526803    3.371190015   10.913353362    9.996012310
   -1.999195325    2.792526803    5.112572309    6.970878311   12.601406232
   -1.808795770    2.792526803    6.037034900    3.149683763   16.006673964
   -1.618396215    2.792526803    6.597882159    3.694738303   19.923654506
   -1.427996661    2.792526803    7.861334363   10.616827344   23.765200007
   -1.237597106    2.792526803   10.998401702   22.954678920   26.859389652
   -1.047197551    2.792526803   16.756617710   37.471460582   28.684217045
   -0.856797996    2.792526803   25.153277059   49.911324996   28.983376923
   -0.666398442    2.792526803   35.416414208   56.545530274   27.743147593
   -0.475998887    2.792526803   46.187296113   54.988641838   25.068747858
   -0.285599332    2.792526803   55.812450642   44.552322473   21.099042716
   -0.095199777    2.792526803   62.680312645   26.411165662   15.983611645
    0.095199777    2.792526803   65.595943742    3.737823373    9.927822457
    0.285599332    2.792526803   64.155117193  -18.368988679    3.270664431
    0.475998887    2.792526803   59.037583355  -33.917912261   -3.449734869
    0.666398442    2.792526803   51.996144769  -37.971038158   -9.514910246
    0.856797996    2.792526803   45.444896962  -28.871320595  -14.173808340
    1.047197551    2.792526803   41.685549468   -9.459888627  -16.891404798
    1.237597106    2.792526803   42.095087314   13.601443824  -17.565269092
    1.427996661    2.792526803   46.601092460   32.338636065  -16.554945747
    1.618396215    2.792526803   53.723941695   40.262217388  -14.515165597
    1.808795770    2.792526803   61.067151585   34.545817227  -12.115705994
    1.999195325    2.792526803   66.091521361   16.447543862   -9.813307764
    2.189594880    2.792526803   66.834212837   -9.442827404   -7.774005182
    2.379994435    2.792526803   62.407720104  -36.714389220   -5.933772336
    2.570393989    2.792526803   53.186479587  -58.783287797   -4.128565059
    2.760793544    2.792526803   40.687388277  -70.501626232   -2.231700358
    2.951193099    2.792526803   27.164156123  -69.440224781   -0.226523949
