#! FIELDS phi psi file.free der_phi der_psi
#! SET min_phi -pi
#! SET max_phi pi
#! SET nbins_phi  33
#! SET periodic_phi true
#! SET min_psi -pi
#! SET max_psi pi
#! SET nbins_psi  18
#! SET periodic_psi true
   -3.141592654   -3.141592654   18.552693031  -54.392118862   16.559138707
   -2.951193099   -3.141592654    9.946855053  -35.339285544   19.265992655
   -2.760793544   -3.141592654    5.228555439  -14.525947106   21.008166230
   -2.570393989   -3.141592654    4.186171538    2.514796715   21.843153780
   -2.379994435   -3.141592654    5.730389880   12.372816002   22.181709846
   -2.189594880   -3.141592654    8.424636071   14.823898401   22.667759057
   -1.999195325   -3.141592654   11.074663392   12.547623811   23.910627553
   -1.808795770   -3.141592654   13.164990002    9.642036120   26.158400537
   -1.618396215   -3.141592654   14.956226410    9.930020186   29.109595392
   -1.427996661   -3.141592654   17.283186359   15.392646672   31.974530856
   -1.237597106   -3.141592654   21.118045794   25.406874757   33.789561632
   -1.047197551   -3.141592654   27.079500750   37.085831115   33.814621479
   -0.856797996   -3.141592654   35.101224072   46.336209604   31.786510919
   -0.666398442   -3.141592654   44.356390119   49.463220964   27.930415293
   -0.475998887   -3.141592654   53.453118589   44.588616142   22.768014896
   -0.285599332   -3.141592654   60.846005005   31.766563739   16.875817146
   -0.095199777   -3.141592654   65.185404657   12.964170910   10.709999643
    0.095199777   -3.141592654   65.633606363   -8.418904341    4.589604292
    0.285599332   -3.141592654   62.117735053  -27.856906085   -1.240668090
    0.475998887   -3.141592654   55.495040321  -40.204995150   -6.490970647
    0.666398442   -3.141592654   47.555857390  -41.098346464  -10.775063379
    0.856797996   -3.141592654   40.692003886  -29.028629108  -13.670318832
    1.047197551   -3.141592654   37.171553225   -6.843314179  -14.885048334
    1.237597106   -3.141592654   38.299854688   18.420972249  -14.423909799
    1.427996661   -3.141592654   43.843518635   38.180261215  -12.617569643
    1.618396215   -3.141592654   52.060390271   45.718782644   -9.990559974
    1.808795770   -3.141592654   60.322952369   38.697021234   -7.029940823
    1.999195325   -3.141592654   66.009250718   19.352405824   -4.013302143
    2.189594880   -3.141592654   67.250245164   -6.945941415   -0.967634344
    2.379994435   -3.141592654   63.332601030  -33.763407460    2.223806557
    2.570393989   -3.141592654   54.744067857  -55.122464220    5.682087203
    2.760793544   -3.141592654   42.977669700  -66.582940899    9.388529288
    2.951193099   -3.141592654   30.160970117  -66.042073270   13.135105597

   -3.141592654   -2.792526803   26.211248228  -49.326147418   25.126940735
   -2.951193099   -2.792526803   18.369844919  -32.434038583   27.697136468
   -2.760793544   -2.792526803   13.997218587  -13.745439962   28.939167563
   -2.570393989   -2.792526803   12.949358312    1.837065069   29.098145700
   -2.379994435   -2.792526803   14.316645680   11.410400295   28.740847996
   -2.189594880   -2.792526803   16.906243508   14.890858875   28.562450239
   -1.999195325   -2.792526803   19.746822413   14.576102952   29.119765735
   -1.808795770   -2.792526803   22.424044852   13.706593873   30.562276803
   -1.618396215   -2.792526803   25.113430357   15.060329996   32.513181584
   -1.427996661   -2.792526803   28.382473120   19.835370345   34.154702384
   -1.237597106   -2.792526803   32.843216480   27.262021254   34.536388146
   -1.047197551   -2.792526803   38.796454807   35.009795879   32.961612917
   -0.856797996   -2.792526803   46.012614288   39.996907058   29.249234512
   -0.666398442   -2.792526803   53.700763044   39.535085886   23.758662125
   -0.475998887   -2.792526803   60.665860899   32.387317774   17.188991780
   -0.285599332   -2.792526803   65.636309570   18.764902610   10.291743504
   -0.095199777   -2.792526803   67.526774250    0.437113755    3.659739620
    0.095199777   -2.792526803   65.710253882  -19.551898345   -2.312317018
    0.285599332   -2.792526803   60.258789357  -36.963540956   -7.371740030
    0.475998887   -2.792526803   52.132020197  -46.826667314  -11.296214750
    0.666398442   -2.792526803   43.195299359  -44.907748905  -13.865240785
    0.856797996   -2.792526803   35.882823349  -29.924717628  -14.921709592
    1.047197551   -2.792526803   32.449211589   -5.097201442  -14.477414138
    1.237597106   -2.792526803   34.111214315   22.166171881  -12.774584763
    1.427996661   -2.792526803   40.491978480   43.103520174  -10.216440755
    1.618396215   -2.792526803   49.701386974   51.145541761   -7.205379980
    1.808795770   -2.792526803   59.018067066   44.332486875   -3.978642798
    1.999195325   -2.792526803   65.801648370   25.284473677   -0.557647908
    2.189594880   -2.792526803   68.220595656   -0.469764192    3.187796466
    2.379994435   -2.792526803   65.601140002  -26.604451546    7.380374475
    2.570393989   -2.792526803   58.428811349  -47.474254745   12.003477565
    2.760793544   -2.792526803   48.124707102  -58.998477430   16.811588403
    2.951193099   -2.792526803   36.684837656  -59.319821559   21.361138107

   -3.141592654   -2.443460953   34.871564407  -43.874390752   23.208084051
   -2.951193099   -2.443460953   27.848879120  -29.327565704   25.255289631
   -2.760793544   -2.443460953   23.849972969  -12.851720246   26.092142644
   -2.570393989   -2.443460953   22.816275451    1.256601402   25.986942302
   -2.379994435   -2.443460953   24.018729212   10.447448022   25.429575940
   -2.189594880   -2.443460953   26.473781997   14.587045445   24.939801786
   -1.999195325   -2.443460953   29.369380082   15.490975736   24.867557716
   -1.808795770   -2.443460953   32.326350093   15.628515777   25.228010830
   -1.618396215   -2.443460953   35.402060095   16.975274281   25.668909223
   -1.427996661   -2.443460953   38.916604247   20.241307692   25.566382592
   -1.237597106   -2.443460953   43.194298047   24.752889246   24.265681727
   -1.047197551   -2.443460953   48.325425344   28.855656273   21.362508593
   -0.856797996   -2.443460953   54.035083323   30.464724556   16.882565927
   -0.666398442   -2.443460953   59.670675170   27.761726099   11.276145446
   -0.475998887   -2.443460953   64.300109653   19.899877921    5.231694092
   -0.285599332   -2.443460953   66.938939350    6.969643113   -0.582865121
   -0.095199777   -2.443460953   66.729711233   -9.692604560   -5.701444483
    0.095199777   -2.443460953   63.185251097  -27.515304901   -9.883595457
    0.285599332   -2.443460953   56.440590637  -42.555713183  -13.045035042
    0.475998887   -2.443460953   47.480629197  -49.971905741  -15.136867219
    0.666398442   -2.443460953   38.177697010  -45.616544038  -16.105535383
    0.856797996   -2.443460953   30.948169536  -28.380557776  -15.931431704
    1.047197551   -2.443460953   27.987345034   -1.755198023  -14.695246558
    1.237597106   -2.443460953   30.404730942   26.654553137  -12.615580016
    1.427996661   -2.443460953   37.697476854   48.111571217   -9.983923125
    1.618396215   -2.443460953   47.878585699   56.321131286   -7.049511488
    1.808795770   -2.443460953   58.196217487   49.702617929   -3.924532609
    1.999195325   -2.443460953   66.044301212   31.156746483   -0.578658031
    2.189594880   -2.443460953   69.657670878    6.238808690    3.094877254
    2.379994435   -2.443460953   68.407532473  -18.944258933    7.156768094
    2.570393989   -2.443460953   62.765181434  -39.154112354   11.533102231
    2.760793544   -2.443460953   54.056463680  -50.713302242   15.955569864
    2.951193099   -2.443460953   44.118169439  -52.013721337   20.002309464

   -3.141592654   -2.094395102   41.339273548  -39.587134043   14.549256486
   -2.951193099   -2.094395102   34.968470258  -26.789971104   15.667812448
   -2.760793544   -2.094395102   31.293324126  -11.933148055   16.042168241
   -2.570393989   -2.094395102   30.318704710    1.063791028   15.885990533
   -2.379994435   -2.094395102   31.430449716    9.787247648   15.466529591
   -2.189594880   -2.094395102   33.755852884   13.938337824   14.975242046
   -1.999195325   -2.094395102   36.538584711   14.923506442   14.454074902
   -1.808795770   -2.094395102   39.365492648   14.726886213   13.773061495
   -1.618396215   -2.094395102   42.176265737   14.947080453   12.686246223
   -1.427996661   -2.094395102   45.127150385   16.224441952   10.913739491
   -1.237597106   -2.094395102   48.404568550   18.235844715    8.263469612
   -1.047197551   -2.094395102   52.062202660   19.998306453    4.744919574
   -0.856797996   -2.094395102   55.928519228   20.169347299    0.610671052
   -0.666398442   -2.094395102   59.572698993   17.390022764   -3.702986426
   -0.475998887   -2.094395102   62.325707365   10.760531084   -7.723627932
   -0.285599332   -2.094395102   63.412075640   -0.110443743  -11.108833914
   -0.095199777   -2.094395102   62.069817603  -14.521946412  -13.729680773
    0.095199777   -2.094395102   57.798689096  -30.387237511  -15.632542969
    0.285599332   -2.094395102   50.657814488  -43.902530706  -16.938194533
    0.475998887   -2.094395102   41.560004163  -50.096275800  -17.712794542
    0.666398442   -2.094395102   32.341128791  -44.608370463  -17.926375066
    0.856797996   -2.094395102   25.411120950  -26.231397008  -17.490601977
    1.047197551   -2.094395102   22.962156073    1.458172423  -16.334713519
    1.237597106   -2.094395102   26.076468492   30.718733183  -14.483292958
    1.427996661   -2.094395102   34.202233892   52.748985427  -12.058174628
    1.618396215   -2.094395102   45.303172210   61.317629926   -9.227740596
    1.808795770   -2.094395102   56.600401719   54.989203803   -6.147314951
    1.999195325   -2.094395102   65.487725731   36.796808672   -2.926511496
    2.189594880   -2.094395102   70.217753549   12.328336543    0.375019323
    2.379994435   -2.094395102   70.172373503  -12.396922770    3.704640001
    2.570393989   -2.094395102   65.805852691  -32.361011929    6.978236189
    2.760793544   -2.094395102   58.379781604  -44.135726109   10.031177884
    2.951193099   -2.094395102   49.624922607  -46.289668425   12.633549696

   -3.141592654   -1.745329252   44.171194318  -37.905919153    5.729604165
   -2.951193099   -1.745329252   38.030391148  -26.043419250    6.247593585
   -2.760793544   -1.745329252   34.421828394  -11.947646398    6.447181134
   -2.570393989   -1.745329252   33.389702809    0.501210218    6.381580525
   -2.379994435   -1.745329252   34.350880215    8.762062728    6.043863210
   -2.189594880   -1.745329252   36.428822181   12.329246236    5.330725168
   -1.999195325   -1.745329252   38.827614321   12.444828339    4.084842525
   -1.808795770   -1.745329252   41.074847250   11.075394682    2.171922232
   -1.618396215   -1.745329252   43.062714102    9.943823211   -0.431814276
   -1.427996661   -1.745329252   44.934795646    9.933128392   -3.610572802
   -1.237597106   -1.745329252   46.919592055   11.047480125   -7.118720248
   -1.047197551   -1.745329252   49.176031445   12.615758078  -10.616979539
   -0.856797996   -1.745329252   51.688500931   13.488545212  -13.732404542
   -0.666398442   -1.745329252   54.195400207   12.246632172  -16.134835157
   -0.475998887   -1.745329252   56.156610535    7.629241470  -17.624310730
   -0.285599332   -1.745329252   56.838729564   -1.275298545  -18.208395216
   -0.095199777   -1.745329252   55.423581557  -14.232195232  -18.108773985
    0.095199777   -1.745329252   51.288329123  -29.371611128  -17.679794063
    0.285599332   -1.745329252   44.357570865  -42.782555230  -17.271356376
    0.475998887   -1.745329252   35.456310790  -49.159667121  -17.065895676
    0.666398442   -1.745329252   26.404839493  -43.743396564  -17.010569493
    0.856797996   -1.745329252   19.662185392  -25.050352194  -16.856602097
    1.047197551   -1.745329252   17.502202025    3.375897508  -16.281765707
    1.237597106   -1.745329252   21.075557115   33.637464390  -15.053689067
    1.427996661   -1.745329252   29.856487878   56.682808553  -13.121490441
    1.618396215   -1.745329252   41.787192673   66.035612454  -10.623010390
    1.808795770   -1.745329252   54.029477170   60.124536392   -7.816422451
    1.999195325   -1.745329252   63.904826507   41.977866624   -4.986370649
    2.189594880   -1.745329252   69.604037716   17.280389500   -2.350100251
    2.379994435   -1.745329252   70.467480470   -7.826314301   -0.026985079
    2.570393989   -1.745329252   66.926277553  -28.283324779    1.950498811
    2.760793544   -1.745329252   60.219072880  -40.692325025    3.578468291
    2.951193099   -1.745329252   52.046247695  -43.666642695    4.846560099

   -3.141592654   -1.396263402   42.928148382  -38.168957286    2.223572080
   -2.951193099   -1.396263402   36.754170591  -26.112381369    1.893114842
   -2.760793544   -1.396263402   33.156125618  -11.789626310    1.380434684
   -2.570393989   -1.396263402   32.161061690    0.667310533    0.725449943
   -2.379994435   -1.396263402   33.118024463    8.448383764   -0.156428722
   -2.189594880   -1.396263402   35.039733069   10.895734025   -1.483347926
   -1.999195325   -1.396263402   37.012463960    9.330783217   -3.500963474
   -1.808795770   -1.396263402   38.486591482    6.075816676   -6.331339800
   -1.618396215   -1.396263402   39.363772129    3.376651473   -9.846915434
   -1.427996661   -1.396263402   39.899377483    2.636155529  -13.665704719
   -1.237597106   -1.396263402   40.518011402    4.203508996  -17.254701082
   -1.047197551   -1.396263402   41.611180856    7.428973386  -20.080404465
   -0.856797996   -1.396263402   43.369033381   10.858057736  -21.747247592
   -0.666398442   -1.396263402   45.651279276   12.519776023  -22.081975373
   -0.475998887   -1.396263402   47.921321597   10.492507468  -21.163028399
   -0.285599332   -1.396263402   49.328439631    3.289413905  -19.312599158
   -0.095199777   -1.396263402   48.847214790   -9.206535884  -17.027916061
    0.095199777   -1.396263402   45.611691042  -25.140517763  -14.855611411
    0.285599332   -1.396263402   39.334406445  -40.248443130  -13.232229962
    0.475998887   -1.396263402   30.726379218  -48.593031704  -12.330696712
    0.666398442   -1.396263402   21.627466088  -44.681466602  -12.013929653
    0.856797996   -1.396263402   14.641499670  -26.473736118  -11.914111890
    1.047197551   -1.396263402   12.258185485    2.625677766  -11.596374125
    1.237597106   -1.396263402   15.826456397   34.418451271  -10.750001766
    1.427996661   -1.396263402   24.928255035   59.241468476   -9.288675494
    1.618396215   -1.396263402   37.488302841   69.964235789   -7.342305719
    1.808795770   -1.396263402   50.544888957   64.583931830   -5.171362453
    1.999195325   -1.396263402   61.247528405   46.066600971   -3.057607953
    2.189594880   -1.396263402   67.637294413   20.364206170   -1.211284874
    2.379994435   -1.396263402   68.972408842   -5.958418982    0.258118045
    2.570393989   -1.396263402   65.680590240  -27.481229011    1.322913776
    2.760793544   -1.396263402   59.051239044  -40.607976701    1.991713059
    2.951193099   -1.396263402   50.857450979  -43.923053162    2.282744096

   -3.141592654   -1.047197551   40.483072294  -40.630146057    2.670761499
   -2.951193099   -1.047197551   33.859231610  -28.316672428    1.436013675
   -2.760793544   -1.047197551   29.888504887  -13.486096671    0.043087216
   -2.570393989   -1.047197551   28.614425483   -0.621510293   -1.420836058
   -2.379994435   -1.047197551   29.326886798    7.051597790   -3.037432931
   -2.189594880   -1.047197551   30.913332341    8.647484024   -5.062784831
   -1.999195325   -1.047197551   32.326099932    5.632591259   -7.778948269
   -1.808795770   -1.047197551   32.947769794    0.866029844  -11.278307231
   -1.618396215   -1.047197551   32.734357771   -2.708353403  -15.296841825
   -1.427996661   -1.047197551   32.119196405   -3.143994289  -19.233114951
   -1.237597106   -1.047197551   31.773282872    0.060861220  -22.347058442
   -1.047197551   -1.047197551   32.318993203    5.949070435  -24.024361459
   -0.856797996   -1.047197551   34.085813956   12.435472996  -23.980661803
   -0.666398442   -1.047197551   36.939799810   16.832508202  -22.319600468
   -0.475998887   -1.047197551   40.221696738   16.609454251  -19.462432838
   -0.285599332   -1.047197551   42.865277024    9.928389001  -16.024342035
   -0.095199777   -1.047197551   43.593007622   -3.351826231  -12.644418881
    0.095199777   -1.047197551   41.315073878  -21.062908727   -9.836126691
    0.285599332   -1.047197551   35.607368646  -38.352302210   -7.859417590
    0.475998887   -1.047197551   27.170221805  -48.592058716   -6.666636040
    0.666398442   -1.047197551   17.956217502  -45.726640386   -5.967159766
    0.856797996   -1.047197551   10.758674318  -27.484338463   -5.383930941
    1.047197551   -1.047197551    8.261577997    2.544633557   -4.611012499
    1.237597106   -1.047197551   11.942459225   35.690692207   -3.520941920
    1.427996661   -1.047197551   21.410695329   61.744327306   -2.162084418
    1.618396215   -1.047197551   34.523950696   73.152531074   -0.680978748
    1.808795770   -1.047197551   48.196612189   67.739588088    0.760440893
    1.999195325   -1.047197551   59.444985466   48.549688657    2.032761891
    2.189594880   -1.047197551   66.209974318   21.777238615    3.054041093
    2.379994435   -1.047197551   67.700739566   -5.736844461    3.772086999
    2.570393989   -1.047197551   64.343391763  -28.358271421    4.134727555
    2.760793544   -1.047197551   57.459037362  -42.360105618    4.087726451
    2.951193099   -1.047197551   48.873573058  -46.233879213    3.593082837

   -3.141592654   -0.698131701   39.775543928  -44.388614411    2.664634070
   -2.951193099   -0.698131701   32.425199707  -32.114949623    0.245502035
   -2.760793544   -0.698131701   27.755787716  -16.992813689   -2.321477368
   -2.570393989   -0.698131701   25.843774106   -3.852324089   -4.806293361
   -2.379994435   -0.698131701   25.935874397    3.666123138   -7.197905558
   -2.189594880   -0.698131701   26.812777844    4.483902165   -9.722067939
   -1.999195325   -0.698131701   27.323613207    0.305461038  -12.655383014
   -1.808795770   -0.698131701   26.836129099   -5.343376421  -16.048814730
   -1.618396215   -0.698131701   25.433443619   -8.765179061  -19.538593681
   -1.427996661   -0.698131701   23.794377619   -7.595377573  -22.406360687
   -1.237597106   -0.698131701   22.858750010   -1.514814178  -23.876859718
   -1.047197551   -0.698131701   23.429103252    7.801531888  -23.473308624
   -0.856797996   -0.698131701   25.853963682   17.365015872  -21.231436597
   -0.666398442   -0.698131701   29.858166559   23.763862893  -17.663510783
   -0.475998887   -0.698131701   34.538663472   24.116397231  -13.530586013
   -0.285599332   -0.698131701   38.556902040   16.653360324   -9.575597319
   -0.095199777   -0.698131701   40.408793415    1.608056283   -6.286647331
    0.095199777   -0.698131701   38.871591272  -18.255560106   -3.799924392
    0.285599332   -0.698131701   33.510146949  -37.424454229   -1.918973942
    0.475998887   -0.698131701   25.131206781  -48.743921350   -0.269526114
    0.666398442   -0.698131701   15.867596494  -45.942239079    1.476295442
    0.856797996   -0.698131701    8.695093210  -26.913649818    3.405186228
    1.047197551   -0.698131701    6.417383152    4.281658350    5.332374916
    1.237597106   -0.698131701   10.532888945   38.443643278    6.930150226
    1.427996661   -0.698131701   20.584039551   65.005465021    7.936163651
    1.618396215   -0.698131701   34.318871940   76.321700744    8.305008041
    1.808795770   -0.698131701   48.546677515   70.333038929    8.206028684
    1.999195325   -0.698131701   60.209684453   50.277593957    7.896362893
    2.189594880   -0.698131701   67.209954094   22.509918623    7.569742657
    2.379994435   -0.698131701   68.740776554   -6.056050670    7.259745714
    2.570393989   -0.698131701   65.220338776  -29.746442683    6.820032319
    2.760793544   -0.698131701   57.971912747  -44.777285285    6.015618377
    2.951193099   -0.698131701   48.841481712  -49.501288717    4.644320011

   -3.141592654   -0.349065850   40.426149654  -49.715145765    2.354307669
   -2.951193099   -0.349065850   32.001420629  -37.943207656   -0.830749967
   -2.760793544   -0.349065850   26.228701886  -22.650045953   -4.059971141
   -2.570393989   -0.349065850   23.287444528   -8.982697293   -7.044689116
   -2.379994435   -0.349065850   22.444648844   -1.084534976   -9.744209046
   -2.189594880   -0.349065850   22.417469959   -0.336361723  -12.360490398
   -1.999195325   -0.349065850   21.978092795   -4.852696777  -15.119672850
   -1.808795770   -0.349065850   20.500874330  -10.448288037  -17.974784664
   -1.618396215   -0.349065850   18.215026261  -12.704462377  -20.448559570
   -1.427996661   -0.349065850   16.048145251   -8.981779881  -21.770163498
   -1.237597106   -0.349065850   15.171927080    0.582420498  -21.264207408
   -1.047197551   -0.349065850   16.476160624   13.306257975  -18.745131891
   -0.856797996   -0.349065850   20.190784598   25.149438023  -14.669689138
   -0.666398442   -0.349065850   25.758576657   32.101514081   -9.948303131
   -0.475998887   -0.349065850   31.943896147   31.335508615   -5.550515987
   -0.285599332   -0.349065850   37.142168827   21.724433735   -2.135873674
   -0.095199777   -0.349065850   39.738143081    4.402664488    0.169835250
    0.095199777   -0.349065850   38.569206167  -17.008652382    1.737557400
    0.285599332   -0.349065850   33.392921619  -36.512956782    3.222301750
    0.475998887   -0.349065850   25.249291274  -47.031026274    5.221357289
    0.666398442   -0.349065850   16.438211972  -42.896841085    7.959588864
    0.856797996   -0.349065850    9.957581819  -22.824674823   11.139289808
    1.047197551   -0.349065850    8.489315372    8.503166490   14.079522583
    1.237597106   -0.349065850   13.339177775   41.779859573   16.060357701
    1.427996661   -0.349065850   23.888893987   66.855407131   16.677236598
    1.618396215   -0.349065850   37.832123751   76.715821567   16.013072703
    1.808795770   -0.349065850   52.033689229   69.767797479   14.538033185
    1.999195325   -0.349065850   63.545025519   49.335435391   12.830004552
    2.189594880   -0.349065850   70.358161015   21.511244914   11.295092670
    2.379994435   -0.349065850   71.688159810   -7.221987343   10.022720271
    2.570393989   -0.349065850   67.896378456  -31.515619726    8.793479615
    2.760793544   -0.349065850   60.212547549  -47.652522659    7.255490889
    2.951193099   -0.349065850   50.407767054  -53.714192821    5.124187510

   -3.141592654    0.000000000   41.374689788  -55.098185287    1.628829350
   -2.951193099    0.000000000   31.870020605  -43.774073661   -1.401259747
   -2.760793544    0.000000000   24.994865712  -28.296857053   -4.357774172
   -2.570393989    0.000000000   21.025660801  -14.106727017   -7.001886198
   -2.379994435    0.000000000   19.251799170   -5.783598997   -9.316291744
   -2.189594880    0.000000000   18.345420866   -4.914438151  -11.473064165
   -1.999195325    0.000000000   17.038001917   -9.347011838  -13.626130911
   -1.808795770    0.000000000   14.756557295  -14.236127085  -15.648551657
   -1.618396215    0.000000000   11.910021948  -14.576618980  -17.038379387
   -1.427996661    0.000000000    9.669045532   -7.724597646  -17.103023987
   -1.237597106    0.000000000    9.373814162    5.409139340  -15.362296459
   -1.047197551    0.000000000   11.886227659   20.942301374  -11.902300266
   -0.856797996    0.000000000   17.188374081   33.848571488   -7.430642587
   -0.666398442    0.000000000   24.352908938   39.869085072   -2.975976662
   -0.475998887    0.000000000   31.809138609   36.753598601    0.580922792
   -0.285599332    0.000000000   37.782028220   24.487281855    2.870638058
   -0.095199777    0.000000000   40.709189526    5.328342937    4.166757153
    0.095199777    0.000000000   39.662020682  -16.373280843    5.205402603
    0.285599332    0.000000000   34.708576720  -34.581635762    6.836767466
    0.475998887    0.000000000   27.135844166  -42.905580345    9.605969518
    0.666398442    0.000000000   19.309870959  -36.834144029   13.456815465
    0.856797996    0.000000000   14.070268038  -16.160347146   17.686678398
    1.047197551    0.000000000   13.785723893   13.967388093   21.237161514
    1.237597106    0.000000000   19.441968775   44.620977401   23.173883593
    1.427996661    0.000000000   30.240267828   66.656001848   23.094294536
    1.618396215    0.000000000   43.900918089   74.133047910   21.260777358
    1.808795770    0.000000000   57.481784498   66.057938257   18.407359584
    1.999195325    0.000000000   68.276921534   45.685312226   15.357652243
    2.189594880    0.000000000   74.454842781   18.536717638   12.678912222
    2.379994435    0.000000000   75.279126750   -9.636081141   10.524748480
    2.570393989    0.000000000   71.034528903  -33.981159968    8.670272049
    2.760793544    0.000000000   62.818487767  -50.880051809    6.733513997
    2.951193099    0.000000000   52.291848418  -58.086960658    4.406064283

   -3.141592654    0.349065850   42.889509333  -59.412130913    0.824479358
   -2.951193099    0.349065850   32.517914338  -48.460571506   -1.209366731
   -2.760793544    0.349065850   24.754623938  -32.846836704   -3.062151326
   -2.570393989    0.349065850   19.959475649  -18.196862105   -4.656492754
   -2.379994435    0.349065850   17.451706791   -9.420186415   -6.059675268
   -2.189594880    0.349065850   15.881952359   -8.266724285   -7.421420794
   -1.999195325    0.349065850   13.963253633  -12.364493300   -8.815598597
   -1.808795770    0.349065850   11.179543098  -16.353968504  -10.066807192
   -1.618396215    0.349065850    8.090981752  -14.827797447  -10.735533115
   -1.427996661    0.349065850    6.049284874   -5.290661649  -10.307326420
   -1.237597106    0.349065850    6.481978283   10.534448268   -8.520048379
   -1.047197551    0.349065850   10.150519666   27.702600687   -5.602374640
   -0.856797996    0.349065850   16.759176740   40.502775094   -2.231988165
   -0.666398442    0.349065850   25.046698242   44.798721284    0.788467547
   -0.475998887    0.349065850   33.210173512   39.220821987    2.939119734
   -0.285599332    0.349065850   39.447412090   24.968408922    4.231926000
   -0.095199777    0.349065850   42.387963934    5.280876051    5.205335175
    0.095199777    0.349065850   41.427302814  -15.123114125    6.649198257
    0.285599332    0.349065850   36.953906554  -30.632242038    9.231776368
    0.475998887    0.349065850   30.424790193  -35.957894594   13.145246101
    0.666398442    0.349065850   24.132125843  -27.976386326   17.939044915
    0.856797996    0.349065850   20.598432217   -7.518802415   22.616914820
    1.047197551    0.349065850   21.752817768   20.089918627   26.011339375
    1.237597106    0.349065850   28.204156553   46.708981599   27.265275700
    1.427996661    0.349065850   38.992708695   64.571227000   26.167068899
    1.618396215    0.349065850   51.942505318   69.028824194   23.189690756
    1.808795770    0.349065850   64.404894116   59.725510641   19.228991849
    1.999195325    0.349065850   74.010991867   39.748254059   15.204300050
    2.189594880    0.349065850   79.173558590   13.885869276   11.727903845
    2.379994435    0.349065850   79.241244488  -13.003997948    8.984667574
    2.570393989    0.349065850   74.430749921  -36.693760491    6.796589994
    2.760793544    0.349065850   65.695283678  -53.747535062    4.845648838
    2.951193099    0.349065850   54.560568714  -61.649641897    2.876181721

   -3.141592654    0.698131701   44.327660068  -61.559104265   -0.743448568
   -2.951193099    0.698131701   33.546384792  -50.579690270   -1.344961781
   -2.760793544    0.698131701   25.388488360  -34.850772026   -1.635409361
   -2.570393989    0.698131701   20.221585055  -20.102831646   -1.749476782
   -2.379994435    0.698131701   17.350329124  -11.347870061   -1.868298401
   -2.189594880    0.698131701   15.402843615  -10.307502568   -2.147759167
   -1.999195325    0.698131701   13.092982304  -14.378416352   -2.640617315
   -1.808795770    0.698131701    9.963308713  -17.869812171   -3.229533914
   -1.618396215    0.698131701    6.685658483  -15.190110622   -3.653546469
   -1.427996661    0.698131701    4.724494236   -4.045846571   -3.622938220
   -1.237597106    0.698131701    5.541434205   13.240522068   -2.988423002
   -1.047197551    0.698131701    9.805271772   31.068074327   -1.847879025
   -0.856797996    0.698131701   17.031321635   43.448388007   -0.490743294
   -0.666398442    0.698131701   25.774272329   46.572600096    0.798680635
   -0.475998887    0.698131701   34.160684951   39.867209139    1.953021365
   -0.285599332    0.698131701   40.480068454   25.392596111    3.210063586
   -0.095199777    0.698131701   43.588387057    6.855644591    5.033532366
    0.095199777    0.698131701   43.139001222  -11.167614314    7.873731091
    0.285599332    0.698131701   39.691118879  -23.824493733   11.909053845
    0.475998887    0.698131701   34.687472040  -26.946226204   16.848989798
    0.666398442    0.698131701   30.192322016  -18.463067109   21.923992891
    0.856797996    0.698131701   28.344017099    0.292992883   26.086418129
    1.047197551    0.698131701   30.668506348   24.324936082   28.376829259
    1.237597106    0.698131701   37.508050999   46.527203832   28.292165198
    1.427996661    0.698131701   47.868290382   60.439138696   25.954439976
    1.618396215    0.698131701   59.767334391   62.423428858   22.019711918
    1.808795770    0.698131701   70.880906217   52.454472929   17.383144505
    1.999195325    0.698131701   79.160340835   33.266582645   12.855839896
    2.189594880    0.698131701   83.227013293    8.907607970    8.945121530
    2.379994435    0.698131701   82.491807515  -16.521460949    5.826881182
    2.570393989    0.698131701   77.113583365  -39.239563581    3.430489811
    2.760793544    0.698131701   67.939706448  -55.887654842    1.605015294
    2.951193099    0.698131701   56.403973205  -63.744010396    0.229600079

   -3.141592654    1.047197551   42.975402681  -62.326760377   -5.399392241
   -2.951193099    1.047197551   32.135397837  -50.440227117   -4.738189909
   -2.760793544    1.047197551   24.070914735  -34.054797647   -3.633216994
   -2.570393989    1.047197551   19.088986350  -19.016480698   -2.386910688
   -2.379994435    1.047197551   16.421459049  -10.342577783   -1.260934218
   -2.189594880    1.047197551   14.635117374   -9.650170691   -0.414446221
   -1.999195325    1.047197551   12.408511839  -14.158700987    0.085364379
   -1.808795770    1.047197551    9.284536234  -18.004901381    0.241318839
   -1.618396215    1.047197551    5.962576628  -15.486791349    0.097586740
   -1.427996661    1.047197551    3.945453766   -4.313239384   -0.257778353
   -1.237597106    1.047197551    4.722660832   13.085690098   -0.689708435
   -1.047197551    1.047197551    8.968350605   31.019280259   -1.029062207
   -0.856797996    1.047197551   16.196838171   43.536342562   -1.080946471
   -0.666398442    1.047197551   24.987041622   47.044649395   -0.633699714
   -0.475998887    1.047197551   33.542102641   41.278069278    0.539718467
   -0.285599332    1.047197551   40.277642189   28.478413956    2.663576436
   -0.095199777    1.047197551   44.183858753   12.220035753    5.899561864
    0.095199777    1.047197551   44.986473943   -3.420110569   10.227461663
    0.285599332    1.047197551   43.194287540  -14.362943545   15.333756773
    0.475998887    1.047197551   40.045831582  -17.214925050   20.551315640
    0.666398442    1.047197551   37.279735493  -10.355080840   24.960483822
    0.856797996    1.047197551   36.678516856    5.040519404   27.647628078
    1.047197551    1.047197551   39.503483316   24.765291933   28.017468754
    1.237597106    1.047197551   46.020692485   42.822399760   26.020844274
    1.427996661    1.047197551   55.364798538   53.717771151   22.147215991
    1.618396215    1.047197551   65.822150723   54.265973152   17.206805426
    1.808795770    1.047197551   75.363509010   44.299176533   12.021657208
    1.999195325    1.047197551   82.168639364   26.030506691    7.203276776
    2.189594880    1.047197551   84.976477333    2.938954710    3.071156424
    2.379994435    1.047197551   83.223617361  -21.269885101   -0.266371048
    2.570393989    1.047197551   77.044356987  -42.930459636   -2.797064704
    2.760793544    1.047197551   67.259248703  -58.618305225   -4.505851505
    2.951193099    1.047197551   55.293719144  -65.503330674   -5.367989734

   -3.141592654    1.396263402   37.900469547  -61.581084298  -10.599088387
   -2.951193099    1.396263402   27.396817194  -47.731720676   -9.452581726
   -2.760793544    1.396263402   19.980836179  -30.084726555   -7.764156834
   -2.570393989    1.396263402   15.807425619  -14.632008827   -5.883372435
   -2.379994435    1.396263402   13.953747532   -6.277200009   -4.057970432
   -2.189594880    1.396263402   12.868837671   -6.415017577   -2.387715052
   -1.999195325    1.396263402   11.153533243  -12.063035133   -0.911626548
   -1.808795770    1.396263402    8.305044156  -17.230065305    0.289445383
   -1.618396215    1.396263402    5.001278177  -16.063991797    1.059049514
   -1.427996661    1.396263402    2.760898409   -6.024144591    1.271301744
   -1.237597106    1.396263402    3.146592635   10.788683301    0.981361014
   -1.047197551    1.396263402    6.966340857   28.985798431    0.489646467
   -0.856797996    1.396263402   13.909922746   42.726679456    0.275443298
   -0.666398442    1.396263402   22.730958423   48.287884568    0.818994532
   -0.475998887    1.396263402   31.762607934   45.090428986    2.443727375
   -0.285599332    1.396263402   39.477972751   34.930692677    5.246190261
   -0.095199777    1.396263402   44.833525332   20.871199433    9.080772504
    0.095199777    1.396263402   47.418904760    6.450315855   13.561042491
    0.285599332    1.396263402   47.508998665   -4.738351740   18.077777959
    0.475998887    1.396263402   46.035298427   -9.532602462   21.848095323
    0.666398442    1.396263402   44.424464381   -6.097819424   24.086929779
    0.856797996    1.396263402   44.237585408    5.087656176   24.264105583
    1.047197551    1.396263402   46.679737199   20.813553485   22.301813593
    1.237597106    1.396263402   52.144804762   35.948615731   18.620110877
    1.427996661    1.396263402   60.017506861   45.374285023   13.955534561
    1.618396215    1.396263402   68.850511813   45.708925290    9.063764463
    1.808795770    1.396263402   76.803800240   36.242347031    4.468906830
    1.999195325    1.396263402   82.140627585   18.656756899    0.400390968
    2.189594880    1.396263402   83.604952827   -3.809391570   -3.124112025
    2.379994435    1.396263402   80.626839676  -27.362002276   -6.123005766
    2.570393989    1.396263402   73.373176293  -48.043370719   -8.530581051
    2.760793544    1.396263402   62.750465231  -62.194597241  -10.179837121
    2.951193099    1.396263402   50.292133654  -67.013644128  -10.891189048

   -3.141592654    1.745329252   31.627941765  -60.211834777  -16.359573953
   -2.951193099    1.745329252   21.568346377  -44.549779385  -15.297841310
   -2.760793544    1.745329252   14.868212640  -25.892501792  -13.435294427
   -2.570393989    1.745329252   11.525556865  -10.212960733  -11.090453726
   -2.379994435    1.745329252   10.491935230   -2.139721411   -8.500848146
   -2.189594880    1.745329252   10.146760636   -2.817913565   -5.757011571
   -1.999195325    1.745329252    9.048807103   -9.221192029   -2.907473175
   -1.808795770    1.745329252    6.644382297  -15.474667965   -0.101133344
   -1.618396215    1.745329252    3.545971511  -15.701484346    2.352978589
   -1.427996661    1.745329252    1.242710450   -6.997737661    4.123095128
   -1.237597106    1.745329252    1.365696006    9.151200071    5.083559624
   -1.047197551    1.745329252    4.904271860   27.880999725    5.448978609
   -0.856797996    1.745329252   11.790741963   43.409574003    5.714818824
   -0.666398442    1.745329252   20.982019370   51.562163637    6.417618657
   -0.475998887    1.745329252   30.896188400   51.035739918    7.893373684
   -0.285599332    1.745329252   39.951421560   42.903595807   10.171977419
   -0.095199777    1.745329252   46.929108459   29.706265172   12.975242325
    0.095199777    1.745329252   51.164172386   14.686582537   15.792128814
    0.285599332    1.745329252   52.643851793    1.372351037   17.985693970
    0.475998887    1.745329252   52.028176059   -6.802336816   18.918286712
    0.666398442    1.745329252   50.560512040   -7.336638930   18.150199094
    0.856797996    1.745329252   49.778210764    0.215639473   15.638380233
    1.047197551    1.745329252   51.037760356   13.510640177   11.785297928
    1.237597106    1.745329252   55.007733758   27.799703095    7.311084835
    1.427996661    1.745329252   61.357801474   37.690693841    2.960575514
    1.618396215    1.745329252   68.825748944   39.075960048   -0.789433812
    1.808795770    1.745329252   75.608762708   30.513268092   -3.856622626
    1.999195325    1.745329252   79.900765238   13.321713487   -6.452565483
    2.189594880    1.745329252   80.353160813   -9.129581951   -8.870408078
    2.379994435    1.745329252   76.365196285  -32.582181210  -11.261387285
    2.570393989    1.745329252   68.170199526  -52.579989888  -13.525973870
    2.760793544    1.745329252   56.813087570  -65.229028692  -15.356276056
    2.951193099    1.745329252   43.972025929  -67.905686688  -16.383052155

   -3.141592654    2.094395102   24.810111573  -59.896731069  -18.290053750
   -2.951193099    2.094395102   14.989209505  -42.423157443  -17.159283163
   -2.760793544    2.094395102    8.831018612  -22.428523104  -15.177369311
   -2.570393989    2.094395102    6.232814334   -5.939501464  -12.653290959
   -2.379994435    2.094395102    6.064146989    2.645358221   -9.801304061
   -2.189594880    2.094395102    6.672080264    2.396164264   -6.658057457
   -1.999195325    2.094395102    6.600319559   -3.700305160   -3.192604804
   -1.808795770    2.094395102    5.244963320  -10.082735775    0.507182544
   -1.618396215    2.094395102    3.107882069  -11.117856615    4.124524503
   -1.427996661    2.094395102    1.555191959   -3.753036101    7.224327023
   -1.237597106    2.094395102    2.167251273   11.098171999    9.497129285
   -1.047197551    2.094395102    6.005701232   29.233365988   10.942813517
   -0.856797996    2.094395102   13.172541266   45.155921585   11.858664606
   -0.666398442    2.094395102   22.796632631   54.424472372   12.629587035
   -0.475998887    2.094395102   33.375994428   55.116833364   13.492219699
   -0.285599332    2.094395102   43.281810970   47.609565992   14.431922521
   -0.095199777    2.094395102   51.132441486   33.960238061   15.182428003
    0.095199777    2.094395102   56.034201819   17.224478092   15.327103871
    0.285599332    2.094395102   57.743085064    1.080215272   14.436779921
    0.475998887    2.094395102   56.751648313  -10.497446063   12.216574414
    0.666398442    2.094395102   54.270435880  -14.146271881    8.676871146
    0.856797996    2.094395102   51.981742100   -8.526758315    4.230863110
    1.047197551    2.094395102   51.529264074    4.571177250   -0.404014787
    1.237597106    2.094395102   53.911152115   20.277344755   -4.457232426
    1.427996661    2.094395102   59.039373075   32.434781213   -7.421134720
    1.618396215    2.094395102   65.717102574   35.925979211   -9.250052830
    1.808795770    2.094395102   72.031344420   28.556272508  -10.322815572
    1.999195325    2.094395102   75.974249096   11.446212409  -11.201124530
    2.189594880    2.094395102   76.011070277  -11.690295177  -12.349519732
    2.379994435    2.094395102   71.454521606  -35.944977335  -13.932907212
    2.570393989    2.094395102   62.579818183  -56.224827692  -15.761407831
    2.760793544    2.094395102   50.570900400  -68.266915291  -17.399478435
    2.951193099    2.094395102   37.277381832  -69.487557908  -18.355366974

   -3.141592654    2.443460953   18.791957242  -59.401110073  -12.671269540
   -2.951193099    2.443460953    9.219787058  -40.363660966  -11.234183080
   -2.760793544    2.443460953    3.575715469  -19.172029359   -9.196897326
   -2.570393989    2.443460953    1.680218654   -1.871767193   -6.806094464
   -2.379994435    2.443460953    2.350426582    7.389087205   -4.178350337
   -2.189594880    2.443460953    3.934408648    7.928379379   -1.225286901
   -1.999195325    2.443460953    5.000431281    2.708611965    2.223317435
   -1.808795770    2.443460953    4.931197109   -3.071444322    6.188723844
   -1.618396215    2.443460953    4.134596940   -4.190873402   10.377732796
   -1.427996661    2.443460953    3.827925905    2.284678253   14.245935752
   -1.237597106    2.443460953    5.462377696   15.751945401   17.248088491
   -1.047197551    2.443460953   10.054058872   32.531003219   19.092631800
   -0.856797996    2.443460953   17.748993682   47.474772841   19.821025257
   -0.666398442    2.443460953   27.751942685   56.109996900   19.675639655
   -0.475998887    2.443460953   38.597978294   56.203305011   18.881926537
   -0.285599332    2.443460953   48.626988700   47.728922240   17.519831672
   -0.095199777    2.443460953   56.361060610   32.502150369   15.486718089
    0.095199777    2.443460953   60.785703995   13.584458085   12.594355585
    0.285599332    2.443460953   61.565733532   -5.058987636    8.707963789
    0.475998887    2.443460953   59.183356424  -18.874456737    3.897910971
    0.666398442    2.443460953   54.964789543  -23.786397408   -1.446565407
    0.856797996    2.443460953   50.837293394  -17.912685100   -6.628418760
    1.047197551    2.443460953   48.750512059   -2.969196614  -10.849391549
    1.237597106    2.443460953   49.961094518   15.617360814  -13.510501834
    1.427996661    2.443460953   54.488153261   30.706803295  -14.466614788
    1.618396215    2.443460953   61.050509473   36.238519222  -14.086212724
    1.808795770    2.443460953   67.509938683   29.540657784  -13.065331029
    1.999195325    2.443460953   71.601029744   11.857987373  -12.118087019
    2.189594880    2.443460953   71.601507055  -12.527862142  -11.711633617
    2.379994435    2.443460953   66.764019793  -37.984338838  -11.948083118
    2.570393989    2.443460953   57.433242766  -58.834607493  -12.586184515
    2.760793544    2.443460953   44.944974860  -70.535167018  -13.191601451
    2.951193099    2.443460953   31.319292716  -70.591547298  -13.316194798

   -3.141592654    2.792526803   15.654090420  -58.047316309    1.193058944
   -2.951193099    2.792526803    6.429746226  -38.109164670    3.428167996
   -2.760793544    2.792526803    1.284425540  -16.236807926    5.503428670
   -2.570393989    2.792526803    0.000000000    1.599748557    7.275497329
   -2.379994435    2.792526803    1.389654160   11.513267575    8.853962442
   -2.189594880    2.792526803    3.846436667   13.026074580   10.600412945
   -1.999195325    2.792526803    5.997047888    9.010845372   12.944026620
   -1.808795770    2.792526803    7.230583020    4.226367849   16.090202019
   -1.618396215    2.792526803    7.863030135    3.361164679   19.811595344
   -1.427996661    2.792526803    8.937405782    9.066581767   23.472755880
   -1.237597106    2.792526803   11.717078097   20.885225665   26.289982253
   -1.047197551    2.792526803   17.090516299   35.575396279   27.662973225
   -0.856797996    2.792526803   25.161874134   48.401037364   27.368135002
   -0.666398442    2.792526803   35.150557298   55.047022872   25.534454236
   -0.475998887    2.792526803   45.610494367   53.211152529   22.465580757
   -0.285599332    2.792526803   54.879584963   42.716299618   18.469087799
   -0.095199777    2.792526803   61.458363942   25.373971026   13.753738701
    0.095199777    2.792526803   64.330013490    4.445900091    8.464185161
    0.285599332    2.792526803   63.215974317  -15.694662763    2.769030105
    0.475998887    2.792526803   58.744008468  -29.980158689   -3.022843759
    0.666398442    2.792526803   52.477136009  -33.926564690   -8.405774415
    0.856797996    2.792526803   46.628988181  -25.609239811  -12.739867259
    1.047197551    2.792526803   43.395845723   -7.198081920  -15.460083112
    1.237597106    2.792526803   44.150368380   15.008282990  -16.314845768
    1.427996661    2.792526803   48.848920902   32.927319821  -15.494930173
    1.618396215    2.792526803   55.994189240   39.896321517  -13.565289211
    1.808795770    2.792526803   63.170220509   33.204941253  -11.217791784
    1.999195325    2.792526803   67.874613900   14.532445773   -9.004085976
    2.189594880    2.792526803   68.255440576  -11.208985816   -7.175804505
    2.379994435    2.792526803   63.552890754  -37.804542945   -5.691548745
    2.570393989    2.792526803   54.191885188  -59.220541949   -4.316582137
    2.760793544    2.792526803   41.631466434  -70.801781564   -2.788202219
    2.951193099    2.792526803   28.013107112  -70.179488465   -0.945245896
