#! FIELDS phi psi file.free der_phi der_psi
#! SET min_phi -pi
#! SET max_phi pi
#! SET nbins_phi  33
#! SET periodic_phi true
#! SET min_psi -pi
#! SET max_psi pi
#! SET nbins_psi  18
#! SET periodic_psi true
   -3.141592654   -3.141592654   18.110761862  -54.036358966   17.359181214
   -2.951193099   -3.141592654    9.578794458  -34.980361473   19.748917319
   -2.760793544   -3.141592654    4.906772433  -14.454262387   21.146664008
   -2.570393989   -3.141592654    3.838505154    2.153011550   21.715817090
   -2.379994435   -3.141592654    5.278389832   11.646498363   21.923477617
   -2.189594880   -3.141592654    7.820938647   13.994163680   22.417704600
   -1.999195325   -3.141592654   10.330602348   11.941624405   23.787625358
   -1.808795770   -3.141592654   12.351918771    9.553574502   26.272095674
   -1.618396215   -3.141592654   14.191138867   10.531172486   29.581785657
   -1.427996661   -3.141592654   16.702492047   16.708932336   32.944616171
   -1.237597106   -3.141592654   20.850225528   27.338971990   35.384149797
   -1.047197551   -3.141592654   27.227128184   39.475837751   36.089414927
   -0.856797996   -3.141592654   35.733363942   48.989416860   34.662648608
   -0.666398442   -3.141592654   45.500434994   52.126213390   31.158800045
   -0.475998887   -3.141592654   55.076336746   46.870177966   25.951253041
   -0.285599332   -3.141592654   62.827744839   33.146802016   19.556032194
   -0.095199777   -3.141592654   67.303819060   12.936390272   12.505508729
    0.095199777   -3.141592654   67.591924575  -10.092468354    5.327674249
    0.285599332   -3.141592654   63.614897050  -30.967782504   -1.453685512
    0.475998887   -3.141592654   56.311684367  -44.123874498   -7.300917354
    0.666398442   -3.141592654   47.614918773  -45.016505363  -11.707652652
    0.856797996   -3.141592654   40.065002742  -32.233609385  -14.299588169
    1.047197551   -3.141592654   36.040358417   -8.901730507  -14.971433138
    1.237597106   -3.141592654   36.898959445   17.635367689  -13.964865541
    1.427996661   -3.141592654   42.406544154   38.532005950  -11.798357135
    1.618396215   -3.141592654   50.775067487   46.879454222   -9.066444465
    1.808795770   -3.141592654   59.299681674   40.190069537   -6.198882264
    1.999195325   -3.141592654   65.262035064   20.673986728   -3.334344392
    2.189594880   -3.141592654   66.708093578   -6.157044386   -0.362592803
    2.379994435   -3.141592654   62.882837675  -33.570659217    2.896010647
    2.570393989   -3.141592654   54.292254594  -55.285683119    6.517992369
    2.760793544   -3.141592654   42.491755358  -66.735595463   10.366628503
    2.951193099   -3.141592654   29.670129072  -65.928880601   14.116381230

   -3.141592654   -2.792526803   25.946187775  -49.713970876   26.121125693
   -2.951193099   -2.792526803   18.028578302  -32.871850201   28.279243148
   -2.760793544   -2.792526803   13.561805239  -14.322047593   29.136332692
   -2.570393989   -2.792526803   12.389599577    1.101020787   29.044666290
   -2.379994435   -2.792526803   13.609697364   10.606689835   28.616394297
   -2.189594880   -2.792526803   16.058175783   14.242709151   28.535506360
   -1.999195325   -2.792526803   18.814903509   14.380716678   29.319960485
   -1.808795770   -2.792526803   21.523616100   14.266769115   31.087387967
   -1.618396215   -2.792526803   24.409294829   16.573264862   33.443012471
   -1.427996661   -2.792526803   28.059982285   22.301705543   35.551533839
   -1.237597106   -2.792526803   33.065441322   30.447685739   36.419914245
   -1.047197551   -2.792526803   39.663014558   38.499660859   35.268965188
   -0.856797996   -2.792526803   47.532524814   43.267517038   31.802623040
   -0.666398442   -2.792526803   55.780180342   42.041400152   26.265183705
   -0.475998887   -2.792526803   63.109368732   33.614409599   19.290081141
   -0.285599332   -2.792526803   68.161023081   18.333566669   11.657738002
   -0.095199777   -2.792526803   69.801764758   -1.751834700    4.105244616
    0.095199777   -2.792526803   67.424623783  -23.174751824   -2.743002291
    0.285599332   -2.792526803   61.203718369  -41.291307332   -8.393838578
    0.475998887   -2.792526803   52.259694320  -50.945590562  -12.464768261
    0.666398442   -2.792526803   42.622847237  -48.059445528  -14.722819065
    0.856797996   -2.792526803   34.836594064  -31.741192193  -15.148393528
    1.047197551   -2.792526803   31.184230197   -5.626557067  -13.980788314
    1.237597106   -2.792526803   32.845802864   22.623538230  -11.684048967
    1.427996661   -2.792526803   39.379569523   44.183251086   -8.794213973
    1.618396215   -2.792526803   48.829091839   52.529669305   -5.719679319
    1.808795770   -2.792526803   58.416448302   45.736765953   -2.598121803
    1.999195325   -2.792526803   65.449119609   26.450038576    0.694194154
    2.189594880   -2.792526803   68.051349094    0.262090760    4.398994572
    2.379994435   -2.792526803   65.524610136  -26.366530547    8.664770638
    2.570393989   -2.792526803   58.358472819  -47.628981003   13.403876423
    2.760793544   -2.792526803   48.004266007  -59.356028971   18.250921601
    2.951193099   -2.792526803   36.492093067  -59.713187135   22.668325432

   -3.141592654   -2.443460953   34.843647402  -45.059458291   23.544759198
   -2.951193099   -2.443460953   27.590363877  -30.549564343   25.264275366
   -2.760793544   -2.443460953   23.366750500  -13.984954092   25.842071482
   -2.570393989   -2.443460953   22.134898027    0.311015148   25.621021358
   -2.379994435   -2.443460953   23.183981513    9.782339288   25.109633847
   -2.189594880   -2.443460953   25.551416673   14.346524404   24.801009074
   -1.999195325   -2.443460953   28.458699030   15.877863588   24.994695420
   -1.808795770   -2.443460953   31.568315140   16.867340094   25.658625324
   -1.618396215   -2.443460953   34.973639908   19.199015114   26.400990144
   -1.427996661   -2.443460953   39.001718041   23.366529635   26.561286608
   -1.237597106   -2.443460953   43.934758181   28.418093856   25.441764491
   -1.047197551   -2.443460953   49.771530026   32.481870539   22.585512724
   -0.856797996   -2.443460953   56.115306539   33.375064931   17.966649418
   -0.666398442   -2.443460953   62.187921764   29.340274314   12.005765573
   -0.475998887   -2.443460953   66.956033468   19.714350196    5.410510823
   -0.285599332   -2.443460953   69.380610676    4.905061254   -1.064867041
   -0.095199777   -2.443460953   68.620569692  -13.339446187   -6.803538589
    0.095199777   -2.443460953   64.287321256  -32.017487858  -11.389726128
    0.285599332   -2.443460953   56.683234867  -46.924980124  -14.604530754
    0.475998887   -2.443460953   46.980470652  -53.290600875  -16.365949840
    0.666398442   -2.443460953   37.191342366  -47.381610553  -16.714658416
    0.856797996   -2.443460953   29.775567025  -28.636127807  -15.817820217
    1.047197551   -2.443460953   26.876776672   -0.953119213  -13.959869961
    1.237597106   -2.443460953   29.503645179   27.962290634  -11.499688507
    1.427996661   -2.443460953   37.060860598   49.525539785   -8.761118935
    1.618396215   -2.443460953   47.507287656   57.672433670   -5.923691471
    1.808795770   -2.443460953   58.072846534   50.942669697   -2.976466362
    1.999195325   -2.443460953   66.142974536   32.226237635    0.228876661
    2.189594880   -2.443460953   69.935223084    7.018952710    3.859025083
    2.379994435   -2.443460953   68.795757675  -18.592539827    7.960085384
    2.570393989   -2.443460953   63.173967378  -39.306573497   12.381299982
    2.760793544   -2.443460953   54.391410502  -51.343856700   16.763273767
    2.951193099   -2.443460953   44.297900090  -52.999594936   20.633038457

   -3.141592654   -2.094395102   41.201955028  -41.281522957   14.054250837
   -2.951193099   -2.094395102   34.513677844  -28.390251075   15.068640594
   -2.760793544   -2.094395102   30.563824059  -13.199319533   15.421568086
   -2.570393989   -2.094395102   29.392341368    0.261826659   15.342283265
   -2.379994435   -2.094395102   30.400741013    9.492402276   15.077824689
   -2.189594880   -2.094395102   32.722851868   14.195183882   14.780253171
   -1.999195325   -2.094395102   35.615370270   15.827301883   14.445050681
   -1.808795770   -2.094395102   38.687227593   16.403118601   13.902098411
   -1.618396215   -2.094395102   41.896489046   17.442590847   12.871927002
   -1.427996661   -2.094395102   45.390548846   19.377942430   11.048124442
   -1.237597106   -2.094395102   49.300116473   21.620165334    8.223025366
   -1.047197551   -2.094395102   53.577463781   23.000515147    4.404279324
   -0.856797996   -2.094395102   57.927889261   22.137053681   -0.135955627
   -0.666398442   -2.094395102   61.807038591   17.813673655   -4.915390776
   -0.475998887   -2.094395102   64.473779281    9.406073135   -9.386022722
   -0.285599332   -2.094395102   65.142979639   -3.089958355  -13.105997100
   -0.095199777   -2.094395102   63.121900523  -18.557353354  -15.842198838
    0.095199777   -2.094395102   58.053534652  -34.573242071  -17.568993606
    0.285599332   -2.094395102   50.181927980  -47.254255674  -18.407735292
    0.475998887   -2.094395102   40.586209822  -51.912289679  -18.515477329
    0.666398442   -2.094395102   31.184983959  -44.751320507  -18.025310324
    0.856797996   -2.094395102   24.357841599  -25.128775113  -17.025039263
    1.047197551   -2.094395102   22.182212331    3.095148042  -15.564891441
    1.237597106   -2.094395102   25.608868012   32.280423159  -13.691807070
    1.427996661   -2.094395102   34.001287939   53.965884072  -11.455377600
    1.618396215   -2.094395102   45.305072247   62.249607531   -8.900947232
    1.808795770   -2.094395102   56.767222275   55.807967028   -6.069314328
    1.999195325   -2.094395102   65.807365542   37.569424838   -3.004187974
    2.189594880   -2.094395102   70.673251123   12.943645280    0.236785159
    2.379994435   -2.094395102   70.713209684  -12.169040908    3.557899217
    2.570393989   -2.094395102   66.338022164  -32.717416915    6.814816059
    2.760793544   -2.094395102   58.785110200  -45.124382612    9.799893274
    2.951193099   -2.094395102   49.793010923  -47.766662153   12.280012585

   -3.141592654   -1.745329252   43.647574008  -39.461245720    4.961273422
   -2.951193099   -1.745329252   37.228033239  -27.377043433    5.622603422
   -2.760793544   -1.745329252   33.405165075  -12.854496366    6.021902247
   -2.570393989   -1.745329252   32.248504808    0.086625472    6.172570384
   -2.379994435   -1.745329252   33.177299769    8.815814798    6.017800757
   -2.189594880   -1.745329252   35.310019011   12.838492392    5.414501099
   -1.999195325   -1.745329252   37.853490915   13.455028912    4.178526141
   -1.808795770   -1.745329252   40.347569057   12.655185571    2.162159180
   -1.618396215   -1.745329252   42.691542463   12.079534184   -0.663376878
   -1.427996661   -1.745329252   45.009735825   12.423485487   -4.177676934
   -1.237597106   -1.745329252   47.472183865   13.479479144   -8.112411647
   -1.047197551   -1.745329252   50.146641319   14.473970784  -12.085829074
   -0.856797996   -1.745329252   52.921133126   14.302724100  -15.662492014
   -0.666398442   -1.745329252   55.461034966   11.743779299  -18.435956863
   -0.475998887   -1.745329252   57.200520016    5.815306490  -20.124805777
   -0.285599332   -1.745329252   57.437384001   -4.068777706  -20.664037974
   -0.095199777   -1.745329252   55.445759587  -17.382524032  -20.234030937
    0.095199777   -1.745329252   50.740570817  -32.089679387  -19.207788879
    0.285599332   -1.745329252   43.392617976  -44.367344218  -18.033184645
    0.475998887   -1.745329252   34.327752646  -49.298927111  -17.056754497
    0.666398442   -1.745329252   25.373976645  -42.675338803  -16.408823556
    0.856797996   -1.745329252   18.900265655  -23.434876912  -15.974228737
    1.047197551   -1.745329252   17.042241026    4.819102376  -15.462236861
    1.237597106   -1.745329252   20.838517435   34.499762787  -14.562220553
    1.427996661   -1.745329252   29.729265608   57.003779494  -13.076588873
    1.618396215   -1.745329252   41.696869285   66.156547917  -10.993918539
    1.808795770   -1.745329252   53.971487418   60.373731616   -8.478553611
    1.999195325   -1.745329252   63.916189573   42.432188963   -5.795883793
    2.189594880   -1.745329252   69.708495051   17.745925594   -3.203980283
    2.379994435   -1.745329252   70.636746460   -7.680214390   -0.881521637
    2.570393989   -1.745329252   67.072971219  -28.708836107    1.096674106
    2.760793544   -1.745329252   60.227106996  -41.728839456    2.720746369
    2.951193099   -1.745329252   51.813547694  -45.122252890    4.006375338

   -3.141592654   -1.396263402   42.059886199  -39.158305622    1.873878349
   -2.951193099   -1.396263402   35.721451831  -26.826394052    1.854899855
   -2.760793544   -1.396263402   32.024143451  -12.126075641    1.674513182
   -2.570393989   -1.396263402   31.000559170    0.675161184    1.297817075
   -2.379994435   -1.396263402   31.986219389    8.714132785    0.576024805
   -2.189594880   -1.396263402   33.980685402   11.379020225   -0.742659462
   -1.999195325   -1.396263402   36.069499069   10.064807455   -2.910447537
   -1.808795770   -1.396263402   37.712940102    7.115060699   -6.036384648
   -1.618396215   -1.396263402   38.817606282    4.701059186   -9.969623727
   -1.427996661   -1.396263402   39.621533081    4.080967682  -14.295008573
   -1.237597106   -1.396263402   40.504497965    5.463657154  -18.428986127
   -1.047197551   -1.396263402   41.794757960    8.172842098  -21.771195293
   -0.856797996   -1.396263402   43.625955699   10.842980563  -23.847019261
   -0.666398442   -1.396263402   45.827842361   11.687712683  -24.402677259
   -0.475998887   -1.396263402   47.873425342    8.995540079  -23.448694317
   -0.285599332   -1.396263402   48.960327119    1.485368276  -21.270167276
   -0.095199777   -1.396263402   48.146209007  -10.821874898  -18.380891204
    0.095199777   -1.396263402   44.663434981  -26.062974072  -15.414952233
    0.285599332   -1.396263402   38.304749957  -40.170878260  -12.963853155
    0.475998887   -1.396263402   29.804911215  -47.598462578  -11.384855995
    0.666398442   -1.396263402   20.946696617  -43.270997704  -10.694217988
    0.856797996   -1.396263402   14.215037896  -25.337158378  -10.588916077
    1.047197551   -1.396263402   11.979726554    2.982886784  -10.586738666
    1.237597106   -1.396263402   15.535109814   33.954507870  -10.242117471
    1.427996661   -1.396263402   24.501671582   58.366801541   -9.304784804
    1.618396215   -1.396263402   36.904184067   69.260949901   -7.774653293
    1.808795770   -1.396263402   49.877506275   64.436500324   -5.856571421
    1.999195325   -1.396263402   60.608187007   46.458405951   -3.849830717
    2.189594880   -1.396263402   67.099299709   20.953987929   -2.023923681
    2.379994435   -1.396263402   68.531342723   -5.611951030   -0.543128251
    2.570393989   -1.396263402   65.259307240  -27.660291205    0.546409910
    2.760793544   -1.396263402   58.544807272  -41.318193086    1.275096103
    2.951193099   -1.396263402   50.183350506  -44.931721143    1.701139735

   -3.141592654   -1.047197551   39.343808587  -40.887996232    3.191713430
   -2.951193099   -1.047197551   32.701655126  -28.252068529    2.250111156
   -2.760793544   -1.047197551   28.771969366  -13.154472515    1.161256054
   -2.570393989   -1.047197551   27.574571509   -0.196870259   -0.066296770
   -2.379994435   -1.047197551   28.364285000    7.403269180   -1.578767573
   -2.189594880   -1.047197551   30.006782357    8.870854959   -3.661331953
   -1.999195325   -1.047197551   31.455529826    5.793202435   -6.592289527
   -1.808795770   -1.047197551   32.111939688    1.077234773  -10.437403041
   -1.618396215   -1.047197551   31.950741349   -2.381590904  -14.895288247
   -1.427996661   -1.047197551   31.407367650   -2.743126883  -19.320089977
   -1.237597106   -1.047197551   31.135228642    0.391123500  -22.915785424
   -1.047197551   -1.047197551   31.725957463    6.053107581  -25.002633597
   -0.856797996   -1.047197551   33.484660484   12.226239581  -25.226600857
   -0.666398442   -1.047197551   36.271945820   16.348217632  -23.629392965
   -0.475998887   -1.047197551   39.448640324   16.011853066  -20.594685052
   -0.285599332   -1.047197551   41.988691792    9.475745294  -16.741228285
   -0.095199777   -1.047197551   42.667610782   -3.379140940  -12.767496677
    0.095199777   -1.047197551   40.443068647  -20.472091737   -9.302202806
    0.285599332   -1.047197551   34.907726206  -37.175049646   -6.755021408
    0.475998887   -1.047197551   26.726922623  -47.171782491   -5.217672614
    0.666398442   -1.047197551   17.762062689  -44.649534510   -4.478760359
    0.856797996   -1.047197551   10.691560830  -27.313915249   -4.149125210
    1.047197551   -1.047197551    8.120545110    1.592589234   -3.823543432
    1.237597106   -1.047197551   11.534110420   33.916300354   -3.227904487
    1.427996661   -1.047197551   20.640381414   59.831705664   -2.271000175
    1.618396215   -1.047197551   33.435910716   71.810300967   -1.013554800
    1.808795770   -1.047197551   46.940607577   67.325369101    0.391702113
    1.999195325   -1.047197551   58.192320717   48.924093495    1.759536360
    2.189594880   -1.047197551   65.068459867   22.468941444    2.923823804
    2.379994435   -1.047197551   66.681062947   -5.233302350    3.765285426
    2.570393989   -1.047197551   63.379628342  -28.304325578    4.214927452
    2.760793544   -1.047197551   56.466896929  -42.692476100    4.251770267
    2.951193099   -1.047197551   47.803577023  -46.673392536    3.892896680

   -3.141592654   -0.698131701   38.710204813  -44.240781126    3.558112124
   -2.951193099   -0.698131701   31.427353864  -31.574401619    1.350757853
   -2.760793544   -0.698131701   26.885846146  -16.249802861   -0.988897086
   -2.570393989   -0.698131701   25.111525883   -3.218723277   -3.310145716
   -2.379994435   -0.698131701   25.294257996    3.941499878   -5.662336768
   -2.189594880   -0.698131701   26.184331702    4.337566396   -8.291803175
   -1.999195325   -0.698131701   26.637030524   -0.138186781  -11.458320360
   -1.808795770   -0.698131701   26.054540349   -5.870797674  -15.170757019
   -1.618396215   -0.698131701   24.560070951   -9.192187206  -19.014283465
   -1.427996661   -0.698131701   22.857717807   -7.839390234  -22.219895887
   -1.237597106   -0.698131701   21.892530808   -1.608612125  -23.964721218
   -1.047197551   -0.698131701   22.455289600    7.787198378  -23.731788607
   -0.856797996   -0.698131701   24.882412220   17.386041291  -21.527409199
   -0.666398442   -0.698131701   28.896302363   23.845075011  -17.850199046
   -0.475998887   -0.698131701   33.605582254   24.343976597  -13.470511705
   -0.285599332   -0.698131701   37.691309578   17.144128037   -9.167908836
   -0.095199777   -0.698131701   39.670218208    2.449824538   -5.497713060
    0.095199777   -0.698131701   38.328090610  -17.077774135   -2.684918621
    0.285599332   -0.698131701   33.210274164  -36.104574370   -0.621969622
    0.475998887   -0.698131701   25.067344596  -47.677006024    1.007607274
    0.666398442   -0.698131701   15.944363928  -45.626327841    2.531801297
    0.856797996   -0.698131701    8.730757102  -27.707761041    4.101536920
    1.047197551   -0.698131701    6.196063240    2.411421230    5.641119892
    1.237597106   -0.698131701    9.891513639   36.010554849    6.937638611
    1.427996661   -0.698131701   19.490095290   62.808242577    7.809401553
    1.618396215   -0.698131701   32.888977115   75.060782477    8.231474998
    1.808795770   -0.698131701   46.990905968   70.253820779    8.328611458
    1.999195325   -0.698131701   58.732182951   51.076106644    8.269011039
    2.189594880   -0.698131701   65.920550337   23.566236318    8.153248291
    2.379994435   -0.698131701   67.630675020   -5.315094298    7.957941503
    2.570393989   -0.698131701   64.201067760  -29.548468710    7.543334067
    2.760793544   -0.698131701   56.950683276  -44.955219974    6.734385490
    2.951193099   -0.698131701   47.781196863  -49.675243400    5.405023892

   -3.141592654   -0.349065850   39.591653860  -49.423045395    3.435597771
   -2.951193099   -0.349065850   31.273053890  -37.159006812    0.282447350
   -2.760793544   -0.349065850   25.674823620  -21.684025182   -2.869099027
   -2.570393989   -0.349065850   22.901738956   -8.269506750   -5.804650115
   -2.379994435   -0.349065850   22.145114682   -0.941096206   -8.541511163
   -2.189594880   -0.349065850   22.085802061   -0.819541898  -11.299450959
   -1.999195325   -0.349065850   21.510039416   -5.763644154  -14.280073910
   -1.808795770   -0.349065850   19.844949060  -11.462776825  -17.383184333
   -1.618396215   -0.349065850   17.381904497  -13.522859824  -20.070748449
   -1.427996661   -0.349065850   15.093840841   -9.430092996  -21.523667827
   -1.237597106   -0.349065850   14.171105985    0.517931192  -21.042112840
   -1.047197551   -0.349065850   15.495450481   13.547544906  -18.444814887
   -0.856797996   -0.349065850   19.278411122   25.596371965  -14.215446755
   -0.666398442   -0.349065850   24.945873267   32.684522235   -9.302938950
   -0.475998887   -0.349065850   31.253678564   32.027105401   -4.718165894
   -0.285599332   -0.349065850   36.594643604   22.522560052   -1.158852905
   -0.095199777   -0.349065850   39.352938248    5.293658862    1.212183078
    0.095199777   -0.349065850   38.358676512  -16.098428130    2.732840350
    0.285599332   -0.349065850   33.345169733  -35.765235533    4.039079595
    0.475998887   -0.349065850   25.306877004  -46.741117898    5.739575573
    0.666398442   -0.349065850   16.482224596  -43.392025575    8.114068279
    0.856797996   -0.349065850    9.818400969  -24.268934738   10.957367904
    1.047197551   -0.349065850    7.997809381    6.301615949   13.692901209
    1.237597106   -0.349065850   12.401597041   39.408001272   15.678246558
    1.427996661   -0.349065850   22.546233651   65.082558018   16.528805811
    1.618396215   -0.349065850   36.259696987   76.119621167   16.279484078
    1.808795770   -0.349065850   50.470766448   70.413526820   15.296968537
    1.999195325   -0.349065850   62.189310860   50.737138152   14.032086018
    2.189594880   -0.349065850   69.283059638   22.923079736   12.784953867
    2.379994435   -0.349065850   70.833920109   -6.392272487   11.595984697
    2.570393989   -0.349065850   67.130744679  -31.406690016   10.274945118
    2.760793544   -0.349065850   59.422892146  -47.946812886    8.559566464
    2.951193099   -0.349065850   49.565493122  -53.898612074    6.271362876

   -3.141592654    0.000000000   40.842377254  -55.059835122    2.627882594
   -2.951193099    0.000000000   31.411737776  -43.086266668   -0.530086202
   -2.760793544    0.000000000   24.700406287  -27.366630347   -3.531775310
   -2.570393989    0.000000000   20.889054553  -13.482662109   -6.204219905
   -2.379994435    0.000000000   19.173276106   -5.851567249   -8.581709765
   -2.189594880    0.000000000   18.182707104   -5.724412058  -10.852109888
   -1.999195325    0.000000000   16.671710866  -10.616805172  -13.147109637
   -1.808795770    0.000000000   14.140766181  -15.514535794  -15.294069177
   -1.618396215    0.000000000   11.085529345  -15.443686651  -16.742935177
   -1.427996661    0.000000000    8.740135745   -7.943805238  -16.771585386
   -1.237597106    0.000000000    8.466867584    5.821626917  -14.902308641
   -1.047197551    0.000000000   11.104821396   21.787712359  -11.257763222
   -0.856797996    0.000000000   16.588716480   34.852483165   -6.603386882
   -0.666398442    0.000000000   23.940391079   40.788500986   -2.024840044
   -0.475998887    0.000000000   31.552083058   37.442767169    1.559251903
   -0.285599332    0.000000000   37.631359292   24.907925726    3.769060882
   -0.095199777    0.000000000   40.616565534    5.515610089    4.886078151
    0.095199777    0.000000000   39.587748388  -16.377507173    5.662620057
    0.285599332    0.000000000   34.615161541  -34.801906253    6.971472960
    0.475998887    0.000000000   26.972452114  -43.459823155    9.396287890
    0.666398442    0.000000000   18.997776458  -37.879180357   12.947424408
    0.856797996    0.000000000   13.509222095  -17.729059393   17.010807536
    1.047197551    0.000000000   12.894256578   12.121601759   20.612572230
    1.237597106    0.000000000   18.215176925   43.040793687   22.859650173
    1.427996661    0.000000000   28.790061681   65.970439656   23.320829624
    1.618396215    0.000000000   42.439885701   74.713023721   22.159157031
    1.808795770    0.000000000   56.244648199   67.743710417   19.965166021
    1.999195325    0.000000000   67.416479320   47.803069462   17.416677586
    2.189594880    0.000000000   73.971329684   20.235399429   14.980127372
    2.379994435    0.000000000   75.030362049   -8.934318442   12.782633458
    2.570393989    0.000000000   70.819841147  -34.288148905   10.658444489
    2.760793544    0.000000000   62.488327604  -51.686169885    8.343606169
    2.951193099    0.000000000   51.817286922  -58.700618791    5.657572807

   -3.141592654    0.349065850   42.657288140  -59.982848868    1.710631298
   -2.951193099    0.349065850   32.266876728  -48.148524535   -0.508423403
   -2.760793544    0.349065850   24.612253689  -32.137048930   -2.443425418
   -2.570393989    0.349065850   19.939856561  -17.734228824   -4.078177623
   -2.379994435    0.349065850   17.459774929   -9.650335640   -5.524770747
   -2.189594880    0.349065850   15.774439887   -9.237332709   -6.946190559
   -1.999195325    0.349065850   13.625953755  -13.734025293   -8.399740996
   -1.808795770    0.349065850   10.585887287  -17.589082727   -9.680184507
   -1.618396215    0.349065850    7.315320644  -15.450446980  -10.323572187
   -1.427996661    0.349065850    5.234668080   -5.074771390   -9.813170824
   -1.237597106    0.349065850    5.783068096   11.473200936   -7.914749211
   -1.047197551    0.349065850    9.672996501   28.997671711   -4.908372289
   -0.856797996    0.349065850   16.527464601   41.704360864   -1.524910560
   -0.666398442    0.349065850   25.006111873   45.551908156    1.404830506
   -0.475998887    0.349065850   33.257646828   39.377921687    3.371902714
   -0.285599332    0.349065850   39.472590846   24.592744310    4.431494183
   -0.095199777    0.349065850   42.306944160    4.566721932    5.170122758
    0.095199777    0.349065850   41.196009019  -15.972392733    6.407799589
    0.285599332    0.349065850   36.558889754  -31.506697560    8.823137878
    0.475998887    0.349065850   29.862251737  -36.865730124   12.617566840
    0.666398442    0.349065850   23.389777043  -28.981440227   17.373172600
    0.856797996    0.349065850   19.657846421   -8.587811746   22.150651894
    1.047197551    0.349065850   20.621587147   19.205850503   25.839037348
    1.237597106    0.349065850   26.957977037   46.457956096   27.597515144
    1.427996661    0.349065850   37.796267793   65.387800798   27.164519131
    1.618396215    0.349065850   51.017420199   71.027557485   24.900282278
    1.808795770    0.349065850   63.945363532   62.492386419   21.557286734
    1.999195325    0.349065850   74.086395148   42.425840521   17.924229374
    2.189594880    0.349065850   79.676588409   15.556083392   14.538753794
    2.379994435    0.349065850   79.922400047  -12.845877582   11.588538486
    2.570393989    0.349065850   75.007590492  -37.872654446    8.978288623
    2.760793544    0.349065850   65.978383667  -55.515113975    6.521184012
    2.951193099    0.349065850   54.524997388  -63.105208575    4.092003489

   -3.141592654    0.698131701   44.351387488  -62.780581337    0.310679226
   -2.951193099    0.698131701   33.453459430  -50.652145464   -0.411396504
   -2.760793544    0.698131701   25.351232922  -34.327410845   -0.753554894
   -2.570393989    0.698131701   20.283755716  -19.708923584   -0.894958342
   -2.379994435    0.698131701   17.434046017  -11.577165218   -1.037388106
   -2.189594880    0.698131701   15.376942354  -11.213016414   -1.334214521
   -1.999195325    0.698131701   12.857060532  -15.600938356   -1.824793848
   -1.808795770    0.698131701    9.507445648  -18.868752744   -2.387474505
   -1.618396215    0.698131701    6.098708309  -15.522222867   -2.776996116
   -1.427996661    0.698131701    4.152359801   -3.573380206   -2.739946100
   -1.237597106    0.698131701    5.120775795   14.276694447   -2.174322924
   -1.047197551    0.698131701    9.600009884   32.187994338   -1.214565090
   -0.856797996    0.698131701   17.008496595   44.161555751   -0.151640176
   -0.666398442    0.698131701   25.824385604   46.593192787    0.777606358
   -0.475998887    0.698131701   34.148598661   39.210818599    1.591677332
   -0.285599332    0.698131701   40.298358505   24.311687480    2.618362594
   -0.095199777    0.698131701   43.188190603    5.682006649    4.372702834
    0.095199777    0.698131701   42.528816395  -12.184672513    7.296439481
    0.285599332    0.698131701   38.911345358  -24.601026971   11.514181432
    0.475998887    0.698131701   33.780784531  -27.530013935   16.675787091
    0.666398442    0.698131701   29.188076396  -18.926356126   21.987138967
    0.856797996    0.698131701   27.267203102    0.007165683   26.420520156
    1.047197551    0.698131701   29.574351106   24.476609015   29.058252580
    1.237597106    0.698131701   36.516647519   47.512600430   29.420009290
    1.427996661    0.698131701   47.170895839   62.556832611   27.601613356
    1.618396215    0.698131701   59.579691036   65.590028330   24.180950410
    1.808795770    0.698131701   71.351839881   56.047813851   19.949190849
    1.999195325    0.698131701   80.278074135   36.273215471   15.625090301
    2.189594880    0.698131701   84.782459214   10.353908464   11.673215695
    2.379994435    0.698131701   84.134939435  -17.067337222    8.292048537
    2.570393989    0.698131701   78.486524949  -41.418885020    5.495259848
    2.760793544    0.698131701   68.818958067  -58.716179146    3.244552671
    2.951193099    0.698131701   56.774028910  -66.112316916    1.516154753

   -3.141592654    1.047197551   43.184912980  -63.797963573   -4.551710172
   -2.951193099    1.047197551   32.193266347  -50.643382360   -3.763440706
   -2.760793544    1.047197551   24.165070117  -33.612882443   -2.536637380
   -2.570393989    1.047197551   19.269389698  -18.676914974   -1.205091534
   -2.379994435    1.047197551   16.617492600  -10.572697598   -0.026464503
   -2.189594880    1.047197551   14.729395706  -10.467428127    0.860912919
   -1.999195325    1.047197551   12.317850209  -15.211980736    1.405073108
   -1.808795770    1.047197551    9.008336396  -18.828760894    1.595996551
   -1.618396215    1.047197551    5.579015581  -15.767228855    1.436660131
   -1.427996661    1.047197551    3.563601206   -4.050772037    0.961372999
   -1.237597106    1.047197551    4.419924793   13.564275695    0.265592868
   -1.047197551    1.047197551    8.742304031   31.254103612   -0.476563682
   -0.856797996    1.047197551   15.964399012   43.187227849   -1.005209583
   -0.666398442    1.047197551   24.628129020   46.080631644   -0.993531067
   -0.475998887    1.047197551   32.963072060   39.989606691   -0.088302830
   -0.285599332    1.047197551   39.458202335   27.303809799    2.019197371
   -0.095199777    1.047197551   43.182204500   11.507349387    5.493273625
    0.095199777    1.047197551   43.904180904   -3.576867207   10.233637597
    0.285599332    1.047197551   42.124809992  -14.127166107   15.803795957
    0.475998887    1.047197551   39.038203598  -16.856865029   21.425962418
    0.666398442    1.047197551   36.337317654  -10.056335407   26.126317091
    0.856797996    1.047197551   35.792245068    5.356959126   28.999382196
    1.047197551    1.047197551   38.706586898   25.453617034   29.494606963
    1.237597106    1.047197551   45.429427332   44.360969018   27.605113046
    1.427996661    1.047197551   55.175656176   56.410106489   23.831911352
    1.618396215    1.047197551   66.248171706   57.944402136   18.960734539
    1.808795770    1.047197551   76.529125360   48.206405795   13.772508460
    1.999195325    1.047197551   84.012601358   29.039571878    8.847864899
    2.189594880    1.047197551   87.225935851    4.046791799    4.511444894
    2.379994435    1.047197551   85.469657933  -22.411916984    0.916941671
    2.570393989    1.047197551   78.894736020  -45.800201660   -1.850413712
    2.760793544    1.047197551   68.489361655  -62.060937385   -3.707172072
    2.951193099    1.047197551   55.913977959  -68.305504242   -4.596716132

   -3.141592654    1.396263402   38.036927232  -62.495515613   -9.845352236
   -2.951193099    1.396263402   27.488548241  -47.389472396   -8.478547435
   -2.760793544    1.396263402   20.202985855  -29.209987979   -6.667367418
   -2.570393989    1.396263402   16.184849278  -13.997082620   -4.757557633
   -2.379994435    1.396263402   14.392349993   -6.317844471   -2.948812859
   -2.189594880    1.396263402   13.235018493   -7.109371880   -1.286866744
   -1.999195325    1.396263402   11.351772693  -13.068281196    0.216054315
   -1.808795770    1.396263402    8.314796450  -18.149228617    1.455528761
   -1.618396215    1.396263402    4.863691404  -16.686539002    2.214135779
   -1.427996661    1.396263402    2.529881188   -6.426926600    2.299874224
   -1.237597106    1.396263402    2.837845628   10.297818103    1.736064885
   -1.047197551    1.396263402    6.531817515   28.100337874    0.857436552
   -0.856797996    1.396263402   13.262028583   41.375362388    0.244392450
   -0.666398442    1.396263402   21.801477897   46.744597884    0.514311682
   -0.475998887    1.396263402   30.561530507   43.864141273    2.108875370
   -0.285599332    1.396263402   38.113788799   34.492957001    5.169273507
   -0.095199777    1.396263402   43.478857079   21.390145209    9.494544868
    0.095199777    1.396263402   46.239985094    7.695122746   14.562653636
    0.285599332    1.396263402   46.598070644   -3.276230517   19.604912838
    0.475998887    1.396263402   45.382355898   -8.367076537   23.716825130
    0.666398442    1.396263402   43.942875830   -5.489296419   26.069550420
    0.856797996    1.396263402   43.828719203    5.291109079   26.164752583
    1.047197551    1.396263402   46.310903710   21.125871068   23.998016388
    1.237597106    1.396263402   51.897974969   37.007486383   20.062827854
    1.427996661    1.396263402   60.080094086   47.580501534   15.140374642
    1.618396215    1.396263402   69.437596663   48.917757713    9.997564208
    1.808795770    1.396263402   78.041306185   39.675418479    5.155103427
    1.999195325    1.396263402   83.964740549   21.177196474    0.845720635
    2.189594880    1.396263402   85.742967587   -3.163467803   -2.885541423
    2.379994435    1.396263402   82.683352579  -28.843147189   -6.011346640
    2.570393989    1.396263402   74.989798943  -51.021899503   -8.421711445
    2.760793544    1.396263402   63.753006421  -65.460243896   -9.935688613
    2.951193099    1.396263402   50.743466130  -69.389506951  -10.407782458

   -3.141592654    1.745329252   31.740233577  -60.375726838  -16.192032008
   -2.951193099    1.745329252   21.760000100  -43.671533605  -14.882407764
   -2.760793544    1.745329252   15.266967724  -24.746611699  -12.917731145
   -2.570393989    1.745329252   12.110002761   -9.511866960  -10.577466806
   -2.379994435    1.745329252   11.139803581   -2.205420335   -8.024496853
   -2.189594880    1.745329252   10.716582198   -3.537345852   -5.285665094
   -1.999195325    1.745329252    9.447164906  -10.247782450   -2.386433884
   -1.808795770    1.745329252    6.844738171  -16.492540434    0.493487660
   -1.618396215    1.745329252    3.563659472  -16.614261811    2.985119783
   -1.427996661    1.745329252    1.087892896   -7.944833549    4.705168442
   -1.237597106    1.745329252    1.009056539    7.922712009    5.521702673
   -1.047197551    1.745329252    4.277561522   26.259941915    5.707146301
   -0.856797996    1.745329252   10.832294666   41.598300953    5.861427432
   -0.666398442    1.745329252   19.700976439   50.080700691    6.627697672
   -0.475998887    1.745329252   29.414536141   50.494232808    8.397068307
   -0.285599332    1.745329252   38.489596854   43.667400063   11.166430504
   -0.095199777    1.745329252   45.732677706   31.652321838   14.539124163
    0.095199777    1.745329252   50.407340117   17.215044608   17.844481756
    0.285599332    1.745329252   52.360051037    3.663600766   20.308549581
    0.475998887    1.745329252   52.103316685   -5.413635830   21.228646278
    0.666398442    1.745329252   50.792970535   -7.078337115   20.186561144
    0.856797996    1.745329252   49.974559568   -0.339865435   17.221780410
    1.047197551    1.745329252   51.107272843   12.862096487   12.835523916
    1.237597106    1.745329252   55.011126595   27.865530523    7.826218645
    1.427996661    1.745329252   61.486877529   38.968357531    2.981289207
    1.618396215    1.745329252   69.312227038   41.460535546   -1.207185274
    1.808795770    1.745329252   76.600520935   33.248492494   -4.645148765
    1.999195325    1.745329252   81.361568259   15.315384843   -7.519981193
    2.189594880    1.745329252   82.049482891   -8.765432694  -10.083991487
    2.379994435    1.745329252   77.955907697  -34.022987019  -12.448784499
    2.570393989    1.745329252   69.362166692  -55.166962512  -14.503512653
    2.760793544    1.745329252   57.494635516  -67.814903319  -15.977764434
    2.951193099    1.745329252   44.247301477  -69.468647209  -16.588182671

   -3.141592654    2.094395102   24.788234511  -59.370814539  -18.581161733
   -2.951193099    2.094395102   15.147611955  -41.180515722  -17.305562343
   -2.760793544    2.094395102    9.235962672  -21.218863443  -15.332490422
   -2.570393989    2.094395102    6.816298679   -5.351811614  -12.901136925
   -2.379994435    2.094395102    6.684523302    2.433759291  -10.139438503
   -2.189594880    2.094395102    7.191983547    1.595386704   -7.025214678
   -1.999195325    2.094395102    6.940947490   -4.736304793   -3.513594069
   -1.808795770    2.094395102    5.388521124  -11.095980008    0.279523136
   -1.618396215    2.094395102    3.065220408  -12.082717963    3.997915706
   -1.427996661    2.094395102    1.322916320   -4.824799808    7.187406207
   -1.237597106    2.094395102    1.707938322    9.750182894    9.557971532
   -1.047197551    2.094395102    5.265988810   27.653930103   11.165575006
   -0.856797996    2.094395102   12.137742274   43.712252146   12.368627664
   -0.666398442    2.094395102   21.548029113   53.721187655   13.576898006
   -0.475998887    2.094395102   32.109811387   55.693949693   14.984515920
   -0.285599332    2.094395102   42.263699510   49.603157482   16.464950539
   -0.095199777    2.094395102   50.599384512   36.929780895   17.606275553
    0.095199777    2.094395102   56.092701422   20.287736845   17.870424787
    0.285599332    2.094395102   58.317389432    3.277693365   16.782501419
    0.475998887    2.094395102   57.609265340   -9.787397899   14.093289866
    0.666398442    2.094395102   55.114277444  -14.967849527    9.924541765
    0.856797996    2.094395102   52.564003250  -10.334589940    4.814008974
    1.047197551    2.094395102   51.745105517    2.681578196   -0.432267952
    1.237597106    2.094395102   53.834023244   19.209755922   -5.009604554
    1.427996661    2.094395102   58.884842118   32.712171181   -8.417546275
    1.618396215    2.094395102   65.742770169   37.451843690  -10.627064211
    1.808795770    2.094395102   72.414988494   30.612687045  -12.011005580
    1.999195325    2.094395102   76.721090088   13.024441061  -13.094556980
    2.189594880    2.094395102   76.947036938  -11.381434900  -14.289737229
    2.379994435    2.094395102   72.313159358  -37.029827132  -15.725918819
    2.570393989    2.094395102   63.143714952  -58.091076199  -17.227432594
    2.760793544    2.094395102   50.784466331  -69.925152310  -18.432092333
    2.951193099    2.094395102   37.263301170  -70.139103850  -18.960965861

   -3.141592654    2.443460953   18.639666157  -58.520104861  -13.136546652
   -2.951193099    2.443460953    9.279238422  -39.133849522  -11.702584521
   -2.760793544    2.443460953    3.853282871  -18.221511495   -9.786794622
   -2.570393989    2.443460953    2.077548614   -1.613500014   -7.552184363
   -2.379994435    2.443460953    2.727604695    6.924016049   -5.040225945
   -2.189594880    2.443460953    4.176607848    7.021667746   -2.125583588
   -1.999195325    2.443460953    5.057418638    1.708337305    1.364214924
   -1.808795770    2.443460953    4.808549865   -3.945946874    5.437499131
   -1.618396215    2.443460953    3.860057471   -4.934068495    9.799346185
   -1.427996661    2.443460953    3.415921295    1.547468648   13.926021754
   -1.237597106    2.443460953    4.903614858   14.927854395   17.305251897
   -1.047197551    2.443460953    9.338775691   31.738772285   19.667862466
   -0.856797996    2.443460953   16.914569078   47.084246005   21.035647565
   -0.666398442    2.443460953   26.921302268   56.608655547   21.569353230
   -0.475998887    2.443460953   37.974639264   57.893156501   21.357804220
   -0.285599332    2.443460953   48.432025855   50.456361743   20.326251215
   -0.095199777    2.443460953   56.735336435   35.593977494   18.259408845
    0.095199777    2.443460953   61.709126853   16.083431288   14.951757038
    0.285599332    2.443460953   62.840043406   -3.996354064   10.364451517
    0.475998887    2.443460953   60.490095897  -19.616456088    4.743690994
    0.666398442    2.443460953   55.973737352  -26.095939758   -1.336610821
    0.856797996    2.443460953   51.315122781  -21.040912346   -7.058531165
    1.047197551    2.443460953   48.633755714   -5.932856675  -11.605769444
    1.237597106    2.443460953   49.369145552   13.701009403  -14.449011743
    1.427996661    2.443460953   53.674446460   30.308965801  -15.546159586
    1.618396215    2.443460953   60.303321024   37.249436648  -15.338894855
    1.808795770    2.443460953   67.041425855   31.293423024  -14.525588371
    1.999195325    2.443460953   71.465038498   13.435156924  -13.755652855
    2.189594880    2.443460953   71.689011173  -11.847737126  -13.406398376
    2.379994435    2.443460953   66.879640860  -38.343560822  -13.521738094
    2.570393989    2.443460953   57.416279621  -59.753783888  -13.876770280
    2.760793544    2.443460953   44.761972503  -71.245190681  -14.126721049
    2.951193099    2.443460953   31.070832582  -70.520503247  -13.945248289

   -3.141592654    2.792526803   15.233249459  -57.190528547    1.189764600
   -2.951193099    2.792526803    6.193595048  -37.116853279    3.292833213
   -2.760793544    2.792526803    1.213438805  -15.577523168    5.159093353
   -2.570393989    2.792526803    0.000000000    1.654569719    6.734354487
   -2.379994435    2.792526803    1.344776874   10.993837493    8.186871693
   -2.189594880    2.792526803    3.670101976   12.204756491    9.895009024
   -1.999195325    2.792526803    5.662946913    8.209222715   12.283450776
   -1.808795770    2.792526803    6.766341777    3.678439164   15.561531944
   -1.618396215    2.792526803    7.326684307    3.144615328   19.529129006
   -1.427996661    2.792526803    8.390584692    9.151104912   23.591667691
   -1.237597106    2.792526803   11.212899495   21.231827689   26.987479014
   -1.047197551    2.792526803   16.682615823   36.248084064   29.087783066
   -0.856797996    2.792526803   24.926961407   49.568228351   29.569427814
   -0.666398442    2.792526803   35.199654897   56.869206710   28.399367791
   -0.475998887    2.792526803   46.067156540   55.621490012   25.698660366
   -0.285599332    2.792526803   55.821164813   45.285876848   21.635954653
   -0.095199777    2.792526803   62.848993073   27.375090278   16.391419927
    0.095199777    2.792526803   65.988901056    5.144031234   10.221556590
    0.285599332    2.792526803   64.849042117  -16.704581353    3.520826259
    0.475998887    2.792526803   60.028635113  -32.574842820   -3.143529296
    0.666398442    2.792526803   53.162343084  -37.512415018   -9.076389540
    0.856797996    2.792526803   46.605130962  -29.338254199  -13.587120019
    1.047197551    2.792526803   42.716496229  -10.244026076  -16.204585264
    1.237597106    2.792526803   43.006186679   13.230551484  -16.855484089
    1.427996661    2.792526803   47.507534504   32.613498210  -15.901711754
    1.618396215    2.792526803   54.718563114   40.812582368  -13.995037122
    1.808795770    2.792526803   62.141643115   34.746466547  -11.801214791
    1.999195325    2.792526803   67.140981538   15.962475570   -9.761437535
    2.189594880    2.792526803   67.737506939  -10.439316746   -8.003054303
    2.379994435    2.792526803   63.107565238  -37.790934531   -6.417466438
    2.570393989    2.792526803   53.704087947  -59.597019663   -4.800184545
    2.760793544    2.792526803   41.080713786  -71.010881470   -2.996392862
    2.951193099    2.792526803   27.472649008  -69.837759083   -0.969378093
