#! FIELDS phi psi file.free der_phi der_psi
#! SET min_phi -pi
#! SET max_phi pi
#! SET nbins_phi  33
#! SET periodic_phi true
#! SET min_psi -pi
#! SET max_psi pi
#! SET nbins_psi  18
#! SET periodic_psi true
   -3.141592654   -3.141592654   18.552382406  -53.799384228   14.702640054
   -2.951193099   -3.141592654    9.952392685  -35.759525377   17.355133425
   -2.760793544   -3.141592654    5.111264004  -15.244030473   19.216369323
   -2.570393989   -3.141592654    3.959587436    2.198183036   20.290498782
   -2.379994435   -3.141592654    5.512230687   12.808887620   20.907051244
   -2.189594880   -3.141592654    8.354909379   15.906103829   21.623280470
   -1.999195325   -3.141592654   11.236638402   13.804302270   22.968520568
   -1.808795770   -3.141592654   13.534130674   10.466421039   25.130318328
   -1.618396215   -3.141592654   15.394783663    9.763026228   27.782790383
   -1.427996661   -3.141592654   17.564081067   13.875938025   30.167688455
   -1.237597106   -3.141592654   20.970960972   22.458326633   31.412637511
   -1.047197551   -3.141592654   26.247696648   32.918225031   30.909519534
   -0.856797996   -3.141592654   33.396262974   41.445404165   28.529600228
   -0.666398442   -3.141592654   41.703974824   44.539507391   24.596342072
   -0.475998887   -3.141592654   49.919035081   40.379838528   19.665954814
   -0.285599332   -3.141592654   56.632937695   28.949384674   14.280315478
   -0.095199777   -3.141592654   60.607719618   12.028908616    8.797917677
    0.095199777   -3.141592654   61.075924893   -7.246906905    3.396800126
    0.285599332   -3.141592654   57.977984513  -24.667932699   -1.830125522
    0.475998887   -3.141592654   52.120535566  -35.447644632   -6.714727728
    0.666398442   -3.141592654   45.174205780  -35.573638810  -10.919278846
    0.856797996   -3.141592654   39.350087375  -23.809789692  -13.977184575
    1.047197551   -3.141592654   36.703018031   -3.049103843  -15.473809528
    1.237597106   -3.141592654   38.346526250   19.957913499  -15.263079918
    1.427996661   -3.141592654   43.944311199   37.252128609  -13.562780218
    1.618396215   -3.141592654   51.791585477   42.938477402  -10.868604924
    1.808795770   -3.141592654   59.446309612   35.344947924   -7.730135143
    1.999195325   -3.141592654   64.556750069   16.884616692   -4.540813625
    2.189594880   -3.141592654   65.498215429   -7.517550649   -1.441116208
    2.379994435   -3.141592654   61.669943735  -32.309884407    1.624919576
    2.570393989   -3.141592654   53.496550282  -52.387533653    4.791758391
    2.760793544   -3.141592654   42.278224137  -63.756044771    8.119589291
    2.951193099   -3.141592654   29.923195004  -64.135551464   11.510672650

   -3.141592654   -2.792526803   25.557264309  -48.525961965   22.892482642
   -2.951193099   -2.792526803   17.785706521  -32.405645747   25.515350977
   -2.760793544   -2.792526803   13.389746711  -13.890199503   26.936127636
   -2.570393989   -2.792526803   12.342971687    2.082554850   27.334075728
   -2.379994435   -2.792526803   13.814439436   12.269853201   27.199890782
   -2.189594880   -2.792526803   16.610611454   16.142533467   27.159133794
   -1.999195325   -2.792526803   19.682966335   15.650846769   27.709613362
   -1.808795770   -2.792526803   22.494602051   13.945347608   28.964796866
   -1.618396215   -2.792526803   25.105942351   13.946269742   30.552504708
   -1.427996661   -2.792526803   28.015117137   17.179144123   31.721959437
   -1.237597106   -2.792526803   31.834146809   23.257744105   31.648309439
   -1.047197551   -2.792526803   36.934351833   30.176494558   29.785108434
   -0.856797996   -2.792526803   43.207171341   35.061735289   26.072094684
   -0.666398442   -2.792526803   50.006074311   35.263926651   20.914147930
   -0.475998887   -2.792526803   56.273158826   29.423616506   14.962139187
   -0.285599332   -2.792526803   60.838706081   17.529652508    8.843496550
   -0.095199777   -2.792526803   62.671187018    1.081311865    2.986039906
    0.095199777   -2.792526803   61.147841961  -17.141352531   -2.379934048
    0.285599332   -2.792526803   56.296689915  -33.128369113   -7.125066242
    0.475998887   -2.792526803   48.992671905  -42.110452090  -11.078924978
    0.666398442   -2.792526803   40.981111905  -40.022013959  -13.981240817
    0.856797996   -2.792526803   34.548849142  -25.691506017  -15.552349653
    1.047197551   -2.792526803   31.794114760   -2.307576160  -15.634138884
    1.237597106   -2.792526803   33.802066426   22.964967208  -14.310275652
    1.427996661   -2.792526803   40.134394116   41.842312744  -11.895723770
    1.618396215   -2.792526803   48.946788289   48.385483131   -8.804658177
    1.808795770   -2.792526803   57.678397672   41.159103859   -5.376578271
    1.999195325   -2.792526803   63.916697685   22.924043209   -1.772917960
    2.189594880   -2.792526803   66.036901705   -1.153348407    2.020550927
    2.379994435   -2.792526803   63.463260178  -25.483385172    6.082904491
    2.570393989   -2.792526803   56.631306964  -45.161456698   10.436495488
    2.760793544   -2.792526803   46.800924101  -56.498825422   14.932147607
    2.951193099   -2.792526803   35.781672209  -57.498036441   19.233925379

   -3.141592654   -2.443460953   33.638025487  -43.020849798   21.999867481
   -2.951193099   -2.443460953   26.712621061  -29.076879480   24.054690181
   -2.760793544   -2.443460953   22.742244434  -12.691571997   24.950527729
   -2.570393989   -2.443460953   21.767609392    1.787599684   24.918538085
   -2.379994435   -2.443460953   23.119290565   11.480231750   24.411880395
   -2.189594880   -2.443460953   25.796742047   15.818742135   23.920310368
   -1.999195325   -2.443460953   28.896862702   16.292906575   23.766772238
   -1.808795770   -2.443460953   31.910732081   15.329103530   23.953132699
   -1.618396215   -2.443460953   34.786350941   15.140133048   24.142550781
   -1.427996661   -2.443460953   37.801121033   16.877182114   23.776532615
   -1.237597106   -2.443460953   41.324952506   20.323431386   22.309507240
   -1.047197551   -2.443460953   45.569436209   24.125994159   19.453560542
   -0.856797996   -2.443460953   50.416107618   26.272601435   15.305216053
   -0.666398442   -2.443460953   55.359640053   24.787508208   10.297905760
   -0.475998887   -2.443460953   59.571038358   18.525672055    5.009571577
   -0.285599332   -2.443460953   62.107435513    7.260607235   -0.061071768
   -0.095199777   -2.443460953   62.096971928   -7.929547449   -4.621820974
    0.095199777   -2.443460953   58.999695645  -24.633425981   -8.559194363
    0.285599332   -2.443460953   52.875934923  -38.974274124  -11.833019086
    0.475998887   -2.443460953   44.628116440  -46.131645536  -14.348092669
    0.666398442   -2.443460953   36.043182023  -41.979298799  -15.927940244
    0.856797996   -2.443460953   29.446740290  -25.439577839  -16.391413675
    1.047197551   -2.443460953   26.940084151    0.008811716  -15.666371477
    1.237597106   -2.443460953   29.550756281   26.892412141  -13.871242185
    1.427996661   -2.443460953   36.736363944   46.784239738  -11.276769262
    1.618396215   -2.443460953   46.545239630   53.852844191   -8.188545203
    1.808795770   -2.443460953   56.349090472   46.944659482   -4.827848487
    1.999195325   -2.443460953   63.723763791   29.102972482   -1.279679528
    2.189594880   -2.443460953   67.074312363    5.615294029    2.481387080
    2.379994435   -2.443460953   65.856637656  -18.011229323    6.494461785
    2.570393989   -2.443460953   60.503439729  -37.164743204   10.721584820
    2.760793544   -2.443460953   52.206494402  -48.513936958   14.962953129
    2.951193099   -2.443460953   42.644533461  -50.340120727   18.864232549

   -3.141592654   -2.094395102   40.031440106  -38.953257854   14.683578003
   -2.951193099   -2.094395102   33.718381085  -26.736072024   15.681914633
   -2.760793544   -2.094395102   30.036368453  -11.949093390   15.920527275
   -2.570393989   -2.094395102   29.089036139    1.435126977   15.624500132
   -2.379994435   -2.094395102   30.320797758   10.671370518   15.077091638
   -2.189594880   -2.094395102   32.840152467   15.015166314   14.485052797
   -1.999195325   -2.094395102   35.795437252   15.542229599   13.893807512
   -1.808795770   -2.094395102   38.641119279   14.212947582   13.172043014
   -1.618396215   -2.094395102   41.212280540   12.928766515   12.077954520
   -1.427996661   -2.094395102   43.642151155   12.850034572   10.360614140
   -1.237597106   -2.094395102   46.194531788   14.147362923    7.879391227
   -1.047197551   -2.094395102   49.074720063   16.084622521    4.691755846
   -0.856797996   -2.094395102   52.277922118   17.240870570    1.059379778
   -0.666398442   -2.094395102   55.497776175   15.915340866   -2.639544984
   -0.475998887   -2.094395102   58.114147534   10.780855924   -6.054398605
   -0.285599332   -2.094395102   59.325018216    1.117003648   -8.992087236
   -0.095199777   -2.094395102   58.295742403  -12.522719038  -11.448484570
    0.095199777   -2.094395102   54.444128153  -28.024342222  -13.525623918
    0.285599332   -2.094395102   47.763318078  -41.454740577  -15.306475905
    0.475998887   -2.094395102   39.125141273  -47.719617878  -16.737927456
    0.666398442   -2.094395102   30.340867446  -42.428316835  -17.626877500
    0.856797996   -2.094395102   23.791385622  -24.445691438  -17.731718570
    1.047197551   -2.094395102   21.621117108    2.550930981  -16.885920789
    1.237597106   -2.094395102   24.851354582   30.807603959  -15.096851608
    1.427996661   -2.094395102   32.884893137   51.704027838  -12.538348182
    1.618396215   -2.094395102   43.694750639   59.386554748   -9.467227858
    1.808795770   -2.094395102   54.588769367   52.825841463   -6.130348654
    1.999195325   -2.094395102   63.107561621   35.229562868   -2.702638890
    2.189594880   -2.094395102   67.648720447   11.987780228    0.725028011
    2.379994435   -2.094395102   67.668377777  -11.399377093    4.099911391
    2.570393989   -2.094395102   63.585817494  -30.478341169    7.356143900
    2.760793544   -2.094395102   56.540821771  -42.138873488   10.350879868
    2.951193099   -2.094395102   48.120185672  -44.846758152   12.870046910

   -3.141592654   -1.745329252   43.156467447  -37.706133673    6.710491679
   -2.951193099   -1.745329252   36.984093882  -26.483373985    6.962624511
   -2.760793544   -1.745329252   33.274860329  -12.442476165    6.864315926
   -2.570393989   -1.745329252   32.186123901    0.480229890    6.522431925
   -2.379994435   -1.745329252   33.205266310    9.394633721    5.982459766
   -2.189594880   -1.745329252   35.444905936   13.319923294    5.180510200
   -1.999195325   -1.745329252   38.015978165   13.147443553    3.974171291
   -1.808795770   -1.745329252   40.313819847   10.811456596    2.224632393
   -1.618396215   -1.745329252   42.126364302    8.355691528   -0.109868045
   -1.427996661   -1.745329252   43.578820863    7.201219594   -2.929494376
   -1.237597106   -1.745329252   44.983310876    7.837831218   -5.999618869
   -1.047197551   -1.745329252   46.650381115    9.787248990   -8.998774221
   -0.856797996   -1.745329252   48.716731429   11.725004661  -11.594138076
   -0.666398442   -1.745329252   51.011917166   11.798295171  -13.531386678
   -0.475998887   -1.745329252   52.998361667    8.282189683  -14.713669706
   -0.285599332   -1.745329252   53.870826086   -0.013863275  -15.247747671
   -0.095199777   -1.745329252   52.711092001  -12.870860826  -15.408380525
    0.095199777   -1.745329252   48.816441984  -28.219119410  -15.525877275
    0.285599332   -1.745329252   42.080116795  -41.863058558  -15.840995024
    0.475998887   -1.745329252   33.344017802  -48.290495221  -16.371833956
    0.666398442   -1.745329252   24.467809707  -42.734103655  -16.899174987
    0.856797996   -1.745329252   17.931775338  -23.901596440  -17.061965926
    1.047197551   -1.745329252   15.983741882    4.394283702  -16.516201213
    1.237597106   -1.745329252   19.703840707   34.094573185  -15.093469512
    1.427996661   -1.745329252   28.489129764   56.251237746  -12.853246285
    1.618396215   -1.745329252   40.253017270   64.770014989  -10.037551852
    1.808795770   -1.745329252   52.212683549   58.549512813   -6.968849520
    1.999195325   -1.745329252   61.818922540   40.863663370   -3.946989726
    2.189594880   -1.745329252   67.401286963   17.245056779   -1.176986298
    2.379994435   -1.745329252   68.373625086   -6.671964735    1.234912561
    2.570393989   -1.745329252   65.131606893  -26.398905493    3.254414518
    2.760793544   -1.745329252   58.790499903  -38.855420287    4.859879292
    2.951193099   -1.745329252   50.906554352  -42.537959042    6.022186541

   -3.141592654   -1.396263402   42.476236903  -38.552957604    3.072285861
   -2.951193099   -1.396263402   36.147584758  -27.243764284    2.499709009
   -2.760793544   -1.396263402   32.316551241  -12.959545913    1.695359099
   -2.570393989   -1.396263402   31.147928735    0.113333781    0.753717588
   -2.379994435   -1.396263402   32.082897595    8.789090275   -0.350154320
   -2.189594880   -1.396263402   34.138661186   11.893936926   -1.780154253
   -1.999195325   -1.396263402   36.315685368   10.364342431   -3.747867755
   -1.808795770   -1.396263402   37.933525834    6.454558100   -6.365012071
   -1.618396215   -1.396263402   38.784367349    2.701785079   -9.522981778
   -1.427996661   -1.396263402   39.093915480    1.010153594  -12.879639808
   -1.237597106   -1.396263402   39.351764794    2.170737080  -15.955504516
   -1.047197551   -1.396263402   40.073789391    5.686772503  -18.279950228
   -0.856797996   -1.396263402   41.568667440    9.899900786  -19.525496991
   -0.666398442   -1.396263402   43.750968622   12.411973579  -19.591349064
   -0.475998887   -1.396263402   46.055901014   10.892069314  -18.622569459
   -0.285599332   -1.396263402   47.545819034    3.682806239  -16.981423085
   -0.095199777   -1.396263402   47.104968215   -9.203344780  -15.154157989
    0.095199777   -1.396263402   43.825190231  -25.567330880  -13.614373427
    0.285599332   -1.396263402   37.448685863  -40.772690473  -12.671227635
    0.475998887   -1.396263402   28.771829808  -48.690052621  -12.351392353
    0.666398442   -1.396263402   19.727663915  -43.953483694  -12.400108065
    0.856797996   -1.396263402   12.961118648  -24.929440482  -12.399320915
    1.047197551   -1.396263402   10.913453584    4.498276598  -11.947067639
    1.237597106   -1.396263402   14.808765319   35.859798650  -10.828060014
    1.427996661   -1.396263402   24.090044656   59.628346427   -9.067280656
    1.618396215   -1.396263402   36.609776374   69.200594851   -6.873614937
    1.808795770   -1.396263402   49.449548767   63.215911661   -4.532204581
    1.999195325   -1.396263402   59.903832178   44.989276106   -2.302359594
    2.189594880   -1.396263402   66.177733833   20.318776771   -0.358354466
    2.379994435   -1.396263402   67.619580492   -4.816476745    1.207133154
    2.570393989   -1.396263402   64.621270943  -25.657968549    2.352738424
    2.760793544   -1.396263402   58.334937702  -38.967843778    3.051263534
    2.951193099   -1.396263402   50.374394235  -43.189054265    3.286910443

   -3.141592654   -1.047197551   40.535717118  -41.480591956    2.640056784
   -2.951193099   -1.047197551   33.657232435  -30.016563108    1.405790356
   -2.760793544   -1.047197551   29.343598431  -15.222970755   -0.082745994
   -2.570393989   -1.047197551   27.796851303   -1.630444936   -1.713268522
   -2.379994435   -1.047197551   28.419344940    7.151085534   -3.512659133
   -2.189594880   -1.047197551   30.120553378    9.693781111   -5.666339395
   -1.999195325   -1.047197551   31.777626206    7.040250709   -8.393109852
   -1.808795770   -1.047197551   32.643681590    1.918051687  -11.744489727
   -1.618396215   -1.047197551   32.553598063   -2.504394319  -15.454818947
   -1.427996661   -1.047197551   31.887456028   -3.835755765  -18.961145861
   -1.237597106   -1.047197551   31.350037571   -1.156075385  -21.595910166
   -1.047197551   -1.047197551   31.655908828    4.747488837  -22.835685421
   -0.856797996   -1.047197551   33.227211362   11.631900660  -22.484161831
   -0.666398442   -1.047197551   35.969522895   16.444629391  -20.711786127
   -0.475998887   -1.047197551   39.192648787   16.314743356  -17.970121801
   -0.285599332   -1.047197551   41.754317487    9.308360388  -14.858107140
   -0.095199777   -1.047197551   42.311898279   -4.514153508  -11.949735124
    0.095199777   -1.047197551   39.770557877  -22.587354472   -9.657380134
    0.285599332   -1.047197551   33.779340762  -39.680139628   -8.126967590
    0.475998887   -1.047197551   25.162777456  -49.028544508   -7.217381065
    0.666398442   -1.047197551   15.988437537  -44.820439235   -6.595949105
    0.856797996   -1.047197551    9.087300660  -25.335079385   -5.908433759
    1.047197551   -1.047197551    7.065641410    5.240827475   -4.929609957
    1.237597106   -1.047197551   11.231485679   37.929420775   -3.638980741
    1.427996661   -1.047197551   21.012872627   62.718459049   -2.173467896
    1.618396215   -1.047197551   34.171800041   72.708163955   -0.714074409
    1.808795770   -1.047197551   47.667490273   66.491312327    0.604593072
    1.999195325   -1.047197551   58.681204727   47.518394531    1.722549377
    2.189594880   -1.047197551   65.340039672   21.796636915    2.632038959
    2.379994435   -1.047197551   66.952797371   -4.505710484    3.325985993
    2.570393989   -1.047197551   63.902865424  -26.495083021    3.756682645
    2.760793544   -1.047197551   57.357158056  -40.820349617    3.836749427
    2.951193099   -1.047197551   48.968038202  -45.791680112    3.475997113

   -3.141592654   -0.698131701   39.904559581  -44.827651045    2.190800738
   -2.951193099   -0.698131701   32.358194801  -33.621896335    0.060173957
   -2.760793544   -0.698131701   27.359067927  -18.780244835   -2.376170124
   -2.570393989   -0.698131701   25.146121089   -5.089266352   -4.895101634
   -2.379994435   -0.698131701   25.098105682    3.494119619   -7.436686132
   -2.189594880   -0.698131701   26.046133251    5.366338763  -10.141301794
   -1.999195325   -0.698131701   26.790352912    1.776203645  -13.196494836
   -1.808795770   -0.698131701   26.584699259   -3.963273846  -16.587009896
   -1.618396215   -0.698131701   25.389238559   -8.025361230  -19.929836655
   -1.427996661   -0.698131701   23.810347495   -7.683117341  -22.540916823
   -1.237597106   -0.698131701   22.790915994   -2.234157443  -23.723409546
   -1.047197551   -0.698131701   23.193638101    6.839944518  -23.094641640
   -0.856797996   -0.698131701   25.436767994   16.460345505  -20.764652447
   -0.666398442   -0.698131701   29.277195990   22.938917422  -17.273712363
   -0.475998887   -0.698131701   33.790153673   23.137411547  -13.356198762
   -0.285599332   -0.698131701   37.584279708   15.252958445   -9.686489280
   -0.095199777   -0.698131701   39.122423450   -0.253219384   -6.664832847
    0.095199777   -0.698131701   37.209583852  -20.237447344   -4.348633774
    0.285599332   -0.698131701   31.508870986  -38.872078298   -2.493636963
    0.475998887   -0.698131701   22.960875129  -48.962151374   -0.722773951
    0.666398442   -0.698131701   13.803410571  -44.580225921    1.246196645
    0.856797996   -0.698131701    7.023017245  -24.246393590    3.417573872
    1.047197551   -0.698131701    5.309549042    7.362806406    5.509601063
    1.237597106   -0.698131701    9.958426319   40.789137597    7.113425728
    1.427996661   -0.698131701   20.312091855   65.764609079    7.931614972
    1.618396215   -0.698131701   34.025819351   75.412319794    7.945234070
    1.808795770   -0.698131701   47.976330154   68.526493186    7.404577223
    1.999195325   -0.698131701   59.303970750   48.775775769    6.674882939
    2.189594880   -0.698131701   66.128667558   22.287508820    6.052096394
    2.379994435   -0.698131701   67.762976275   -4.773854643    5.636300634
    2.570393989   -0.698131701   64.586358597  -27.564004154    5.300197057
    2.760793544   -0.698131701   57.755913240  -42.745064718    4.775989160
    2.951193099   -0.698131701   48.921120470  -48.534310504    3.786805046

   -3.141592654   -0.349065850   40.413496143  -49.081742189    1.649785281
   -2.951193099   -0.349065850   31.971064273  -38.680048088   -0.907452250
   -2.760793544   -0.349065850   25.975635830  -24.091536182   -3.752471664
   -2.570393989   -0.349065850   22.759367735  -10.278615756   -6.631154688
   -2.379994435   -0.349065850   21.736607977   -1.586274868   -9.450518322
   -2.189594880   -0.349065850   21.706569167    0.129036220  -12.305812355
   -1.999195325   -0.349065850   21.426835428   -3.716882193  -15.308677239
   -1.808795770   -0.349065850   20.184153567   -9.222297422  -18.327430365
   -1.618396215   -0.349065850   18.094399148  -11.936580988  -20.854420360
   -1.427996661   -0.349065850   16.003679970   -8.952523993  -22.146810762
   -1.237597106   -0.349065850   15.063358177   -0.072948018  -21.597547944
   -1.047197551   -0.349065850   16.197005182   12.234622048  -19.093039800
   -0.856797996   -0.349065850   19.688510058   23.923994677  -15.127018718
   -0.666398442   -0.349065850   25.016279694   30.818969879  -10.591674440
   -0.475998887   -0.349065850   30.945886830   29.918595400   -6.389540259
   -0.285599332   -0.349065850   35.852816087   20.083663760   -3.096921097
   -0.095199777   -0.349065850   38.119026065    2.628152438   -0.774445183
    0.095199777   -0.349065850   36.625650604  -18.542942463    0.969901345
    0.285599332   -0.349065850   31.224408926  -37.228564131    2.761679653
    0.475998887   -0.349065850   23.065392216  -46.401942413    5.127599195
    0.666398442   -0.349065850   14.515680472  -40.789961754    8.197012591
    0.856797996   -0.349065850    8.542081702  -19.726042869   11.573860911
    1.047197551   -0.349065850    7.677759636   11.553603490   14.498547808
    1.237597106   -0.349065850   13.006983860   43.592181152   16.213545483
    1.427996661   -0.349065850   23.715361766   66.659487714   16.332728284
    1.618396215   -0.349065850   37.429328531   74.611596427   15.012625728
    1.808795770   -0.349065850   51.121946437   66.762581620   12.836831551
    1.999195325   -0.349065850   62.088443172   46.868405377   10.510026973
    2.189594880   -0.349065850   68.580124318   20.746337764    8.556970379
    2.379994435   -0.349065850   69.959948320   -5.950656207    7.155375858
    2.570393989   -0.349065850   66.561622237  -28.810917240    6.126918596
    2.760793544   -0.349065850   59.437820353  -44.679298864    5.093075316
    2.951193099   -0.349065850   50.130909757  -51.606493115    3.668537049

   -3.141592654    0.000000000   41.163846730  -52.951000902    1.102008749
   -2.951193099    0.000000000   31.897899645  -43.372451140   -1.178948891
   -2.760793544    0.000000000   24.966125883  -29.144694892   -3.665941237
   -2.570393989    0.000000000   20.782866935  -15.339303472   -6.161873646
   -2.379994435    0.000000000   18.802238995   -6.597089770   -8.597502677
   -2.189594880    0.000000000   17.814393974   -4.930564728  -11.037370686
   -1.999195325    0.000000000   16.573220495   -8.689911666  -13.518668986
   -1.808795770    0.000000000   14.443327296  -13.397348628  -15.827788230
   -1.618396215    0.000000000   11.728305577  -14.108591660  -17.425024594
   -1.427996661    0.000000000    9.509717854   -7.976889487  -17.631520690
   -1.237597106    0.000000000    9.092352575    4.413467134  -16.011954163
   -1.047197551    0.000000000   11.361162535   19.446512861  -12.694070866
   -0.856797996    0.000000000   16.355590322   32.177787620   -8.392090834
   -0.666398442    0.000000000   23.203796537   38.260254904   -4.096564048
   -0.475998887    0.000000000   30.366143330   35.286610238   -0.621363726
   -0.285599332    0.000000000   36.073339954   23.175533856    1.723631908
   -0.095199777    0.000000000   38.769984461    4.256814944    3.235781433
    0.095199777    0.000000000   37.559118467  -16.950025910    4.626750642
    0.285599332    0.000000000   32.571793120  -34.284100607    6.680036285
    0.475998887    0.000000000   25.163932467  -41.432846874    9.848941979
    0.666398442    0.000000000   17.727744858  -34.250798556   13.977484677
    0.856797996    0.000000000   13.039816567  -13.083716204   18.275905870
    1.047197551    0.000000000   13.303458967   16.455951033   21.632747078
    1.237597106    0.000000000   19.284685712   45.391332024   23.113174064
    1.427996661    0.000000000   30.008851729   65.086606798   22.373214362
    1.618396215    0.000000000   43.163578735   70.533054705   19.778918565
    1.808795770    0.000000000   55.957383654   61.663413470   16.188089179
    1.999195325    0.000000000   65.970902917   42.154269099   12.541435851
    2.189594880    0.000000000   71.670848855   17.217680510    9.506345486
    2.379994435    0.000000000   72.498647856   -8.282254154    7.310809021
    2.570393989    0.000000000   68.726860068  -30.531375155    5.766201057
    2.760793544    0.000000000   61.267812303  -46.614724569    4.463166454
    2.951193099    0.000000000   51.517183448  -54.403392007    2.986029274

   -3.141592654    0.349065850   42.437606181  -55.663822908    0.458979194
   -2.951193099    0.349065850   32.577435537  -46.836906165   -0.929228751
   -2.760793544    0.349065850   24.938743752  -33.029636135   -2.387521647
   -2.570393989    0.349065850   20.001219498  -19.330224163   -3.870016105
   -2.379994435    0.349065850   17.261268088  -10.572908494   -5.397698311
   -2.189594880    0.349065850   15.518708963   -8.872440566   -7.030921829
   -1.999195325    0.349065850   13.544348198  -12.376252852   -8.747433175
   -1.808795770    0.349065850   10.786663458  -16.153596460  -10.300287182
   -1.618396215    0.349065850    7.714495224  -14.930953808  -11.212760183
   -1.427996661    0.349065850    5.592349079   -6.058125833  -10.967711934
   -1.237597106    0.349065850    5.809171971    9.067345696   -9.318828726
   -1.047197551    0.349065850    9.150276290   25.807087545   -6.506422966
   -0.856797996    0.349065850   15.387861505   38.584714237   -3.199722602
   -0.666398442    0.349065850   23.334676026   43.200654231   -0.174307425
   -0.475998887    0.349065850   31.237053168   38.094939217    2.079568433
   -0.285599332    0.349065850   37.305174602   24.321013761    3.581210186
   -0.095199777    0.349065850   40.164868453    5.093336969    4.843685919
    0.095199777    0.349065850   39.216072419  -14.772980956    6.603296891
    0.285599332    0.349065850   34.872969457  -29.570610781    9.460176906
    0.475998887    0.349065850   28.623268946  -34.074275746   13.539448094
    0.666398442    0.349065850   22.753767266  -25.469634503   18.333911187
    0.856797996    0.349065850   19.706210068   -5.052883453   22.811615252
    1.047197551    0.349065850   21.245630756   21.494996027   25.803070046
    1.237597106    0.349065850   27.783125482   46.087759970   26.492388569
    1.427996661    0.349065850   38.221125357   61.527359891   24.748549882
    1.618396215    0.349065850   50.394590987   64.095705400   21.142863359
    1.808795770    0.349065850   61.843716518   54.309105016   16.661693661
    1.999195325    0.349065850   70.512361814   35.616185075   12.289086278
    2.189594880    0.349065850   75.128451923   12.458618709    8.681601886
    2.379994435    0.349065850   75.230218638  -11.213825383    6.055879213
    2.570393989    0.349065850   71.028545994  -32.256606720    4.249056242
    2.760793544    0.349065850   63.284143074  -48.036874986    2.918880877
    2.951193099    0.349065850   53.227436356  -56.286352515    1.723886798

   -3.141592654    0.698131701   43.677999854  -56.525204381   -1.192617094
   -2.951193099    0.698131701   33.623256022  -48.015055369   -1.445065766
   -2.760793544    0.698131701   25.724439896  -34.573559270   -1.534310304
   -2.570393989    0.698131701   20.456577710  -21.250498648   -1.608204890
   -2.379994435    0.698131701   17.314017103  -12.875635592   -1.825516131
   -2.189594880    0.698131701   15.100657840  -11.490401377   -2.299680943
   -1.999195325    0.698131701   12.617994314  -15.023329943   -3.028573615
   -1.808795770    0.698131701    9.397713066  -18.246683594   -3.839699612
   -1.618396215    0.698131701    6.037949216  -15.742516934   -4.422581933
   -1.427996661    0.698131701    3.926840814   -5.091114738   -4.457205938
   -1.237597106    0.698131701    4.493915440   11.696892802   -3.789798619
   -1.047197551    0.698131701    8.436586759   29.318458620   -2.536616296
   -0.856797996    0.698131701   15.341098643   41.905072558   -1.019246171
   -0.666398442    0.698131701   23.834712885   45.553992219    0.442815149
   -0.475998887    0.698131701   32.084351094   39.452199408    1.752697423
   -0.285599332    0.698131701   38.373328113   25.469075939    3.125326244
   -0.095199777    0.698131701   41.528791352    7.266721953    5.009931527
    0.095199777    0.698131701   41.183462189  -10.464740086    7.851015814
    0.285599332    0.698131701   37.903123299  -22.732377583   11.825009273
    0.475998887    0.698131701   33.151302774  -25.383799204   16.639056847
    0.666398442    0.698131701   28.985311965  -16.618110676   21.515539418
    0.856797996    0.698131701   27.468257584    1.804840879   25.398293520
    1.047197551    0.698131701   29.975287255   24.576125410   27.332295177
    1.237597106    0.698131701   36.672896951   44.689020728   26.844407173
    1.427996661    0.698131701   46.457323795   56.269516921   24.112012405
    1.618396215    0.698131701   57.385178159   56.586115940   19.854265231
    1.808795770    0.698131701   67.340783164   46.429201743   15.016038700
    1.999195325    0.698131701   74.597513333   28.851780053   10.429567731
    2.189594880    0.698131701   78.096712715    7.549469740    6.601352295
    2.379994435    0.698131701   77.445241519  -14.271556872    3.697506100
    2.570393989    0.698131701   72.802648798  -33.931082419    1.634047568
    2.760793544    0.698131701   64.820769490  -48.957790625    0.235682722
    2.951193099    0.698131701   54.614636107  -56.996841948   -0.666983878

   -3.141592654    1.047197551   42.352176904  -56.998334207   -5.721530182
   -2.951193099    1.047197551   32.282976004  -47.706452125   -5.154162738
   -2.760793544    1.047197551   24.497563369  -33.736714969   -4.144429933
   -2.570393989    1.047197551   19.410771746  -20.245512673   -2.976383545
   -2.379994435    1.047197551   16.445554837  -12.067041508   -1.909574570
   -2.189594880    1.047197551   14.346591242  -11.121617322   -1.111537312
   -1.999195325    1.047197551   11.887754570  -15.127335757   -0.647499363
   -1.808795770    1.047197551    8.615866938  -18.640273884   -0.496405722
   -1.618396215    1.047197551    5.177785566  -16.120272490   -0.582685137
   -1.427996661    1.047197551    3.019003055   -5.183639172   -0.795894717
   -1.237597106    1.047197551    3.605036755   11.977609692   -1.007450037
   -1.047197551    1.047197551    7.631328191   29.884794217   -1.089219857
   -0.856797996    1.047197551   14.661583347   42.647048214   -0.910920225
   -0.666398442    1.047197551   23.318262017   46.564735251   -0.325123008
   -0.475998887    1.047197551   31.817769849   41.161021424    0.855500059
   -0.285599332    1.047197551   38.551170458   28.549429973    2.850772424
   -0.095199777    1.047197551   42.474949766   12.335013922    5.851390232
    0.095199777    1.047197551   43.303415130   -3.225765421    9.887959206
    0.285599332    1.047197551   41.570464312  -13.880180946   14.699952631
    0.475998887    1.047197551   38.556448811  -16.262214415   19.660710879
    0.666398442    1.047197551   36.008703010   -9.059552706   23.868584014
    0.856797996    1.047197551   35.641398892    6.078045652   26.408234009
    1.047197551    1.047197551   38.565112382   24.609319724   26.676133917
    1.237597106    1.047197551   44.868941855   40.643410327   24.621699609
    1.427996661    1.047197551   53.580200171   49.294539253   20.744815282
    1.618396215    1.047197551   63.029217081   48.298370526   15.870144044
    1.808795770    1.047197551   71.401724702   38.293284120   10.826921450
    1.999195325    1.047197551   77.202360981   21.786771865    6.213532295
    2.189594880    1.047197551   79.488193281    1.883367791    2.316938469
    2.379994435    1.047197551   77.886517766  -18.621118092   -0.797251080
    2.570393989    1.047197551   72.524662630  -37.169567308   -3.157994247
    2.760793544    1.047197551   64.018616868  -51.235784025   -4.775802117
    2.951193099    1.047197551   53.464444408  -58.359839490   -5.630789982

   -3.141592654    1.396263402   37.594761754  -57.002755927  -11.063438491
   -2.951193099    1.396263402   27.718587672  -45.721914485  -10.280838896
   -2.760793544    1.396263402   20.459501309  -30.307274792   -8.804136107
   -2.570393989    1.396263402   16.102083368  -16.147569043   -6.963090579
   -2.379994435    1.396263402   13.919657333   -8.051310105   -5.045482835
   -2.189594880    1.396263402   12.530938747   -7.753522456   -3.220541204
   -1.999195325    1.396263402   10.622298986  -12.760614499   -1.578815560
   -1.808795770    1.396263402    7.689684290  -17.464324532   -0.214311851
   -1.618396215    1.396263402    4.358982319  -16.160680871    0.737297465
   -1.427996661    1.396263402    2.090787490   -6.241840017    1.169837702
   -1.237597106    1.396263402    2.414681344   10.370539295    1.125701430
   -1.047197551    1.396263402    6.139228570   28.441285208    0.851136753
   -0.856797996    1.396263402   12.974851718   42.169972729    0.747285619
   -0.666398442    1.396263402   21.690992348   47.760411391    1.230142037
   -0.475998887    1.396263402   30.617731627   44.503068870    2.605763615
   -0.285599332    1.396263402   38.204932731   34.165546975    5.010684171
   -0.095199777    1.396263402   43.394922784   19.928823983    8.382170582
    0.095199777    1.396263402   45.799034703    5.559310565   12.432131269
    0.285599332    1.396263402   45.754360956   -5.179173436   16.633231241
    0.475998887    1.396263402   44.266151533   -9.204264823   20.250651320
    0.666398442    1.396263402   42.788704213   -5.068646208   22.507855541
    0.856797996    1.396263402   42.818094082    6.197263427   22.851479407
    1.047197551    1.396263402   45.399418010   20.996974573   21.162969490
    1.237597106    1.396263402   50.734092294   34.290224169   17.818105246
    1.427996661    1.396263402   58.084512816   41.582919178   13.514160845
    1.618396215    1.396263402   66.036467305   40.442395272    8.975172388
    1.808795770    1.396263402   72.958436972   30.975408510    4.702103769
    1.999195325    1.396263402   77.431518915   15.142590228    0.900735692
    2.189594880    1.396263402   78.505493609   -4.228382257   -2.442193808
    2.379994435    1.396263402   75.781876966  -24.286579110   -5.383647961
    2.570393989    1.396263402   69.397861005  -42.175868509   -7.893947992
    2.760793544    1.396263402   60.039331901  -55.076413700   -9.813188025
    2.951193099    1.396263402   48.910113714  -60.452998986  -10.921288039

   -3.141592654    1.745329252   31.495071222  -56.904141196  -16.436643637
   -2.951193099    1.745329252   21.845304272  -43.514024204  -15.859286801
   -2.760793544    1.745329252   15.159867215  -26.619945913  -14.253786585
   -2.570393989    1.745329252   11.583068810  -11.762203725  -11.918751214
   -2.379994435    1.745329252   10.249567753   -3.604724749   -9.149638321
   -2.189594880    1.745329252    9.679289853   -3.660843913   -6.135143365
   -1.999195325    1.745329252    8.491014803   -9.342514477   -3.007163112
   -1.808795770    1.745329252    6.116898351  -15.082259981    0.041585235
   -1.618396215    1.745329252    3.115261143  -15.126063601    2.696776005
   -1.427996661    1.745329252    0.913407405   -6.541819095    4.627325378
   -1.237597106    1.745329252    1.093769284    9.288237617    5.688261507
   -1.047197551    1.745329252    4.617774315   27.598835777    6.049536907
   -0.856797996    1.745329252   11.405783104   42.669123133    6.155622175
   -0.666398442    1.745329252   20.409401042   50.348710820    6.520698605
   -0.475998887    1.745329252   30.045849339   49.343246013    7.511031701
   -0.285599332    1.745329252   38.738210736   40.819300933    9.240163586
   -0.095199777    1.745329252   45.299822494   27.497752767   11.541251635
    0.095199777    1.745329252   49.138083316   12.834170820   14.009070434
    0.285599332    1.745329252   50.343542754    0.448572872   16.074880031
    0.475998887    1.745329252   49.672860711   -6.415701682   17.119541719
    0.666398442    1.745329252   48.398580692   -5.751302465   16.676246340
    0.856797996    1.745329252   47.976462844    2.255172756   14.645434495
    1.047197551    1.745329252   49.574851103   14.834770179   11.362332946
    1.237597106    1.745329252   53.638302914   27.329907085    7.482499184
    1.427996661    1.745329252   59.686396609   35.008693262    3.695214519
    1.618396215    1.745329252   66.470710598   34.766851567    0.432702631
    1.808795770    1.745329252   72.387437710   26.019083857   -2.252958305
    1.999195325    1.745329252   75.943135541   10.365936946   -4.595726904
    2.189594880    1.745329252   76.086488626   -9.267725081   -6.911441233
    2.379994435    1.745329252   72.372370306  -29.604150211   -9.378359381
    2.570393989    1.745329252   64.985523240  -47.269883792  -11.920384972
    2.760793544    1.745329252   54.742899125  -59.112052473  -14.221349021
    2.951193099    1.745329252   43.010275338  -62.622900642  -15.848808391

   -3.141592654    2.094395102   24.811798590  -57.714664103  -17.835243188
   -2.951193099    2.094395102   15.220198274  -42.124520429  -17.214604850
   -2.760793544    2.094395102    8.984336403  -23.381786338  -15.496770116
   -2.570393989    2.094395102    6.155421518   -7.244981097  -12.972083570
   -2.379994435    2.094395102    5.765356931    1.727832853   -9.916592688
   -2.189594880    2.094395102    6.265434276    2.209414606   -6.471304491
   -1.999195325    2.094395102    6.225997582   -3.207563808   -2.702253338
   -1.808795770    2.094395102    5.007308219   -9.192723313    1.236347602
   -1.618396215    2.094395102    3.047816576  -10.194740598    4.994514903
   -1.427996661    2.094395102    1.645687230   -3.135907368    8.115968586
   -1.237597106    2.094395102    2.322772330   11.143866915   10.269633796
   -1.047197551    2.094395102    6.098900708   28.530195809   11.435331220
   -0.856797996    2.094395102   13.052803392   43.633773561   11.908283224
   -0.666398442    2.094395102   22.310328299   52.130517974   12.111791685
   -0.475998887    2.094395102   32.390482006   52.212484880   12.367232021
   -0.285599332    2.094395102   41.708528876   44.414989467   12.776343595
   -0.095199777    2.094395102   48.960019679   30.974148987   13.185274442
    0.095199777    2.094395102   53.362153132   15.087879357   13.252091090
    0.285599332    2.094395102   54.794650896    0.417135849   12.561572324
    0.475998887    2.094395102   53.845907561   -9.361669785   10.775125459
    0.666398442    2.094395102   51.737384006  -11.452085954    7.824549245
    0.856797996    2.094395102   50.041716417   -5.176917273    4.039089740
    1.047197551    2.094395102   50.184356106    7.254315958    0.069063230
    1.237597106    2.094395102   52.912046580   21.081179178   -3.359430019
    1.427996661    2.094395102   57.963905269   30.834126623   -5.767778607
    1.618396215    2.094395102   64.139624338   32.434884519   -7.133487950
    1.808795770    2.094395102   69.715172113   24.580255787   -7.855095263
    1.999195325    2.094395102   72.990725569    8.693169155   -8.514365054
    2.189594880    2.094395102   72.725930459  -11.958327237   -9.600525612
    2.379994435    2.094395102   68.384831384  -33.457319812  -11.307480658
    2.570393989    2.094395102   60.189787929  -51.771467322  -13.468167803
    2.760793544    2.094395102   49.102028153  -63.303890205  -15.635106628
    2.951193099    2.094395102   36.682492390  -65.474700233  -17.246274447

   -3.141592654    2.443460953   18.930291397  -58.186276741  -12.218247791
   -2.951193099    2.443460953    9.439158779  -40.627455893  -11.186449831
   -2.760793544    2.443460953    3.657065910  -20.194511659   -9.346742315
   -2.570393989    2.443460953    1.560183844   -2.821489321   -6.933703142
   -2.379994435    2.443460953    2.103254124    7.072270622   -4.116478742
   -2.189594880    2.443460953    3.700370836    8.381940597   -0.896861088
   -1.999195325    2.443460953    4.910742310    3.716661353    2.801732792
   -1.808795770    2.443460953    5.056061249   -1.888498835    6.921628322
   -1.618396215    2.443460953    4.467142500   -3.250755757   11.116092437
   -1.427996661    2.443460953    4.285200901    2.609537442   14.810858696
   -1.237597106    2.443460953    5.897497091   15.174150878   17.456874869
   -1.047197551    2.443460953   10.277057121   30.884128006   18.787983879
   -0.856797996    2.443460953   17.554828849   44.770275143   18.903523951
   -0.666398442    2.443460953   26.956146825   52.561319046   18.137126708
   -0.475998887    2.443460953   37.075367949   52.203146467   16.825688081
   -0.285599332    2.443460953   46.342053835   43.831249672   15.157889083
   -0.095199777    2.443460953   53.394353291   29.370030021   13.103232269
    0.095199777    2.443460953   57.348820117   11.898586547   10.484332276
    0.285599332    2.443460953   57.988593578   -4.767434592    7.107760883
    0.475998887    2.443460953   55.864383792  -16.464166386    2.935311622
    0.666398442    2.443460953   52.275251953  -19.701669012   -1.761476024
    0.856797996    2.443460953   49.003076759  -13.219540299   -6.370751046
    1.047197551    2.443460953   47.754433431    0.913481648  -10.123796538
    1.237597106    2.443460953   49.521436055   17.430566011  -12.403416252
    1.427996661    2.443460953   54.144297112   29.901831191  -13.028489193
    1.618396215    2.443460953   60.334416459   33.311653223  -12.344865987
    1.808795770    2.443460953   66.139351796   25.881180169  -11.054222560
    1.999195325    2.443460953   69.598615741    9.156184658   -9.903360843
    2.189594880    2.443460953   69.280297906  -13.034415025   -9.408124528
    2.379994435    2.443460953   64.583149475  -36.052641823   -9.718257808
    2.570393989    2.443460953   55.795737580  -55.252213121  -10.619912714
    2.760793544    2.443460953   44.038334381  -66.678187900  -11.663141444
    2.951193099    2.443460953   31.067358801  -67.737346135  -12.330022174

   -3.141592654    2.792526803   15.992027471  -57.291343398    0.545607983
   -2.951193099    2.792526803    6.780019361  -38.625105271    2.512136460
   -2.760793544    2.792526803    1.470785511  -17.279998001    4.522131693
   -2.570393989    2.792526803    0.000000000    0.817867743    6.421626997
   -2.379994435    2.792526803    1.305688921   11.465839551    8.258142830
   -2.189594880    2.792526803    3.828040823   13.743913373   10.302437434
   -1.999195325    2.792526803    6.163566957   10.162316797   12.886312954
   -1.808795770    2.792526803    7.618474223    5.320868448   16.127971111
   -1.618396215    2.792526803    8.412307879    3.891785502   19.740482326
   -1.427996661    2.792526803    9.499328226    8.623431173   23.071784318
   -1.237597106    2.792526803   12.078748983   19.219011247   25.374422568
   -1.047197551    2.792526803   17.011666986   32.644864840   26.133094126
   -0.856797996    2.792526803   24.418559953   44.420696510   25.240309786
   -0.666398442    2.792526803   33.582689017   50.472936091   22.947887721
   -0.475998887    2.792526803   43.163147874   48.666913264   19.660159965
   -0.285599332    2.792526803   51.625186931   38.908506792   15.740252453
   -0.095199777    2.792526803   57.602462189   22.985690357   11.387357775
    0.095199777    2.792526803   60.198224727    4.022536858    6.667891602
    0.285599332    2.792526803   59.213737008  -13.881393126    1.619855513
    0.475998887    2.792526803   55.290173596  -26.090275279   -3.592216644
    0.666398442    2.792526803   49.910273754  -28.646321844   -8.568412315
    0.856797996    2.792526803   45.108254523  -20.111786075  -12.697371464
    1.047197551    2.792526803   42.831210109   -2.864190809  -15.357936707
    1.237597106    2.792526803   44.204271051   17.047100921  -16.192472946
    1.427996661    2.792526803   49.031310388   32.258663844  -15.293745654
    1.618396215    2.792526803   55.828950422   37.097535409  -13.185320993
    1.808795770    2.792526803   62.375245082   29.670931162  -10.590585277
    1.999195325    2.792526803   66.467796963   11.901200435   -8.144583801
    2.189594880    2.792526803   66.532334468  -11.773516115   -6.195211215
    2.379994435    2.792526803   61.942241602  -36.114998231   -4.770581576
    2.570393989    2.792526803   53.060067044  -56.069379814   -3.653673122
    2.760793544    2.792526803   41.134639771  -67.504377422   -2.538670449
    2.951193099    2.792526803   28.060915482  -67.898113849   -1.171185066
