#! FIELDS phi psi file.free der_phi der_psi
#! SET min_phi -pi
#! SET max_phi pi
#! SET nbins_phi  33
#! SET periodic_phi true
#! SET min_psi -pi
#! SET max_psi pi
#! SET nbins_psi  18
#! SET periodic_psi true
   -3.141592654   -3.141592654   18.287613801  -53.755384037   16.763536379
   -2.951193099   -3.141592654    9.786895908  -34.884352450   19.393179402
   -2.760793544   -3.141592654    5.134506478  -14.300495171   21.034684667
   -2.570393989   -3.141592654    4.110342154    2.473432911   21.775227548
   -2.379994435   -3.141592654    5.620582434   12.051790913   22.043721750
   -2.189594880   -3.141592654    8.230716929   14.271489966   22.492292003
   -1.999195325   -3.141592654   10.763222197   11.881182043   23.736730641
   -1.808795770   -3.141592654   12.731041271    9.050964575   26.035570776
   -1.618396215   -3.141592654   14.432734810    9.608506184   29.098721881
   -1.427996661   -3.141592654   16.735697353   15.471179856   32.139744373
   -1.237597106   -3.141592654   20.626660765   25.908615955   34.179528842
   -1.047197551   -3.141592654   26.718495590   37.929686046   34.441215384
   -0.856797996   -3.141592654   34.921909392   47.367295975   32.608547478
   -0.666398442   -3.141592654   44.376002814   50.483052790   28.850942375
   -0.475998887   -3.141592654   53.647983285   45.364965812   23.648929394
   -0.285599332   -3.141592654   61.146544296   32.058731186   17.569131744
   -0.095199777   -3.141592654   65.479848623   12.582596204   11.100158735
    0.095199777   -3.141592654   65.786428777   -9.518928609    4.632608114
    0.285599332   -3.141592654   62.003939006  -29.518335306   -1.497897467
    0.475998887   -3.141592654   55.038046617  -42.085215367   -6.924011123
    0.666398442   -3.141592654   46.753431775  -42.786523710  -11.226702795
    0.856797996   -3.141592654   39.614036923  -30.201950753  -14.007454891
    1.047197551   -3.141592654   35.930398706   -7.389771081  -15.042378966
    1.237597106   -3.141592654   37.007026290   18.388617363  -14.414809066
    1.427996661   -3.141592654   42.575560756   38.429095588  -12.511695669
    1.618396215   -3.141592654   50.850409664   46.051180914   -9.871970742
    1.808795770   -3.141592654   59.178066766   39.044516325   -6.957021593
    1.999195325   -3.141592654   64.935562305   19.764955720   -3.995376735
    2.189594880   -3.141592654   66.267611536   -6.394254737   -0.969046814
    2.379994435   -3.141592654   62.470715836  -33.052229585    2.259471466
    2.570393989   -3.141592654   54.029277204  -54.303871242    5.795781312
    2.760793544   -3.141592654   42.422296848  -65.746332614    9.580810886
    2.951193099   -3.141592654   29.760060715  -65.271166131   13.364341912

   -3.141592654   -2.792526803   26.033122288  -48.904874720   25.388112221
   -2.951193099   -2.792526803   18.250916588  -32.235084921   27.830859351
   -2.760793544   -2.792526803   13.896422227  -13.756883249   28.945315543
   -2.570393989   -2.792526803   12.826845014    1.617110184   29.004655319
   -2.379994435   -2.792526803   14.133102792   10.985823864   28.589839287
   -2.189594880   -2.792526803   16.626728118   14.319656484   28.401537929
   -1.999195325   -2.792526803   19.355468478   13.991599138   28.999236252
   -1.808795770   -2.792526803   21.936961087   13.316867971   30.535083890
   -1.618396215   -2.792526803   24.587102883   15.064006785   32.629372885
   -1.427996661   -2.792526803   27.903738953   20.333019203   34.449585935
   -1.237597106   -2.792526803   32.503917721   28.205948516   35.015851568
   -1.047197551   -2.792526803   38.666083878   36.218590730   33.591157798
   -0.856797996   -2.792526803   46.117608331   41.210072863   29.951870760
   -0.666398442   -2.792526803   54.015274322   40.474221172   24.424361463
   -0.475998887   -2.792526803   61.112796937   32.796156154   17.695965417
   -0.285599332   -2.792526803   66.095333597   18.457700498   10.537386303
   -0.095199777   -2.792526803   67.853598684   -0.641911927    3.595739776
    0.095199777   -2.792526803   65.767654534  -21.265715592   -2.654829639
    0.285599332   -2.792526803   59.954525576  -38.986419047   -7.881546220
    0.475998887   -2.792526803   51.447682574  -48.727957541  -11.813300917
    0.666398442   -2.792526803   42.192586754  -46.305621145  -14.236051983
    0.856797996   -2.792526803   34.679684111  -30.626771402  -15.052057249
    1.047197551   -2.792526803   31.176270658   -5.161097821  -14.358083365
    1.237597106   -2.792526803   32.868134853   22.491434301  -12.468324697
    1.427996661   -2.792526803   39.324730930   43.529075982   -9.818321600
    1.618396215   -2.792526803   48.610133654   51.501198848   -6.799095273
    1.808795770   -2.792526803   57.987771402   44.629613513   -3.609150487
    1.999195325   -2.792526803   64.832836707   25.657171670   -0.225288681
    2.189594880   -2.792526803   67.340552869    0.101966641    3.511539051
    2.379994435   -2.792526803   64.851089487  -25.823028223    7.728580045
    2.570393989   -2.792526803   57.839810805  -46.591885310   12.387083670
    2.760793544   -2.792526803   47.701236154  -58.172297607   17.206761655
    2.951193099   -2.792526803   36.403552533  -58.669663536   21.716710266

   -3.141592654   -2.443460953   34.738980000  -43.697522006   23.118708663
   -2.951193099   -2.443460953   27.728450654  -29.368200990   25.067547134
   -2.760793544   -2.443460953   23.706702388  -13.046834327   25.830613480
   -2.570393989   -2.443460953   22.624095528    0.936475246   25.686768834
   -2.379994435   -2.443460953   23.754931690   10.012408284   25.126815592
   -2.189594880   -2.443460953   26.120264970   14.091761056   24.670292743
   -1.999195325   -2.443460953   28.926352089   15.064790623   24.667076581
   -1.808795770   -2.443460953   31.824811477   15.468248460   25.130695772
   -1.618396215   -2.443460953   34.909729732   17.251542588   25.698122298
   -1.427996661   -2.443460953   38.523969981   21.004027648   25.722735856
   -1.237597106   -2.443460953   42.985581434   25.887908572   24.519685923
   -1.047197551   -2.443460953   48.349642188   30.115397188   21.655546862
   -0.856797996   -2.443460953   54.287131710   31.542207383   17.136711146
   -0.666398442   -2.443460953   60.087542995   28.369100275   11.409520100
   -0.475998887   -2.443460953   64.770437936   19.822234553    5.176731363
   -0.285599332   -2.443460953   67.321326121    6.118745138   -0.859569873
   -0.095199777   -2.443460953   66.881692811  -11.234943460   -6.179862632
    0.095199777   -2.443460953   62.998542601  -29.473490121  -10.481879336
    0.285599332   -2.443460953   55.873996010  -44.518520339  -13.632438815
    0.475998887   -2.443460953   46.574310187  -51.520663028  -15.570953334
    0.666398442   -2.443460953   37.039820076  -46.479799832  -16.283073538
    0.856797996   -2.443460953   29.716133176  -28.528379467  -15.825721746
    1.047197551   -2.443460953   26.781100092   -1.387302191  -14.359724367
    1.237597106   -2.443460953   29.292833701   27.222183778  -12.151864240
    1.427996661   -2.443460953   36.690264404   48.606904442   -9.495065215
    1.618396215   -2.443460953   46.949451147   56.642206733   -6.604706588
    1.808795770   -2.443460953   57.317543304   49.935931837   -3.550192796
    1.999195325   -2.443460953   65.216387017   31.485065042   -0.269723987
    2.189594880   -2.443460953   68.913253582    6.798265750    3.353589944
    2.379994435   -2.443460953   67.792240405  -18.166636128    7.374945240
    2.570393989   -2.443460953   62.307699452  -38.310732166   11.704935432
    2.760793544   -2.443460953   53.750574029  -49.999750682   16.061022753
    2.951193099   -2.443460953   43.925060170  -51.557960102   20.017387361

   -3.141592654   -2.094395102   41.069065785  -39.573708156   14.121940185
   -2.951193099   -2.094395102   34.686269952  -26.918010127   15.199074417
   -2.760793544   -2.094395102   30.979210076  -12.136816661   15.575603420
   -2.570393989   -2.094395102   29.960519836    0.799229050   15.456140800
   -2.379994435   -2.094395102   31.015985593    9.456589993   15.093898290
   -2.189594880   -2.094395102   33.275446486   13.587993949   14.671741527
   -1.999195325   -2.094395102   35.999778556   14.678626143   14.226713793
   -1.808795770   -2.094395102   38.804955037   14.767457956   13.622972774
   -1.618396215   -2.094395102   41.662196272   15.405344155   12.601185164
   -1.427996661   -2.094395102   44.741415524   17.096932784   10.860778099
   -1.237597106   -2.094395102   48.212768641   19.359664352    8.190708296
   -1.047197551   -2.094395102   52.087623306   21.102493855    4.592261014
   -0.856797996   -2.094395102   56.139193179   20.959497897    0.326125508
   -0.666398442   -2.094395102   59.884364380   17.624191733   -4.148173380
   -0.475998887   -2.094395102   62.617218304   10.296646499   -8.324644013
   -0.285599332   -2.094395102   63.548134244   -1.267536245  -11.822512020
   -0.095199777   -2.094395102   61.932675965  -16.192093427  -14.474877123
    0.095199777   -2.094395102   57.321915682  -32.219534200  -16.300459483
    0.285599332   -2.094395102   49.851058516  -45.471445792  -17.416208226
    0.475998887   -2.094395102   40.508915794  -51.056619841  -17.918230333
    0.666398442   -2.094395102   31.177744326  -44.835109251  -17.839217007
    0.856797996   -2.094395102   24.266120471  -25.857736415  -17.163732331
    1.047197551   -2.094395102   21.921916576    2.123869224  -15.872743919
    1.237597106   -2.094395102   25.164091049   31.346514599  -13.999013964
    1.427996661   -2.094395102   33.388250689   53.133535581  -11.631752836
    1.618396215   -2.094395102   44.537510148   61.451460972   -8.891172341
    1.808795770   -2.094395102   55.848143078   55.028794086   -5.898250760
    1.999195325   -2.094395102   64.750934933   36.947532248   -2.754169793
    2.189594880   -2.094395102   69.531469101   12.715218825    0.469574193
    2.379994435   -2.094395102   69.581106089  -11.809090595    3.706829972
    2.570393989   -2.094395102   65.333777782  -31.734450069    6.869109429
    2.760793544   -2.094395102   58.016263676  -43.653926215    9.800700967
    2.951193099   -2.094395102   49.330980303  -46.049915059   12.290364700

   -3.141592654   -1.745329252   43.693001163  -37.925651491    5.182073070
   -2.951193099   -1.745329252   37.544671071  -26.095243766    5.730526038
   -2.760793544   -1.745329252   33.926233318  -12.003216888    6.001324970
   -2.570393989   -1.745329252   32.881433305    0.410383077    6.024828132
   -2.379994435   -1.745329252   33.819068765    8.598563366    5.772287193
   -2.189594880   -1.745329252   35.860910051   12.124257157    5.129372599
   -1.999195325   -1.745329252   38.226146715   12.314053561    3.933950382
   -1.808795770   -1.745329252   40.468795016   11.177356822    2.047429795
   -1.618396215   -1.745329252   42.506990366   10.374043748   -0.562765206
   -1.427996661   -1.745329252   44.490614156   10.652437896   -3.791600426
   -1.237597106   -1.745329252   46.627305735   11.884086799   -7.397131335
   -1.047197551   -1.745329252   49.035995540   13.333483533  -11.030484726
   -0.856797996   -1.745329252   51.656578812   13.869468950  -14.295360868
   -0.666398442   -1.745329252   54.192051188   12.145834332  -16.829558330
   -0.475998887   -1.745329252   56.083825512    6.996273685  -18.398834123
   -0.285599332   -1.745329252   56.599538624   -2.370492056  -18.980583056
   -0.095199777   -1.745329252   54.947146029  -15.586987661  -18.776553609
    0.095199777   -1.745329252   50.554522229  -30.665691180  -18.140726259
    0.285599332   -1.745329252   43.410914149  -43.678338402  -17.450858307
    0.475998887   -1.745329252   34.395803475  -49.447397204  -16.945145605
    0.666398442   -1.745329252   25.348306255  -43.443456322  -16.641792119
    0.856797996   -1.745329252   18.701678759  -24.397873545  -16.350817776
    1.047197551   -1.745329252   16.673962729    4.057596399  -15.770438418
    1.237597106   -1.745329252   20.358508744   34.091679772  -14.641507909
    1.427996661   -1.745329252   29.195854776   56.818461132  -12.855708764
    1.618396215   -1.745329252   41.127997907   65.935310330  -10.495299921
    1.808795770   -1.745329252   53.343151314   59.971108303   -7.792339104
    1.999195325   -1.745329252   63.199129749   41.947214127   -5.039398647
    2.189594880   -1.745329252   68.912018706   17.455877263   -2.479712625
    2.379994435   -1.745329252   69.825863799   -7.495395056   -0.251669609
    2.570393989   -1.745329252   66.352457112  -27.932929527    1.613577285
    2.760793544   -1.745329252   59.703618728  -40.451504538    3.132889854
    2.951193099   -1.745329252   51.562243206  -43.578643185    4.324096822

   -3.141592654   -1.396263402   42.214365890  -38.061286142    1.770687083
   -2.951193099   -1.396263402   36.064839352  -25.963008281    1.532482686
   -2.760793544   -1.396263402   32.498285424  -11.620616195    1.146546173
   -2.570393989   -1.396263402   31.531664383    0.776026555    0.620576818
   -2.379994435   -1.396263402   32.498332009    8.432036820   -0.156609745
   -2.189594880   -1.396263402   34.406089377   10.775879793   -1.416353234
   -1.999195325   -1.396263402   36.355210608    9.218580568   -3.409991609
   -1.808795770   -1.396263402   37.821083530    6.118435081   -6.261852662
   -1.618396215   -1.396263402   38.728659215    3.654316694   -9.846832231
   -1.427996661   -1.396263402   39.337560153    3.107296029  -13.781823343
   -1.237597106   -1.396263402   40.053716519    4.723660453  -17.523047695
   -1.047197551   -1.396263402   41.236951142    7.821409752  -20.514524117
   -0.856797996   -1.396263402   43.046417055   10.984003824  -22.329156196
   -0.666398442   -1.396263402   45.321571826   12.311082044  -22.759401320
   -0.475998887   -1.396263402   47.520226662    9.953507253  -21.852654665
   -0.285599332   -1.396263402   48.799778880    2.507549939  -19.910323456
   -0.095199777   -1.396263402   48.159759500  -10.060361408  -17.427080513
    0.095199777   -1.396263402   44.773786173  -25.831205999  -14.973377995
    0.285599332   -1.396263402   38.398327841  -40.566308905  -13.037767749
    0.475998887   -1.396263402   29.772863337  -48.467528792  -11.862255131
    0.666398442   -1.396263402   20.732243446  -44.235169685  -11.374439717
    0.856797996   -1.396263402   13.842221705  -25.963706369  -11.240708717
    1.047197551   -1.396263402   11.541571919    2.947493999  -11.014976582
    1.237597106   -1.396263402   15.142298473   34.429585793  -10.335760735
    1.427996661   -1.396263402   24.219289224   58.985334791   -9.051943382
    1.618396215   -1.396263402   36.717762659   69.599044423   -7.246388618
    1.808795770   -1.396263402   49.709022825   64.287123432   -5.169500608
    1.999195325   -1.396263402   60.371975698   45.953237002   -3.125455934
    2.189594880   -1.396263402   66.760207708   20.453917792   -1.356026543
    2.379994435   -1.396263402   68.126740780   -5.741223526    0.013770676
    2.570393989   -1.396263402   64.880039003  -27.248055469    0.967874669
    2.760793544   -1.396263402   58.290451628  -40.435751003    1.546031146
    2.951193099   -1.396263402   50.123365421  -43.810906285    1.799131092

   -3.141592654   -1.047197551   39.577736011  -40.300089563    2.574022682
   -2.951193099   -1.047197551   33.026713065  -27.891858607    1.413927653
   -2.760793544   -1.047197551   29.140117472  -13.049565529    0.125190869
   -2.570393989   -1.047197551   27.940528447   -0.304219565   -1.232596886
   -2.379994435   -1.047197551   28.694374709    7.157399616   -2.764651327
   -2.189594880   -1.047197551   30.280942129    8.552717546   -4.740347335
   -1.999195325   -1.047197551   31.665507299    5.447764239   -7.449161390
   -1.808795770   -1.047197551   32.255957441    0.741369867  -10.986665406
   -1.618396215   -1.047197551   32.033007210   -2.679769019  -15.089740220
   -1.427996661   -1.047197551   31.438337864   -2.972151208  -19.150776759
   -1.237597106   -1.047197551   31.132289892    0.283838976  -22.413040325
   -1.047197551   -1.047197551   31.716674549    6.108974382  -24.236304725
   -0.856797996   -1.047197551   33.501732949   12.451631789  -24.305747351
   -0.666398442   -1.047197551   36.342838061   16.678256895  -22.697254391
   -0.475998887   -1.047197551   39.580969583   16.307133147  -19.811989879
   -0.285599332   -1.047197551   42.158621383    9.552240028  -16.257862189
   -0.095199777   -1.047197551   42.817007141   -3.684487960  -12.685081527
    0.095199777   -1.047197551   40.491447247  -21.213976637   -9.640843889
    0.285599332   -1.047197551   34.780280658  -38.235386402   -7.438332789
    0.475998887   -1.047197551   26.389350845  -48.247413780   -6.088015491
    0.666398442   -1.047197551   17.249963619  -45.329949018   -5.340804419
    0.856797996   -1.047197551   10.115082146  -27.262063914   -4.825499860
    1.047197551   -1.047197551    7.631027300    2.443898232   -4.201932831
    1.237597106   -1.047197551   11.261583306   35.275031644   -3.282613838
    1.427996661   -1.047197551   20.631789783   61.156825761   -2.056956034
    1.618396215   -1.047197551   33.632515735   72.582233132   -0.639936244
    1.808795770   -1.047197551   47.210354825   67.327910771    0.799352380
    1.999195325   -1.047197551   58.400729783   48.348377929    2.094736688
    2.189594880   -1.047197551   65.146273415   21.762631659    3.122917550
    2.379994435   -1.047197551   66.647010589   -5.635694678    3.809016626
    2.570393989   -1.047197551   63.314923215  -28.208056994    4.108662556
    2.760793544   -1.047197551   56.462024598  -42.183723362    3.997791696
    2.951193099   -1.047197551   47.914896907  -46.001935848    3.472963264

   -3.141592654   -0.698131701   38.825737490  -43.972395381    2.836255379
   -2.951193099   -0.698131701   31.570784296  -31.545420900    0.471438657
   -2.760793544   -0.698131701   27.015436930  -16.394412112   -2.019649103
   -2.570393989   -0.698131701   25.206866964   -3.399851979   -4.432689327
   -2.379994435   -0.698131701   25.360973580    3.849970480   -6.775928297
   -2.189594880   -0.698131701   26.246004832    4.393765629   -9.283748630
   -1.999195325   -0.698131701   26.722182038    0.049667763  -12.235409804
   -1.808795770   -0.698131701   26.183322463   -5.606053614  -15.679991943
   -1.618396215   -0.698131701   24.740094569   -8.919265420  -19.249717106
   -1.427996661   -0.698131701   23.085237321   -7.615150451  -22.216325112
   -1.237597106   -0.698131701   22.155622926   -1.449060694  -23.787852326
   -1.047197551   -0.698131701   22.741280442    7.878773507  -23.467422493
   -0.856797996   -0.698131701   25.177981951   17.399375105  -21.272008106
   -0.666398442   -0.698131701   29.183088082   23.736203768  -17.702113063
   -0.475998887   -0.698131701   33.853459999   24.037633112  -13.515759159
   -0.285599332   -0.698131701   37.855210110   16.565988367   -9.462365706
   -0.095199777   -0.698131701   39.694868142    1.575746248   -6.047027522
    0.095199777   -0.698131701   38.162661854  -18.166692210   -3.433641392
    0.285599332   -0.698131701   32.831794361  -37.200214138   -1.459738630
    0.475998887   -0.698131701   24.503109380  -48.467272796    0.219613366
    0.666398442   -0.698131701   15.284840907  -45.778052183    1.921426924
    0.856797996   -0.698131701    8.120082297  -27.020373816    3.748379270
    1.047197551   -0.698131701    5.791524379    3.856096315    5.554861274
    1.237597106   -0.698131701    9.802978009   37.800695655    7.059946951
    1.427996661   -0.698131701   19.726419159   64.336202608    8.035306281
    1.618396215   -0.698131701   33.346377206   75.801618767    8.441398577
    1.808795770   -0.698131701   47.496730050   70.040398569    8.422918670
    1.999195325   -0.698131701   59.124678530   50.186252457    8.193557687
    2.189594880   -0.698131701   66.120808129   22.539841816    7.907851550
    2.379994435   -0.698131701   67.662648919   -5.985697213    7.582268570
    2.570393989   -0.698131701   64.156865480  -29.668021879    7.084487492
    2.760793544   -0.698131701   56.926758134  -44.657058062    6.214152281
    2.951193099   -0.698131701   47.829441119  -49.262338180    4.805468908

   -3.141592654   -0.349065850   39.546813073  -49.279755238    2.801289207
   -2.951193099   -0.349065850   31.225696805  -37.311343096   -0.400934681
   -2.760793544   -0.349065850   25.580761506  -21.975488555   -3.622861047
   -2.570393989   -0.349065850   22.756371640   -8.469844111   -6.595071731
   -2.379994435   -0.349065850   21.983934860   -0.875362366   -9.292403175
   -2.189594880   -0.349065850   21.965528902   -0.445684137  -11.924214885
   -1.999195325   -0.349065850   21.483507811   -5.171151275  -14.717718938
   -1.808795770   -0.349065850   19.939469781  -10.808117450  -17.621392834
   -1.618396215   -0.349065850   17.592823976  -12.969606583  -20.150309893
   -1.427996661   -0.349065850   15.389856323   -9.098255368  -21.523035750
   -1.237597106   -0.349065850   14.504917299    0.593832699  -21.052372310
   -1.047197551   -0.349065850   15.819668838   13.389162621  -18.544691178
   -0.856797996   -0.349065850   19.553058533   25.249402287  -14.454641094
   -0.666398442   -0.349065850   25.138668136   32.182294487   -9.697716426
   -0.475998887   -0.349065850   31.336432707   31.380588306   -5.252939467
   -0.285599332   -0.349065850   36.540649031   21.743169959   -1.791290770
   -0.095199777   -0.349065850   39.140167958    4.424140543    0.548494619
    0.095199777   -0.349065850   37.978888874  -16.949652743    2.122721384
    0.285599332   -0.349065850   32.817993995  -36.418908861    3.573087004
    0.475998887   -0.349065850   24.691053104  -46.971580409    5.492523053
    0.666398442   -0.349065850   15.879214824  -42.988929485    8.119330658
    0.856797996   -0.349065850    9.359439480  -23.154750665   11.188354767
    1.047197551   -0.349065850    7.806677673    7.957452420   14.060769388
    1.237597106   -0.349065850   12.543039307   41.160576136   16.050814652
    1.427996661   -0.349065850   22.983120476   66.346993831   16.764704982
    1.618396215   -0.349065850   36.851215159   76.441048967   16.266665718
    1.808795770   -0.349065850   51.023883368   69.726035445   14.984666165
    1.999195325   -0.349065850   62.542454902   49.427997796   13.444724085
    2.189594880   -0.349065850   69.376553893   21.617582397   12.011494684
    2.379994435   -0.349065850   70.722019529   -7.176075330   10.756142357
    2.570393989   -0.349065850   66.933844970  -31.519271472    9.472388264
    2.760793544   -0.349065850   59.251787987  -47.614917163    7.843569163
    2.951193099   -0.349065850   49.468082491  -53.514313778    5.625823907

   -3.141592654    0.000000000   40.673939858  -54.783381791    2.157758553
   -2.951193099    0.000000000   31.253689532  -43.225564552   -0.930359840
   -2.760793544    0.000000000   24.492805695  -27.684617176   -3.919528589
   -2.570393989    0.000000000   20.628964825  -13.655063400   -6.584227734
   -2.379994435    0.000000000   18.912873263   -5.646171676   -8.917502169
   -2.189594880    0.000000000   18.000432117   -5.107067292  -11.096532919
   -1.999195325    0.000000000   16.634175893   -9.748595459  -13.275598954
   -1.808795770    0.000000000   14.271521242  -14.659101297  -15.323910227
   -1.618396215    0.000000000   11.355886730  -14.861516203  -16.733156899
   -1.427996661    0.000000000    9.080645904   -7.799783714  -16.803292668
   -1.237597106    0.000000000    8.790481242    5.521961849  -15.048528180
   -1.047197551    0.000000000   11.336629128   21.161639466  -11.556195425
   -0.856797996    0.000000000   16.683339130   34.074721353   -7.042321709
   -0.666398442    0.000000000   23.884652365   40.015509776   -2.548729330
   -0.475998887    0.000000000   31.357049192   36.768472912    1.030998406
   -0.285599332    0.000000000   37.320079035   24.371245845    3.318664346
   -0.095199777    0.000000000   40.216467673    5.128817972    4.582505161
    0.095199777    0.000000000   39.129345486  -16.586500796    5.555191567
    0.285599332    0.000000000   34.137868647  -34.769127586    7.087111467
    0.475998887    0.000000000   26.531034798  -43.090143635    9.733422538
    0.666398442    0.000000000   18.665316276  -37.083643276   13.464072790
    0.856797996    0.000000000   13.368428498  -16.517217290   17.615365667
    1.047197551    0.000000000   13.008852684   13.549360713   21.166879487
    1.237597106    0.000000000   18.590221000   44.275030078   23.202663405
    1.427996661    0.000000000   29.341584022   66.523405439   23.308451994
    1.618396215    0.000000000   43.003151783   74.269869428   21.707658503
    1.808795770    0.000000000   56.631039400   66.390223726   19.082135306
    1.999195325    0.000000000   67.495922260   46.052605040   16.206068717
    2.189594880    0.000000000   73.734408375   18.780015586   13.615690187
    2.379994435    0.000000000   74.586664096   -9.592713982   11.457001505
    2.570393989    0.000000000   70.334289603  -34.093723891    9.524212370
    2.760793544    0.000000000   62.093543449  -51.001884436    7.470738135
    2.951193099    0.000000000   51.557297112  -58.042813704    5.026280624

   -3.141592654    0.349065850   42.393929614  -59.313879590    1.362185281
   -2.951193099    0.349065850   32.071742690  -48.065203176   -0.737300454
   -2.760793544    0.349065850   24.398476943  -32.339870988   -2.626357039
   -2.570393989    0.349065850   19.691542776  -17.822323349   -4.238437735
   -2.379994435    0.349065850   17.228352050   -9.345300082   -5.649373614
   -2.189594880    0.349065850   15.641624658   -8.511067082   -7.014957873
   -1.999195325    0.349065850   13.655693000  -12.799710445   -8.412225833
   -1.808795770    0.349065850   10.786992515  -16.779522109   -9.666475779
   -1.618396215    0.349065850    7.632823129  -15.071289477  -10.337060993
   -1.427996661    0.349065850    5.569224442   -5.277667227   -9.907954309
   -1.237597106    0.349065850    6.026986975   10.764693957   -8.117146948
   -1.047197551    0.349065850    9.751595206   28.032001478   -5.197909998
   -0.856797996    0.349065850   16.421507472   40.787486211   -1.834952882
   -0.666398442    0.349065850   24.749191584   44.918441615    1.163988404
   -0.475998887    0.349065850   32.914699783   39.114934663    3.279160698
   -0.285599332    0.349065850   39.111295184   24.654289722    4.527621174
   -0.095199777    0.349065850   41.978583016    4.839004735    5.452371044
    0.095199777    0.349065850   40.930524058  -15.586131519    6.843490617
    0.285599332    0.349065850   36.373726885  -31.040187350    9.367342346
    0.475998887    0.349065850   29.774592631  -36.291674318   13.220462040
    0.666398442    0.349065850   23.424299708  -28.256750804   17.970835907
    0.856797996    0.349065850   19.842121505   -7.746977179   22.651516514
    1.047197551    0.349065850   20.962545779   19.973488913   26.121072974
    1.237597106    0.349065850   27.410846782   46.807205914   27.527841508
    1.427996661    0.349065850   38.245152326   64.953947088   26.638212090
    1.618396215    0.349065850   51.293373435   69.659465901   23.883297139
    1.808795770    0.349065850   63.887662572   60.442389976   20.113434447
    1.999195325    0.349065850   73.621224862   40.330934719   16.212109975
    2.189594880    0.349065850   78.867202327   14.152851488   12.774950022
    2.379994435    0.349065850   78.950535469  -13.106445508    9.988558957
    2.570393989    0.349065850   74.092623462  -37.065346724    7.696192057
    2.760793544    0.349065850   65.278155518  -54.168590294    5.612277745
    2.951193099    0.349065850   54.078318720  -61.881215572    3.514504751

   -3.141592654    0.698131701   43.997385973  -61.674962952   -0.071192009
   -2.951193099    0.698131701   33.233162227  -50.310351568   -0.739585443
   -2.760793544    0.698131701   25.148918604  -34.393423958   -1.077737349
   -2.570393989    0.698131701   20.066156707  -19.724376685   -1.222809952
   -2.379994435    0.698131701   17.243485925  -11.237891515   -1.355959797
   -2.189594880    0.698131701   15.287436802  -10.500385881   -1.635495981
   -1.999195325    0.698131701   12.920962129  -14.754381339   -2.119765198
   -1.808795770    0.698131701    9.717702282  -18.235355597   -2.700698642
   -1.618396215    0.698131701    6.385109067  -15.383265989   -3.127925732
   -1.427996661    0.698131701    4.409457646   -4.007452711   -3.120527780
   -1.237597106    0.698131701    5.252342096   13.451647849   -2.534306754
   -1.047197551    0.698131701    9.563098807   31.318792789   -1.467101921
   -0.856797996    0.698131701   16.829546243   43.594441562   -0.200718578
   -0.666398442    0.698131701   25.581890487   46.512253978    0.996545622
   -0.475998887    0.698131701   33.934676517   39.573071275    2.077549398
   -0.285599332    0.698131701   40.179488471   24.914897720    3.297009687
   -0.095199777    0.698131701   43.187470723    6.294606672    5.122595932
    0.095199777    0.698131701   42.632551798  -11.702451258    7.993202316
    0.285599332    0.698131701   39.091826419  -24.260093510   12.067409182
    0.475998887    0.698131701   34.017527988  -27.256305452   17.040354810
    0.666398442    0.698131701   29.475880515  -18.645517406   22.145466203
    0.856797996    0.698131701   27.606963205    0.263610017   26.353802070
    1.047197551    0.698131701   29.945746396   24.515199937   28.727380339
    1.237597106    0.698131701   36.848984495   47.012412088   28.770867619
    1.427996661    0.698131701   47.331874368   61.231604725   26.593668950
    1.618396215    0.698131701   59.404113612   63.419025973   22.824310183
    1.808795770    0.698131701   70.710128514   53.433786697   18.327939271
    1.999195325    0.698131701   79.154088568   33.972220380   13.891895172
    2.189594880    0.698131701   83.312980508    9.142826821   10.012087940
    2.379994435    0.698131701   82.573434521  -16.797552802    6.864340588
    2.570393989    0.698131701   77.104194829  -39.886077520    4.391820285
    2.760793544    0.698131701   67.794190581  -56.622543990    2.465888190
    2.951193099    0.698131701   56.135210949  -64.262695107    0.988836892

   -3.141592654    1.047197551   42.813734447  -62.561986837   -4.880893551
   -2.951193099    1.047197551   31.969640931  -50.274360923   -4.186154059
   -2.760793544    1.047197551   23.960367547  -33.687297285   -3.049451898
   -2.570393989    1.047197551   19.047373197  -18.704269265   -1.777279187
   -2.379994435    1.047197551   16.419232389  -10.261199594   -0.629760152
   -2.189594880    1.047197551   14.623034646   -9.828887748    0.233514295
   -1.999195325    1.047197551   12.345473260  -14.493882800    0.741393598
   -1.808795770    1.047197551    9.155440863  -18.338688951    0.887520936
   -1.618396215    1.047197551    5.780280031  -15.699633033    0.705576156
   -1.427996661    1.047197551    3.737291520   -4.378099124    0.275970450
   -1.237597106    1.047197551    4.511928725   13.101694152   -0.266604226
   -1.047197551    1.047197551    8.760183572   31.005936864   -0.742008239
   -0.856797996    1.047197551   15.976137618   43.401787562   -0.932072117
   -0.666398442    1.047197551   24.726191378   46.756410241   -0.593287889
   -0.475998887    1.047197551   33.214470992   40.872470592    0.530487689
   -0.285599332    1.047197551   39.868204822   28.037682473    2.677654719
   -0.095199777    1.047197551   43.694513212   11.830233822    5.999946924
    0.095199777    1.047197551   44.432865235   -3.704196848   10.446887627
    0.285599332    1.047197551   42.597706815  -14.536320052   15.668168839
    0.475998887    1.047197551   39.425458672  -17.299793266   20.970468981
    0.666398442    1.047197551   36.651081943  -10.359489130   25.429747593
    0.856797996    1.047197551   36.060206946    5.163373651   28.145356897
    1.047197551    1.047197551   38.928332652   25.110535030   28.538954785
    1.237597106    1.047197551   45.540144119   43.477540131   26.568551009
    1.427996661    1.047197551   55.040054959   54.685040073   22.718613259
    1.618396215    1.047197551   65.702527154   55.417361244   17.789468121
    1.808795770    1.047197551   75.462144223   45.388989635   12.598342956
    1.999195325    1.047197551   82.446848830   26.781188514    7.759222165
    2.189594880    1.047197551   85.348400962    3.143484913    3.599489139
    2.379994435    1.047197551   83.578618054  -21.644514709    0.234834327
    2.570393989    1.047197551   77.284910125  -43.718822101   -2.314914905
    2.760793544    1.047197551   67.335084666  -59.506189278   -4.028074073
    2.951193099    1.047197551   55.218187755  -66.161723612   -4.877069262

   -3.141592654    1.396263402   37.805757159  -61.649922289  -10.232578451
   -2.951193099    1.396263402   27.328343300  -47.416683202   -9.010234539
   -2.760793544    1.396263402   19.993088947  -29.599575685   -7.278871766
   -2.570393989    1.396263402   15.907749112  -14.234913537   -5.386387104
   -2.379994435    1.396263402   14.106751265   -6.141695061   -3.568864462
   -2.189594880    1.396263402   13.019270735   -6.573144986   -1.916281420
   -1.999195325    1.396263402   11.252741962  -12.425763119   -0.464115785
   -1.808795770    1.396263402    8.326771976  -17.659683280    0.701137266
   -1.618396215    1.396263402    4.943544923  -16.458652738    1.414589556
   -1.427996661    1.396263402    2.634202885   -6.358587677    1.544950187
   -1.237597106    1.396263402    2.959401653   10.472582190    1.150654456
   -1.047197551    1.396263402    6.716746011   28.634092895    0.548115211
   -0.856797996    1.396263402   13.588910936   42.326414282    0.243444264
   -0.666398442    1.396263402   22.332482837   47.884603363    0.748205004
   -0.475998887    1.396263402   31.293744679   44.765400996    2.408607766
   -0.285599332    1.396263402   38.960789942   34.753752783    5.323258443
   -0.095199777    1.396263402   44.298863290   20.858105352    9.321191469
    0.095199777    1.396263402   46.894326692    6.552932664   13.970974374
    0.285599332    1.396263402   47.008211217   -4.610550909   18.616824281
    0.475998887    1.396263402   45.555170101   -9.455791088   22.447453406
    0.666398442    1.396263402   43.953044603   -6.081664389   24.678448807
    0.856797996    1.396263402   43.769673590    5.126049467   24.801953768
    1.047197551    1.396263402   46.232592035   21.015102467   22.766589070
    1.237597106    1.396263402   51.762151653   36.435656300   19.007320898
    1.427996661    1.396263402   59.758118575   46.170101080   14.262083715
    1.618396215    1.396263402   68.764628006   46.701706887    9.284176862
    1.808795770    1.396263402   76.908684605   37.203848172    4.603469192
    1.999195325    1.396263402   82.404870113   19.325769755    0.464422938
    2.189594880    1.396263402   83.952537036   -3.631602785   -3.097626650
    2.379994435    1.396263402   80.957825613  -27.706637619   -6.090731916
    2.570393989    1.396263402   73.600590094  -48.747646485   -8.448895794
    2.760793544    1.396263402   62.833699173  -62.952134214  -10.014102062
    2.951193099    1.396263402   50.251975626  -67.511532731  -10.623553645

   -3.141592654    1.745329252   31.498884260  -59.980797935  -16.221120768
   -2.951193099    1.745329252   21.516901214  -44.000700448  -15.068360749
   -2.760793544    1.745329252   14.933810862  -25.261034149  -13.171724516
   -2.570393989    1.745329252   11.699016267   -9.750600049  -10.834124041
   -2.379994435    1.745329252   10.724342377   -2.001343361   -8.270949100
   -2.189594880    1.745329252   10.372642063   -3.019256086   -5.558361391
   -1.999195325    1.745329252    9.211240005   -9.671027918   -2.740882190
   -1.808795770    1.745329252    6.708279339  -16.039611564    0.026589731
   -1.618396215    1.745329252    3.499831007  -16.281287777    2.429537651
   -1.427996661    1.745329252    1.088613983   -7.553581029    4.137194136
   -1.237597106    1.745329252    1.108167744    8.613021624    5.034899139
   -1.047197551    1.745329252    4.546191806   27.361036556    5.358367204
   -0.856797996    1.745329252   11.339223577   42.956693440    5.627964038
   -0.666398442    1.745329252   20.458110669   51.270284583    6.399887659
   -0.475998887    1.745329252   30.339844297   50.995342187    8.012752006
   -0.285599332    1.745329252   39.414184818   43.137628684   10.474423781
   -0.095199777    1.745329252   46.457237581   30.133704475   13.461208807
    0.095199777    1.745329252   50.779860088   15.144507747   16.408126840
    0.285599332    1.745329252   52.335484140    1.682274377   18.637580608
    0.475998887    1.745329252   51.755928377   -6.743641940   19.501788146
    0.666398442    1.745329252   50.276931483   -7.502627510   18.585015156
    0.856797996    1.745329252   49.453351948   -0.022228644   15.886541927
    1.047197551    1.745329252   50.677320087   13.404302650   11.846580066
    1.237597106    1.745329252   54.652854612   27.977907699    7.202816019
    1.427996661    1.745329252   61.067807650   38.181500415    2.699257789
    1.618396215    1.745329252   68.651832641   39.771912235   -1.191055711
    1.808795770    1.745329252   75.571601916   31.209030722   -4.376895183
    1.999195325    1.745329252   79.978442644   13.796208236   -7.046890952
    2.189594880    1.745329252   80.487113371   -9.035648656   -9.469335062
    2.379994435    1.745329252   76.479050031  -32.877740892  -11.784411811
    2.570393989    1.745329252   68.202318809  -53.106240783  -13.903863090
    2.760793544    1.745329252   56.744783503  -65.711682265  -15.549883186
    2.951193099    1.745329252   43.837679252  -68.085464413  -16.392765472

   -3.141592654    2.094395102   24.641488554  -59.402016270  -18.402637185
   -2.951193099    2.094395102   14.935957730  -41.740541961  -17.194620721
   -2.760793544    2.094395102    8.909205203  -21.773532309  -15.203874377
   -2.570393989    2.094395102    6.416151944   -5.521025368  -12.713322007
   -2.379994435    2.094395102    6.294921218    2.710703777   -9.908625471
   -2.189594880    2.094395102    6.881545826    2.113658669   -6.809996060
   -1.999195325    2.094395102    6.730429365   -4.238942356   -3.382175327
   -1.808795770    2.094395102    5.258719803  -10.747038084    0.283719812
   -1.618396215    2.094395102    2.991926829  -11.802955678    3.872189684
   -1.427996661    2.094395102    1.312264820   -4.399017239    6.958028573
   -1.237597106    2.094395102    1.807954150   10.521207999    9.247958744
   -1.047197551    2.094395102    5.546605657   28.767124634   10.758902719
   -0.856797996    2.094395102   12.641612762   44.880120083   11.796922322
   -0.666398442    2.094395102   22.239397039   54.436926204   12.740832049
   -0.475998887    2.094395102   32.853701373   55.469538986   13.802360375
   -0.285599332    2.094395102   42.855653762   48.242673541   14.924752319
   -0.095199777    2.094395102   50.839693939   34.685552804   15.791752226
    0.095199777    2.094395102   55.868400681   17.786531748   15.946027796
    0.285599332    2.094395102   57.650998240    1.261773648   14.944985718
    0.475998887    2.094395102   56.651176050  -10.766710590   12.515580341
    0.666398442    2.094395102   54.083817858  -14.753537377    8.718102909
    0.856797996    2.094395102   51.666784613   -9.224448306    4.020956283
    1.047197551    2.094395102   51.094595178    4.046361810   -0.822593632
    1.237597106    2.094395102   53.407490022   20.089384775   -5.036850432
    1.427996661    2.094395102   58.534753684   32.597433259   -8.131405702
    1.618396215    2.094395102   65.269448899   36.331494415  -10.078102653
    1.808795770    2.094395102   71.671304393   29.034650422  -11.253604885
    1.999195325    2.094395102   75.699148698   11.833762071  -12.194423856
    2.189594880    2.094395102   75.791812960  -11.508692009  -13.332618132
    2.379994435    2.094395102   71.248815598  -35.978819056  -14.814381908
    2.570393989    2.094395102   62.355030542  -56.365907155  -16.461243909
    2.760793544    2.094395102   50.324136000  -68.325635016  -17.876876755
    2.951193099    2.094395102   37.041859712  -69.292135252  -18.622276010

   -3.141592654    2.443460953   18.601181134  -58.745401020  -12.812555010
   -2.951193099    2.443460953    9.158274284  -39.690219943  -11.354404069
   -2.760793544    2.443460953    3.631912755  -18.640450053   -9.358414732
   -2.570393989    2.443460953    1.813020190   -1.618323137   -7.037526956
   -2.379994435    2.443460953    2.499871026    7.301143198   -4.478843118
   -2.189594880    2.443460953    4.036575905    7.527148898   -1.579529338
   -1.999195325    2.443460953    5.004042054    2.084710888    1.834864785
   -1.808795770    2.443460953    4.805365079   -3.788357281    5.787575836
   -1.618396215    2.443460953    3.873082617   -4.882548385    9.994464409
   -1.427996661    2.443460953    3.444671055    1.704705343   13.925952176
   -1.237597106    2.443460953    4.984429094   15.340565433   17.048600905
   -1.047197551    2.443460953    9.518192313   32.339062938   19.071290342
   -0.856797996    2.443460953   17.202357778   47.560143957   20.017902180
   -0.666398442    2.443460953   27.251971670   56.516161773   20.095317801
   -0.475998887    2.443460953   38.204780977   56.901688898   19.481783521
   -0.285599332    2.443460953   48.384047341   48.570281041   18.209241302
   -0.095199777    2.443460953   56.272037314   33.225482219   16.141352157
    0.095199777    2.443460953   60.800532356   13.906371560   13.085143479
    0.285599332    2.443460953   61.588089115   -5.321978465    8.937164063
    0.475998887    2.443460953   59.099962838  -19.703932569    3.827275149
    0.666398442    2.443460953   54.686481222  -24.958089401   -1.788794751
    0.856797996    2.443460953   50.330395459  -19.088559688   -7.167290059
    1.047197551    2.443460953   48.044616554   -3.847586153  -11.501020259
    1.237597106    2.443460953   49.129893668   15.185853849  -14.217610766
    1.427996661    2.443460953   53.617120555   30.698802614  -15.213958512
    1.618396215    2.443460953   60.209033723   36.526477640  -14.887894903
    1.808795770    2.443460953   66.739958151   29.973995700  -13.933407287
    1.999195325    2.443460953   70.917944684   12.319573475  -13.032052303
    2.189594880    2.443460953   71.002966657  -12.113856626  -12.609936331
    2.379994435    2.443460953   66.238256820  -37.634055101  -12.745007769
    2.570393989    2.443460953   56.971288425  -58.503732844  -13.208463129
    2.760793544    2.443460953   44.551122248  -70.138092849  -13.610778878
    2.951193099    2.443460953   31.013573843  -70.058361630  -13.560972728

   -3.141592654    2.792526803   15.343932468  -57.284260437    1.266507420
   -2.951193099    2.792526803    6.257880334  -37.441651243    3.473088452
   -2.760793544    2.792526803    1.222379770  -15.772675198    5.472751924
   -2.570393989    2.792526803    0.000000000    1.774098654    7.156770900
   -2.379994435    2.792526803    1.392338365   11.358902475    8.659089693
   -2.189594880    2.792526803    3.790888389   12.576133111   10.351445665
   -1.999195325    2.792526803    5.835788782    8.361711348   12.667905740
   -1.808795770    2.792526803    6.939346692    3.534225079   15.822266487
   -1.618396215    2.792526803    7.449041619    2.787965112   19.602270058
   -1.427996661    2.792526803    8.436434966    8.737599679   23.387208302
   -1.237597106    2.792526803   11.182742226   20.865128081   26.394762262
   -1.047197551    2.792526803   16.583334798   35.875525229   28.005175800
   -0.856797996    2.792526803   24.740678134   48.993087321   27.952894055
   -0.666398442    2.792526803   34.864964438   55.860321827   26.310859400
   -0.475998887    2.792526803   45.490502064   54.102605258   23.327425818
   -0.285599332    2.792526803   54.919518659   43.457624034   19.273168324
   -0.095199777    2.792526803   61.603719452   25.693009841   14.354675438
    0.095199777    2.792526803   64.478434615    4.132796560    8.756210653
    0.285599332    2.792526803   63.240019473  -16.680733667    2.719846897
    0.475998887    2.792526803   58.529477986  -31.456101706   -3.363074275
    0.666398442    2.792526803   51.962398272  -35.544006942   -8.926728000
    0.856797996    2.792526803   45.823726968  -26.992817957  -13.316392619
    1.047197551    2.792526803   42.370913293   -8.101669922  -15.999923306
    1.237597106    2.792526803   43.004044845   14.623383912  -16.785966999
    1.427996661    2.792526803   47.669827537   32.933812894  -15.922064460
    1.618396215    2.792526803   54.840207265   40.122722754  -13.999458003
    1.808795770    2.792526803   62.070851240   33.534601067  -11.696428031
    1.999195325    2.792526803   66.844913972   14.932698287   -9.520933437
    2.189594880    2.792526803   67.309325004  -10.731991418   -7.678141200
    2.379994435    2.792526803   62.705969208  -37.241420721   -6.102763038
    2.570393989    2.792526803   53.460371996  -58.573932747   -4.576285396
    2.760793544    2.792526803   41.030555150  -70.081846814   -2.883636745
    2.951193099    2.792526803   27.554870474  -69.408832515   -0.918462645
