#! FIELDS phi psi file.free der_phi der_psi
#! SET min_phi -pi
#! SET max_phi pi
#! SET nbins_phi  33
#! SET periodic_phi true
#! SET min_psi -pi
#! SET max_psi pi
#! SET nbins_psi  18
#! SET periodic_psi true
   -3.141592654   -3.141592654   18.096259026  -53.889025774   17.377622187
   -2.951193099   -3.141592654    9.590225112  -34.853077520   19.763378569
   -2.760793544   -3.141592654    4.940929615  -14.339316828   21.167451183
   -2.570393989   -3.141592654    3.894136928    2.265922720   21.748206877
   -2.379994435   -3.141592654    5.355016750   11.754276517   21.966139954
   -2.189594880   -3.141592654    7.915812505   14.076634797   22.461942349
   -1.999195325   -3.141592654   10.436388024   11.970909801   23.817235215
   -1.808795770   -3.141592654   12.456355224    9.508299513   26.265165082
   -1.618396215   -3.141592654   14.279278324   10.407084432   29.514088784
   -1.427996661   -3.141592654   16.760415935   16.520767046   32.794170575
   -1.237597106   -3.141592654   20.868124544   27.113564347   35.136794815
   -1.047197551   -3.141592654   27.200205143   39.233580495   35.743732511
   -0.856797996   -3.141592654   35.658958301   48.732714275   34.233863967
   -0.666398442   -3.141592654   45.374320553   51.837582997   30.680732574
   -0.475998887   -3.141592654   54.890659893   46.532601796   25.472917501
   -0.285599332   -3.141592654   62.573544535   32.771158687   19.131469673
   -0.095199777   -3.141592654   66.978256595   12.576469515   12.177719737
    0.095199777   -3.141592654   67.205989985  -10.348102270    5.113449742
    0.285599332   -3.141592654   63.197541711  -31.026435042   -1.569243153
    0.475998887   -3.141592654   55.906900706  -43.927057710   -7.356152373
    0.666398442   -3.141592654   47.271810704  -44.570933326  -11.745127643
    0.856797996   -3.141592654   39.824248213  -31.621965710  -14.346535867
    1.047197551   -3.141592654   35.921146833   -8.261114807  -15.030060660
    1.237597106   -3.141592654   36.892238810   18.154434092  -14.016030496
    1.427996661   -3.141592654   42.477401075   38.815686949  -11.815318214
    1.618396215   -3.141592654   50.873835742   46.892143181   -9.030315890
    1.808795770   -3.141592654   59.378507628   39.985001674   -6.108189191
    1.999195325   -3.141592654   65.290109893   20.370330085   -3.205184417
    2.189594880   -3.141592654   66.679654405   -6.426246667   -0.221118881
    2.379994435   -3.141592654   62.814211169  -33.712716780    3.024221205
    2.570393989   -3.141592654   54.210796991  -55.280347642    6.616428047
    2.760793544   -3.141592654   42.422261149  -66.624331129   10.430593655
    2.951193099   -3.141592654   29.626710444  -65.776200415   14.151728522

   -3.141592654   -2.792526803   25.953291899  -49.564095091   26.046596342
   -2.951193099   -2.792526803   18.063918005  -32.723937916   28.225712547
   -2.760793544   -2.792526803   13.624950302  -14.176116015   29.109221523
   -2.570393989   -2.792526803   12.480183231    1.243518551   29.040341757
   -2.379994435   -2.792526803   13.725667113   10.728985737   28.623734657
   -2.189594880   -2.792526803   16.192606400   14.310495374   28.538267143
   -1.999195325   -2.792526803   18.953726587   14.354632016   29.298286921
   -1.808795770   -2.792526803   21.646106294   14.119370714   31.020329776
   -1.618396215   -2.792526803   24.491779000   16.303809946   33.311818098
   -1.427996661   -2.792526803   28.081581548   21.940268407   35.343720482
   -1.237597106   -2.792526803   33.013376953   30.047488607   36.133639049
   -1.047197551   -2.792526803   39.535347261   38.114643478   34.915991018
   -0.856797996   -2.792526803   47.336065857   42.935460106   31.409302239
   -0.666398442   -2.792526803   55.526400814   41.772656795   25.870974635
   -0.475998887   -2.792526803   62.809825434   33.401343040   18.941589539
   -0.285599332   -2.792526803   67.825313078   18.167289741   11.398132902
   -0.095199777   -2.792526803   69.438873702   -1.867483949    3.960458716
    0.095199777   -2.792526803   67.045908387  -23.217609531   -2.775328106
    0.285599332   -2.792526803   60.826311336  -41.226189712   -8.345658983
    0.475998887   -2.792526803   51.907773124  -50.736882455  -12.386904137
    0.666398442   -2.792526803   42.325545125  -47.692970597  -14.665026739
    0.856797996   -2.792526803   34.621944824  -31.247417781  -15.140371924
    1.047197551   -2.792526803   31.069718234   -5.084376107  -14.023350543
    1.237597106   -2.792526803   32.830200184   23.102133630  -11.753919494
    1.427996661   -2.792526803   39.440182131   44.491366626   -8.859260027
    1.618396215   -2.792526803   48.926971378   52.610948897   -5.755993832
    1.808795770   -2.792526803   58.509015781   45.610757792   -2.600526868
    1.999195325   -2.792526803   65.504570105   26.206110157    0.712138373
    2.189594880   -2.792526803   68.058470664    0.018044838    4.413904280
    2.379994435   -2.792526803   65.492996323  -26.516400551    8.655718016
    2.570393989   -2.792526803   58.310371441  -47.651226972   13.361911632
    2.760793544   -2.792526803   47.962390100  -59.274248773   18.181310675
    2.951193099   -2.792526803   36.471689512  -59.577466300   22.586937985

   -3.141592654   -2.443460953   34.832332612  -44.862151159   23.471517605
   -2.951193099   -2.443460953   27.616744483  -30.352395205   25.208160855
   -2.760793544   -2.443460953   23.429424666  -13.801095828   25.804082017
   -2.570393989   -2.443460953   22.230330947    0.470354582   25.594372495
   -2.379994435   -2.443460953   23.305487462    9.894719580   25.082192427
   -2.189594880   -2.443460953   25.686707911   14.374620144   24.758927974
   -1.999195325   -2.443460953   28.587987600   15.782371999   24.924682086
   -1.808795770   -2.443460953   31.665501459   16.625011901   25.550489717
   -1.618396215   -2.443460953   35.011095270   18.819655417   26.249928105
   -1.427996661   -2.443460953   38.957308382   22.898000260   26.370011827
   -1.237597106   -2.443460953   43.798351577   27.936285691   25.221569100
   -1.047197551   -2.443460953   49.548263196   32.063742043   22.355893623
   -0.856797996   -2.443460953   55.823054018   33.076553664   17.753084172
   -0.666398442   -2.443460953   61.851778662   29.179040968   11.836506033
   -0.475998887   -2.443460953   66.601073435   19.673736181    5.311697089
   -0.285599332   -2.443460953   69.026325856    4.946785211   -1.075587111
   -0.095199777   -2.443460953   68.278527326  -13.257596849   -6.724432653
    0.095199777   -2.443460953   63.962050299  -31.922777542  -11.239861161
    0.285599332   -2.443460953   56.376813254  -46.816589591  -14.421772638
    0.475998887   -2.443460953   46.698263513  -53.135981571  -16.197014103
    0.666398442   -2.443460953   36.946351331  -47.136477407  -16.599303406
    0.856797996   -2.443460953   29.587623554  -28.281407865  -15.774911191
    1.047197551   -2.443460953   26.764670063   -0.520956081  -13.982242726
    1.237597106   -2.443460953   29.474422802   28.383976676  -11.560224699
    1.427996661   -2.443460953   37.101926553   49.825206434   -8.826910886
    1.618396215   -2.443460953   47.586741870   57.768986099   -5.970972180
    1.808795770   -2.443460953   58.149908457   50.827890665   -2.998936477
    1.999195325   -2.443460953   66.183333307   31.974047410    0.221115999
    2.189594880   -2.443460953   69.923815019    6.748782643    3.847870313
    2.379994435   -2.443460953   68.739958445  -18.772231988    7.929846353
    2.570393989   -2.443460953   63.096982021  -39.345704939   12.326191759
    2.760793544   -2.443460953   54.319606809  -51.254925890   16.688643165
    2.951193099   -2.443460953   44.251337138  -52.832121317   20.551960881

   -3.141592654   -2.094395102   41.179335866  -41.067863683   13.995837874
   -2.951193099   -2.094395102   34.531940626  -28.178262296   15.006745159
   -2.760793544   -2.094395102   30.620167765  -13.013082001   15.357384579
   -2.570393989   -2.094395102   29.480133028    0.404470696   15.272751152
   -2.379994435   -2.094395102   30.509543624    9.569198308   14.998769889
   -2.189594880   -2.094395102   32.837257801   14.173898892   14.690083375
   -1.999195325   -2.094395102   35.713771531   15.677694946   14.345893599
   -1.808795770   -2.094395102   38.743604660   16.112632608   13.800246396
   -1.618396215   -2.094395102   41.885477070   17.033275621   12.777073895
   -1.427996661   -2.094395102   45.294688943   18.909871788   10.972878042
   -1.237597106   -2.094395102   49.116087280   21.179287993    8.181400180
   -1.047197551   -2.094395102   53.318606636   22.667747789    4.409942022
   -0.856797996   -2.094395102   57.620236696   21.963893584   -0.072206507
   -0.666398442   -2.094395102   61.482157064   17.804201081   -4.787922459
   -0.475998887   -2.094395102   64.159864756    9.522587349   -9.196056967
   -0.285599332   -2.094395102   64.858072226   -2.912478920  -12.862556725
   -0.095199777   -2.094395102   62.870833012  -18.388910190  -15.562806139
    0.095199777   -2.094395102   57.829209532  -34.463030300  -17.279001401
    0.285599332   -2.094395102   49.971863157  -47.209392585  -18.136748841
    0.475998887   -2.094395102   40.381546557  -51.887873020  -18.290921911
    0.666398442   -2.094395102   30.988789500  -44.671385094  -17.864213431
    0.856797996   -2.094395102   24.187212656  -24.932660795  -16.927997473
    1.047197551   -2.094395102   22.060905815    3.412180144  -15.515727377
    1.237597106   -2.094395102   25.554339496   32.649124304  -13.663918529
    1.427996661   -2.094395102   34.012669415   54.269849030  -11.422489439
    1.618396215   -2.094395102   45.359337304   62.384452009   -8.847568397
    1.808795770   -2.094395102   56.827289699   55.736441107   -5.995624325
    1.999195325   -2.094395102   65.837639026   37.344117413   -2.923765407
    2.189594880   -2.094395102   70.654629293   12.677018511    0.304814790
    2.379994435   -2.094395102   70.649065241  -12.361722160    3.597758679
    2.570393989   -2.094395102   66.249682520  -32.772672647    6.819925201
    2.760793544   -2.094395102   58.699609473  -45.042317443    9.773580925
    2.951193099   -2.094395102   49.732763653  -47.592087311   12.232158236

   -3.141592654   -1.745329252   43.623544029  -39.310314279    4.929291304
   -2.951193099   -1.745329252   37.234574994  -27.211416319    5.553011646
   -2.760793544   -1.745329252   33.442265090  -12.701404571    5.920294529
   -2.570393989   -1.745329252   32.311791315    0.206950717    6.045716284
   -2.379994435   -1.745329252   33.258388969    8.882067843    5.875301559
   -2.189594880   -1.745329252   35.396042525   12.821590809    5.270555730
   -1.999195325   -1.745329252   37.926158667   13.329833416    4.050819366
   -1.808795770   -1.745329252   40.385216096   12.414681603    2.070219835
   -1.618396215   -1.745329252   42.674132802   11.750884579   -0.701249126
   -1.427996661   -1.745329252   44.925917898   12.068241223   -4.146168664
   -1.237597106   -1.745329252   47.324499254   13.179600762   -8.001729695
   -1.047197551   -1.745329252   49.952758665   14.298227567  -11.893324734
   -0.856797996   -1.745329252   52.708337030   14.282677853  -15.394460718
   -0.666398442   -1.745329252   55.257912466   11.859783180  -18.108368148
   -0.475998887   -1.745329252   57.027871536    6.008130917  -19.761849854
   -0.285599332   -1.745329252   57.302365656   -3.878686683  -20.294345384
   -0.095199777   -1.745329252   55.340531662  -17.269015122  -19.885928674
    0.095199777   -1.745329252   50.645743447  -32.093854306  -18.904658075
    0.285599332   -1.745329252   43.286092914  -44.476761586  -17.789761092
    0.475998887   -1.745329252   34.195657724  -49.440265137  -16.876878255
    0.666398442   -1.745329252   25.220278611  -42.740014651  -16.284703706
    0.856797996   -1.745329252   18.749029730  -23.332631491  -15.887647832
    1.047197551   -1.745329252   16.928846150    5.110911887  -15.388263390
    1.237597106   -1.745329252   20.793752769   34.911366979  -14.475297273
    1.427996661   -1.745329252   29.763546354   57.398009749  -12.957714767
    1.618396215   -1.745329252   41.792979770   66.394174470  -10.836611775
    1.808795770   -1.745329252   54.091190608   60.381012953   -8.290666548
    1.999195325   -1.745329252   64.016720795   42.237115826   -5.596490114
    2.189594880   -1.745329252   69.760623666   17.455073355   -3.016471142
    2.379994435   -1.745329252   70.634320862   -7.940301132   -0.726348454
    2.570393989   -1.745329252   67.031002954  -28.854185481    1.206462401
    2.760793544   -1.745329252   60.170353978  -41.738900388    2.780481363
    2.951193099   -1.745329252   51.765490907  -45.027736446    4.017715285

   -3.141592654   -1.396263402   42.029107342  -39.124550254    1.807272292
   -2.951193099   -1.396263402   35.701038442  -26.755430405    1.718957588
   -2.760793544   -1.396263402   32.018670298  -12.041743031    1.482925073
   -2.570393989   -1.396263402   31.010862450    0.755428311    1.068431157
   -2.379994435   -1.396263402   32.009697399    8.773178076    0.330660707
   -2.189594880   -1.396263402   34.011176381   11.391851967   -0.978236585
   -1.999195325   -1.396263402   36.096127109   10.010289252   -3.108749446
   -1.808795770   -1.396263402   37.722041822    6.987435961   -6.171306280
   -1.618396215   -1.396263402   38.796979877    4.525396480  -10.021020155
   -1.427996661   -1.396263402   39.566795668    3.909849043  -14.251302530
   -1.237597106   -1.396263402   40.422701276    5.362650007  -18.289408155
   -1.047197551   -1.396263402   41.704098498    8.185572708  -21.545627309
   -0.856797996   -1.396263402   43.548856974   10.970338396  -23.555089205
   -0.666398442   -1.396263402   45.782274608   11.881818259  -24.072184689
   -0.475998887   -1.396263402   47.865231816    9.181487222  -23.112388217
   -0.285599332   -1.396263402   48.980463557    1.586877527  -20.960651519
   -0.095199777   -1.396263402   48.173201442  -10.855560734  -18.124595169
    0.095199777   -1.396263402   44.670071442  -26.236552754  -15.226962627
    0.285599332   -1.396263402   38.268542421  -40.431879654  -12.845599454
    0.475998887   -1.396263402   29.718636873  -47.841138834  -11.325312563
    0.666398442   -1.396263402   20.825898086  -43.368338199  -10.673605852
    0.856797996   -1.396263402   14.097296748  -25.197056236  -10.582500248
    1.047197551   -1.396263402   11.912750245    3.369115491  -10.567940147
    1.237597106   -1.396263402   15.558140134   34.491286111  -10.185742935
    1.427996661   -1.396263402   24.627943221   58.884774336   -9.191684290
    1.618396215   -1.396263402   37.113140874   69.589745840   -7.597467345
    1.808795770   -1.396263402   50.122434485   64.480335992   -5.623743110
    1.999195325   -1.396263402   60.834975294   46.237743098   -3.585029425
    2.189594880   -1.396263402   67.267332359   20.582285928   -1.759897712
    2.379994435   -1.396263402   68.625383907   -5.992261234   -0.313008345
    2.570393989   -1.396263402   65.288683086  -27.946266157    0.716180812
    2.760793544   -1.396263402   58.532081021  -41.472337951    1.368683364
    2.951193099   -1.396263402   50.152607208  -44.971871334    1.713062686

   -3.141592654   -1.047197551   39.296982634  -40.966072697    3.034574091
   -2.951193099   -1.047197551   32.645257354  -28.278433145    2.034180364
   -2.760793544   -1.047197551   28.713676830  -13.148543034    0.902315313
   -2.570393989   -1.047197551   27.519610452   -0.167000184   -0.350675494
   -2.379994435   -1.047197551   28.316608393    7.453632165   -1.868572462
   -2.189594880   -1.047197551   29.969497283    8.929807701   -3.933781265
   -1.999195325   -1.047197551   31.428916291    5.845636950   -6.823815190
   -1.808795770   -1.047197551   32.093521287    1.110255819  -10.606991142
   -1.618396215   -1.047197551   31.936732197   -2.363413116  -14.988867337
   -1.427996661   -1.047197551   31.396924695   -2.717877318  -19.332557678
   -1.237597106   -1.047197551   31.132790460    0.456764069  -22.852067793
   -1.047197551   -1.047197551   31.741339347    6.175800274  -24.876651097
   -0.856797996   -1.047197551   33.527696932   12.389840802  -25.059477206
   -0.666398442   -1.047197551   36.345974206   16.500856727  -23.447560287
   -0.475998887   -1.047197551   39.545482951   16.089190728  -20.426225820
   -0.285599332   -1.047197551   42.088640974    9.425941566  -16.610336431
   -0.095199777   -1.047197551   42.744237920   -3.572474941  -12.688220136
    0.095199777   -1.047197551   40.471038738  -20.778143761   -9.274472492
    0.285599332   -1.047197551   34.872478393  -37.514633021   -6.765681858
    0.475998887   -1.047197551   26.632672277  -47.429733215   -5.246235908
    0.666398442   -1.047197551   17.635956478  -44.705737150   -4.504816862
    0.856797996   -1.047197551   10.580469935  -27.092098437   -4.156547000
    1.047197551   -1.047197551    8.078266175    2.084237815   -3.800196417
    1.237597106   -1.047197551   11.603012572   34.567865114   -3.163495177
    1.427996661   -1.047197551   20.834115194   60.459251147   -2.157428680
    1.618396215   -1.047197551   33.731261337   72.225486351   -0.849108440
    1.808795770   -1.047197551   47.284632155   67.413444300    0.596790104
    1.999195325   -1.047197551   58.521525246   48.692998138    1.981284563
    2.189594880   -1.047197551   65.331617979   22.032432098    3.129227824
    2.379994435   -1.047197551   66.853679407   -5.720012456    3.921484660
    2.570393989   -1.047197551   63.464942916  -28.718400901    4.297656940
    2.760793544   -1.047197551   56.485146743  -42.978516697    4.250249633
    2.951193099   -1.047197551   47.779300069  -46.837722344    3.808593367

   -3.141592654   -0.698131701   38.632511591  -44.428898205    3.422741114
   -2.951193099   -0.698131701   31.322171069  -31.679022200    1.180675806
   -2.760793544   -0.698131701   26.766890895  -16.290456898   -1.187848776
   -2.570393989   -0.698131701   24.990087733   -3.203028247   -3.528648772
   -2.379994435   -0.698131701   25.180686884    4.012764695   -5.886520572
   -2.189594880   -0.698131701   26.088625753    4.454334003   -8.503382380
   -1.999195325   -0.698131701   26.566252459    0.005448124  -11.637362081
   -1.808795770   -0.698131701   26.011646131   -5.724948725  -15.300530786
   -1.618396215   -0.698131701   24.543724358   -9.057343096  -19.086354120
   -1.427996661   -0.698131701   22.865895206   -7.713902805  -22.236400306
   -1.237597106   -0.698131701   21.924901765   -1.475632571  -23.937934080
   -1.047197551   -0.698131701   22.514337466    7.934662957  -23.680579636
   -0.856797996   -0.698131701   24.969525805   17.529329508  -21.472562710
   -0.666398442   -0.698131701   29.006602084   23.937408220  -17.810521591
   -0.475998887   -0.698131701   33.724385493   24.334050135  -13.459103798
   -0.285599332   -0.698131701   37.795649974   17.000986705   -9.189162628
   -0.095199777   -0.698131701   39.734898418    2.182304435   -5.545270024
    0.095199777   -0.698131701   38.333610918  -17.417490216   -2.742792285
    0.285599332   -0.698131701   33.150921712  -36.427871826   -0.670256393
    0.475998887   -0.698131701   24.956383636  -47.875945390    0.984084115
    0.666398442   -0.698131701   15.815468662  -45.598483819    2.536051520
    0.856797996   -0.698131701    8.633872068  -27.393496426    4.123546532
    1.047197551   -0.698131701    6.185694724    2.996344661    5.664598768
    1.237597106   -0.698131701   10.010192086   36.756702006    6.950135581
    1.427996661   -0.698131701   19.751713654   63.530694323    7.808867871
    1.618396215   -0.698131701   33.269473043   75.559529345    8.225467517
    1.808795770   -0.698131701   47.433224829   70.392482679    8.326857495
    1.999195325   -0.698131701   59.164386739   50.841005789    8.275356685
    2.189594880   -0.698131701   66.279893246   23.062142091    8.162159373
    2.379994435   -0.698131701   67.881169676   -5.923999652    7.956948898
    2.570393989   -0.698131701   64.337625537  -30.115541193    7.518423082
    2.760793544   -0.698131701   56.990302798  -45.397969188    6.675557067
    2.951193099   -0.698131701   47.749869644  -49.978475754    5.307758670

   -3.141592654   -0.349065850   39.484784097  -49.648845395    3.342384732
   -2.951193099   -0.349065850   31.132027049  -37.295148753    0.191158752
   -2.760793544   -0.349065850   25.515037634  -21.744569720   -2.964771586
   -2.570393989   -0.349065850   22.737357088   -8.255021067   -5.907136982
   -2.379994435   -0.349065850   21.990747082   -0.845238136   -8.647206510
   -2.189594880   -0.349065850   21.956716191   -0.649435282  -11.398994421
   -1.999195325   -0.349065850   21.418335673   -5.544344759  -14.361505968
   -1.808795770   -0.349065850   19.796484229  -11.234839794  -17.437391570
   -1.618396215   -0.349065850   17.374552600  -13.320558515  -20.096350348
   -1.427996661   -0.349065850   15.120933158   -9.270326136  -21.528609901
   -1.237597106   -0.349065850   14.225025078    0.643771897  -21.041457539
   -1.047197551   -0.349065850   15.571011607   13.651178665  -18.455349991
   -0.856797996   -0.349065850   19.371323501   25.673984515  -14.249793898
   -0.666398442   -0.349065850   25.048999438   32.709869320   -9.365970562
   -0.475998887   -0.349065850   31.354107113   31.969711318   -4.805541427
   -0.285599332   -0.349065850   36.674857171   22.368887667   -1.257775098
   -0.095199777   -0.349065850   39.395848813    5.062131803    1.121284453
    0.095199777   -0.349065850   38.353603753  -16.358817603    2.672598229
    0.285599332   -0.349065850   33.293110480  -35.984538090    4.028445253
    0.475998887   -0.349065850   25.222874150  -46.843367107    5.785261210
    0.666398442   -0.349065850   16.395274153  -43.308166191    8.203920534
    0.856797996   -0.349065850    9.768524978  -23.958701045   11.060825196
    1.047197551   -0.349065850    8.028118535    6.827100740   13.770520730
    1.237597106   -0.349065850   12.546377678   40.065970574   15.696308818
    1.427996661   -0.349065850   22.817193846   65.722608234   16.471535057
    1.618396215   -0.349065850   36.636509238   76.566513163   16.153255984
    1.808795770   -0.349065850   50.903019063   70.536099821   15.124617473
    1.999195325   -0.349065850   62.610873360   50.508975818   13.841993697
    2.189594880   -0.349065850   69.633704011   22.429222551   12.600784379
    2.379994435   -0.349065850   71.076698874   -7.003357154   11.431555612
    2.570393989   -0.349065850   67.257522246  -31.993044218   10.134278101
    2.760793544   -0.349065850   59.447667192  -48.422365201    8.440634156
    2.951193099   -0.349065850   49.512372860  -54.240462252    6.168752388

   -3.141592654    0.000000000   40.744893394  -55.252372087    2.560483429
   -2.951193099    0.000000000   31.283478104  -43.218760226   -0.556952036
   -2.760793544    0.000000000   24.552039079  -27.442944960   -3.537843268
   -2.570393989    0.000000000   20.732371223  -13.489161699   -6.203936151
   -2.379994435    0.000000000   19.023254662   -5.768357491   -8.581451955
   -2.189594880    0.000000000   18.057077863   -5.550648366  -10.850877886
   -1.999195325    0.000000000   16.585617266  -10.380029264  -13.139912753
   -1.808795770    0.000000000   14.101637448  -15.267685884  -15.277532289
   -1.618396215    0.000000000   11.089867414  -15.238475188  -16.719672741
   -1.427996661    0.000000000    8.776805998   -7.810813936  -16.751039414
   -1.237597106    0.000000000    8.522162190    5.888897088  -14.897397851
   -1.047197551    0.000000000   11.168360227   21.812253669  -11.278779720
   -0.856797996    0.000000000   16.654218462   34.851447691   -6.652433395
   -0.666398442    0.000000000   24.003073234   40.759440483   -2.094023212
   -0.475998887    0.000000000   31.605601918   37.374482943    1.485957830
   -0.285599332    0.000000000   37.667682498   24.798029769    3.711453258
   -0.095199777    0.000000000   40.629243585    5.382943868    4.863725170
    0.095199777    0.000000000   39.575624868  -16.496884867    5.691302002
    0.285599332    0.000000000   34.584816467  -34.866107585    7.058853849
    0.475998887    0.000000000   26.937823469  -43.433954717    9.536398194
    0.666398442    0.000000000   18.978567431  -37.736884403   13.115835543
    0.856797996    0.000000000   13.529179525  -17.457600257   17.164830382
    1.047197551    0.000000000   12.977601749   12.512635512   20.699849981
    1.237597106    0.000000000   18.380742240   43.502034042   22.833440022
    1.427996661    0.000000000   29.042623420   66.405198839   23.155895455
    1.618396215    0.000000000   42.762772146   74.999634316   21.861414942
    1.808795770    0.000000000   56.599724748   67.785826357   19.570019760
    1.999195325    0.000000000   67.753869658   47.580593888   16.977542805
    2.189594880    0.000000000   74.245777080   19.815075384   14.552312151
    2.379994435    0.000000000   75.214963030   -9.435616396   12.409751556
    2.570393989    0.000000000   70.910281625  -34.759398018   10.365297825
    2.760793544    0.000000000   62.497258012  -52.064431555    8.136693645
    2.951193099    0.000000000   51.764052512  -58.975471630    5.528883882

   -3.141592654    0.349065850   42.562344147  -60.043329478    1.686041167
   -2.951193099    0.349065850   32.161198601  -48.201835508   -0.492517422
   -2.760793544    0.349065850   24.497076324  -32.179201343   -2.410546565
   -2.570393989    0.349065850   19.819789156  -17.736199880   -4.044158973
   -2.379994435    0.349065850   17.345748114   -9.576459706   -5.497425738
   -2.189594880    0.349065850   15.682644019   -9.076306996   -6.927413071
   -1.999195325    0.349065850   13.571085162  -13.513054515   -8.387783655
   -1.808795770    0.349065850   10.574135057  -17.368773645   -9.673253455
   -1.618396215    0.349065850    7.340160270  -15.292468076  -10.322306119
   -1.427996661    0.349065850    5.280518315   -5.013277256   -9.821192810
   -1.237597106    0.349065850    5.832227092   11.453696325   -7.936096779
   -1.047197551    0.349065850    9.714037002   28.941573300   -4.943284960
   -0.856797996    0.349065850   16.557809597   41.655333189   -1.566927885
   -0.666398442    0.349065850   25.029347810   45.528380095    1.367890367
   -0.475998887    0.349065850   33.278440337   39.374328344    3.353669955
   -0.285599332    0.349065850   39.493375403   24.595846472    4.442201567
   -0.095199777    0.349065850   42.328432010    4.572527309    5.214631729
    0.095199777    0.349065850   41.219283846  -15.955791252    6.486371737
    0.285599332    0.349065850   36.587268008  -31.466853434    8.931745880
    0.475998887    0.349065850   29.900766287  -36.797163399   12.745384289
    0.666398442    0.349065850   23.443864758  -28.883889255   17.497544399
    0.856797996    0.349065850   19.732966382   -8.462744119   22.234483150
    1.047197551    0.349065850   20.722959534   19.356978473   25.835809149
    1.237597106    0.349065850   27.089647602   46.621702734   27.464440050
    1.427996661    0.349065850   37.957306223   65.525242673   26.879136952
    1.618396215    0.349065850   51.197248226   71.079630376   24.472835534
    1.808795770    0.349065850   64.122656880   62.409865879   21.031802496
    1.999195325    0.349065850   74.234340158   42.205667655   17.367089108
    2.189594880    0.349065850   79.773163020   15.250443503   14.019304140
    2.379994435    0.349065850   79.958873496  -13.156566374   11.160333476
    2.570393989    0.349065850   74.989945528  -38.120876893    8.668045135
    2.760793544    0.349065850   65.921604862  -55.676962372    6.328859873
    2.951193099    0.349065850   54.444300155  -63.198128721    3.997937986

   -3.141592654    0.698131701   44.241212868  -62.711351588    0.278524811
   -2.951193099    0.698131701   33.352997495  -50.619377929   -0.416287091
   -2.760793544    0.698131701   25.254013803  -34.320684759   -0.751292698
   -2.570393989    0.698131701   20.188023328  -19.691700138   -0.896621659
   -2.379994435    0.698131701   17.345725040  -11.508073192   -1.047282816
   -2.189594880    0.698131701   15.308087289  -11.075984014   -1.353703496
   -1.999195325    0.698131701   12.819025706  -15.420030189   -1.853794462
   -1.808795770    0.698131701    9.503692944  -18.700506804   -2.425234082
   -1.618396215    0.698131701    6.120984002  -15.421854839   -2.821114671
   -1.427996661    0.698131701    4.185025987   -3.563564220   -2.785440030
   -1.237597106    0.698131701    5.148730297   14.227547570   -2.212517091
   -1.047197551    0.698131701    9.617607838   32.140471183   -1.233326382
   -0.856797996    0.698131701   17.021411610   44.167348266   -0.138061349
   -0.666398442    0.698131701   25.844630430   46.663984795    0.831882867
   -0.475998887    0.698131701   34.186439968   39.318977151    1.684947064
   -0.285599332    0.698131701   40.356870283   24.415969382    2.736902513
   -0.095199777    0.698131701   43.263807840    5.756464146    4.494929727
    0.095199777    0.698131701   42.615398171  -12.140859694    7.401153880
    0.285599332    0.698131701   39.004265252  -24.575022511   11.587082073
    0.475998887    0.698131701   33.877328458  -27.516468995   16.709961068
    0.666398442    0.698131701   29.285287106  -18.932138580   21.976816712
    0.856797996    0.698131701   27.360313516   -0.029834989   26.353431598
    1.047197551    0.698131701   29.656957258   24.404809551   28.913319482
    1.237597106    0.698131701   36.582565297   47.410647226   29.173592476
    1.427996661    0.698131701   47.214647844   62.426927521   27.240258042
    1.618396215    0.698131701   59.595470032   65.427206975   23.713861514
    1.808795770    0.698131701   71.333083928   55.850478065   19.412882919
    1.999195325    0.698131701   80.219628123   36.060552359   15.076376732
    2.189594880    0.698131701   84.685092721   10.167386259   11.173002449
    2.379994435    0.698131701   84.008001173  -17.184113122    7.887361876
    2.570393989    0.698131701   78.345821554  -41.444575637    5.207574532
    2.760793544    0.698131701   68.680924695  -58.666970033    3.068746151
    2.951193099    0.698131701   56.649071890  -66.030287878    1.427996377

   -3.141592654    1.047197551   43.069835551  -63.647935227   -4.570930485
   -2.951193099    1.047197551   32.098810584  -50.574144901   -3.777886024
   -2.760793544    1.047197551   24.077797192  -33.598969329   -2.558744458
   -2.570393989    1.047197551   19.183185794  -18.669829649   -1.238611343
   -2.379994435    1.047197551   16.535703961  -10.524922872   -0.071384187
   -2.189594880    1.047197551   14.662336943  -10.358283209    0.803794094
   -1.999195325    1.047197551   12.276197604  -15.059112246    1.334277452
   -1.808795770    1.047197551    8.996463853  -18.677734748    1.512028307
   -1.618396215    1.047197551    5.591944470  -15.660565947    1.346083475
   -1.427996661    1.047197551    3.591285065   -3.999900346    0.877970452
   -1.237597106    1.047197551    4.454486829   13.596152819    0.208376168
   -1.047197551    1.047197551    8.785452136   31.322868440   -0.488903202
   -0.856797996    1.047197551   16.027071904   43.326912444   -0.961655389
   -0.666398442    1.047197551   24.723009032   46.273145363   -0.897479450
   -0.475998887    1.047197551   33.094768976   40.172524280    0.039524396
   -0.285599332    1.047197551   39.618165908   27.410591807    2.144300345
   -0.095199777    1.047197551   43.352390534   11.508908641    5.577689493
    0.095199777    1.047197551   44.065841277   -3.659724859   10.248966233
    0.285599332    1.047197551   42.266302270  -14.247056528   15.740153144
    0.475998887    1.047197551   39.156094359  -16.980313722   21.292308046
    0.666398442    1.047197551   36.431387815  -10.183342530   25.941554615
    0.856797996    1.047197551   35.859582745    5.199816283   28.779667831
    1.047197551    1.047197551   38.738847724   25.240636975   29.244388326
    1.237597106    1.047197551   45.415172359   44.087363766   27.316925410
    1.427996661    1.047197551   55.104741739   56.094572913   23.495433058
    1.618396215    1.047197551   66.115725854   57.622793902   18.575583134
    1.808795770    1.047197551   76.338262783   47.924456345   13.357053873
    1.999195325    1.047197551   83.775590269   28.846797973    8.437992668
    2.189594880    1.047197551   86.963839653    3.982608766    4.149333421
    2.379994435    1.047197551   85.208590671  -22.337157972    0.635610567
    2.570393989    1.047197551   78.659084532  -45.614292124   -2.038468868
    2.760793544    1.047197551   68.294904906  -61.824895283   -3.812021463
    2.951193099    1.047197551   55.763564940  -68.087551722   -4.643973318

   -3.141592654    1.396263402   37.946867313  -62.367226966   -9.897225123
   -2.951193099    1.396263402   27.412220606  -47.366919989   -8.520200936
   -2.760793544    1.396263402   20.124273156  -29.247048112   -6.704312312
   -2.570393989    1.396263402   16.098108322  -14.033654125   -4.792696788
   -2.379994435    1.396263402   14.302573153   -6.305449316   -2.986242972
   -2.189594880    1.396263402   13.153811322   -7.029813579   -1.333998822
   -1.999195325    1.396263402   11.291038873  -12.936711216    0.151509822
   -1.808795770    1.396263402    8.281455420  -17.999313675    1.370894025
   -1.618396215    1.396263402    4.858162632  -16.544447173    2.116811616
   -1.427996661    1.396263402    2.550330713   -6.292516323    2.206995302
   -1.237597106    1.396263402    2.885548094   10.458514518    1.669504435
   -1.047197551    1.396263402    6.615359287   28.321539207    0.834793642
   -0.856797996    1.396263402   13.393501334   41.653835689    0.270451828
   -0.666398442    1.396263402   21.986856195   47.019288646    0.575836504
   -0.475998887    1.396263402   30.791138541   44.038637066    2.175135936
   -0.285599332    1.396263402   38.360402988   34.490789407    5.199124614
   -0.095199777    1.396263402   43.706819346   21.203601405    9.449005984
    0.095199777    1.396263402   46.419712531    7.392574373   14.418700305
    0.285599332    1.396263402   46.717301844   -3.591075224   19.364366626
    0.475998887    1.396263402   45.446884129   -8.617299687   23.406002459
    0.666398442    1.396263402   43.967340712   -5.660855544   25.728767998
    0.856797996    1.396263402   43.824587075    5.153629259   25.832376270
    1.047197551    1.396263402   46.278580947   20.958472418   23.696666253
    1.237597106    1.396263402   51.827161624   36.767723100   19.793967275
    1.427996661    1.396263402   59.956309913   47.269366855   14.889977047
    1.618396215    1.396263402   69.250924189   48.581505076    9.748706260
    1.808795770    1.396263402   77.793859318   39.389183825    4.900267240
    1.999195325    1.396263402   83.673645775   21.018933384    0.591845386
    2.189594880    1.396263402   85.437949130   -3.145642723   -3.121071469
    2.379994435    1.396263402   82.398347714  -28.655784013   -6.210378175
    2.570393989    1.396263402   74.751954391  -50.726459200   -8.574051758
    2.760793544    1.396263402   63.574271098  -65.149992986  -10.042910375
    2.951193099    1.396263402   50.618146847  -69.148314222  -10.480524517

   -3.141592654    1.745329252   31.647428743  -60.245801991  -16.243973122
   -2.951193099    1.745329252   21.680752475  -43.651278648  -14.917202261
   -2.760793544    1.745329252   15.184902650  -24.785439403  -12.931549724
   -2.570393989    1.745329252   12.019624871   -9.550292383  -10.571504939
   -2.379994435    1.745329252   11.045654773   -2.200192362   -8.006841582
   -2.189594880    1.745329252   10.628796923   -3.473639146   -5.270174394
   -1.999195325    1.745329252    9.376295146  -10.136048879   -2.387277633
   -1.808795770    1.745329252    6.798185461  -16.352106408    0.468609821
   -1.618396215    1.745329252    3.545490211  -16.454567469    2.939838498
   -1.427996661    1.745329252    1.102449188   -7.756654468    4.652982514
   -1.237597106    1.745329252    1.064067345    8.165631113    5.479447394
   -1.047197551    1.745329252    4.384979439   26.567840589    5.685302339
   -0.856797996    1.745329252   11.001925222   41.934131730    5.856829078
   -0.666398442    1.745329252   19.929990460   50.350888200    6.621655891
   -0.475998887    1.745329252   29.679334280   50.582861386    8.359557747
   -0.285599332    1.745329252   38.747344054   43.500953197   11.064967456
   -0.095199777    1.745329252   45.935073187   31.251260584   14.349832710
    0.095199777    1.745329252   50.519568369   16.695629188   17.561860125
    0.285599332    1.745329252   52.374539772    3.182952489   19.950538993
    0.475998887    1.745329252   52.039877039   -5.737364780   20.834683100
    0.666398442    1.745329252   50.685600002   -7.217833034   19.807899634
    0.856797996    1.745329252   49.853436092   -0.359377494   16.906590133
    1.047197551    1.745329252   50.985184515   12.854121354   12.614177802
    1.237597106    1.745329252   54.880782417   27.776449007    7.702624504
    1.427996661    1.745329252   61.328373205   38.763301880    2.934787510
    1.618396215    1.745329252   69.105790419   41.175934426   -1.211056321
    1.808795770    1.745329252   76.338892986   32.973065837   -4.640384131
    1.999195325    1.745329252   81.056362380   15.151467177   -7.529441593
    2.189594880    1.745329252   81.729441612   -8.749053364  -10.116159433
    2.379994435    1.745329252   77.656823168  -33.824098047  -12.501100108
    2.570393989    1.745329252   69.113448266  -54.851069027  -14.567879124
    2.760793544    1.745329252   57.309007829  -67.485167272  -16.045422273
    2.951193099    1.745329252   44.118078996  -69.216706617  -16.651347926

   -3.141592654    2.094395102   24.698657033  -59.256891923  -18.592039399
   -2.951193099    2.094395102   15.071682347  -41.144237365  -17.297955990
   -2.760793544    2.094395102    9.162474207  -21.220865198  -15.300751490
   -2.570393989    2.094395102    6.742120809   -5.350058501  -12.846450563
   -2.379994435    2.094395102    6.613137101    2.465306016  -10.070202850
   -2.189594880    2.094395102    7.129790938    1.662201161   -6.955025220
   -1.999195325    2.094395102    6.894183411   -4.641432993   -3.456481494
   -1.808795770    2.094395102    5.361983100  -10.978721172    0.313958297
   -1.618396215    2.094395102    3.063340639  -11.937097619    4.007299858
   -1.427996661    2.094395102    1.352607197   -4.634483671    7.174281035
   -1.237597106    2.094395102    1.779493992   10.003328703    9.524697932
   -1.047197551    2.094395102    5.391129018   27.959825653   11.108206133
   -0.856797996    2.094395102   12.321666676   44.010362050   12.274708178
   -0.666398442    2.094395102   21.779360487   53.901660101   13.428696551
   -0.475998887    2.094395102   32.354696491   55.640077862   14.765971324
   -0.285599332    2.094395102   42.470615563   49.258689320   16.168946398
   -0.095199777    2.094395102   50.716139252   36.347409048   17.239191722
    0.095199777    2.094395102   56.087579451   19.623406355   17.452960491
    0.285599332    2.094395102   58.193419085    2.725821244   16.347548492
    0.475998887    2.094395102   57.402944987  -10.083933824   13.682089817
    0.666398442    2.094395102   54.879062506  -14.978314235    9.580725241
    0.856797996    2.094395102   52.347798594  -10.144570196    4.575174639
    1.047197551    2.094395102   51.572306536    2.922090993   -0.544382046
    1.237597106    2.094395102   53.700035556   19.358858009   -4.996725798
    1.427996661    2.094395102   58.763635671   32.693491997   -8.305602126
    1.618396215    2.094395102   65.602249011   37.279482858  -10.458813549
    1.808795770    2.094395102   72.233310372   30.373663454  -11.832981489
    1.999195325    2.094395102   76.496506795   12.834221245  -12.944012438
    2.189594880    2.094395102   76.698222645  -11.434120420  -14.186925555
    2.379994435    2.094395102   72.069811666  -36.921326265  -15.673531494
    2.570393989    2.094395102   62.933088232  -57.867364112  -17.215191482
    2.760793544    2.094395102   50.620574143  -69.672637286  -18.443767663
    2.951193099    2.094395102   37.143595141  -69.937067935  -18.979533734

   -3.141592654    2.443460953   18.560524298  -58.404415154  -13.082906206
   -2.951193099    2.443460953    9.216681497  -39.070001427  -11.645446219
   -2.760793544    2.443460953    3.799965741  -18.181535217   -9.717330893
   -2.570393989    2.443460953    2.031868526   -1.568336911   -7.467024030
   -2.379994435    2.443460953    2.692090165    6.988035893   -4.941839579
   -2.189594880    2.443460953    4.154643191    7.101278640   -2.021433077
   -1.999195325    2.443460953    5.051177060    1.793806478    1.463667559
   -1.808795770    2.443460953    4.818834444   -3.857173741    5.520839499
   -1.618396215    2.443460953    3.888132297   -4.831932303    9.855291292
   -1.427996661    2.443460953    3.465934911    1.679792987   13.942549857
   -1.237597106    2.443460953    4.982591450   15.102130063   17.268747709
   -1.047197551    2.443460953    9.453647408   31.936309542   19.562962218
   -0.856797996    2.443460953   17.064502731   47.241880324   20.848359966
   -0.666398442    2.443460953   27.089492683   56.626247510   21.293418743
   -0.475998887    2.443460953   38.124971965   57.676700648   21.000723796
   -0.285599332    2.443460953   48.515755390   49.978334431   19.911251181
   -0.095199777    2.443460953   56.708284155   34.931994299   17.821017848
    0.095199777    2.443460953   61.551423769   15.408287215   14.527150543
    0.285599332    2.443460953   62.568402549   -4.485442799    9.985521140
    0.475998887    2.443460953   60.155001868  -19.778045127    4.433942958
    0.666398442    2.443460953   55.641802768  -25.906577294   -1.560528901
    0.856797996    2.443460953   51.045182087  -20.603154755   -7.184562501
    1.047197551    2.443460953   48.456678509   -5.426675144  -11.627199349
    1.237597106    2.443460953   49.279954468   14.092903039  -14.368182111
    1.427996661    2.443460953   53.638751525   30.469050671  -15.377908081
    1.618396215    2.443460953   60.273925617   37.164356082  -15.110371863
    1.808795770    2.443460953   66.978260896   31.046003815  -14.271127424
    1.999195325    2.443460953   71.349670494   13.160287682  -13.508690944
    2.189594880    2.443460953   71.528759006  -12.026764390  -13.192076467
    2.379994435    2.443460953   66.699811897  -38.366193119  -13.352785416
    2.570393989    2.443460953   57.246047864  -59.638554851  -13.753430442
    2.760793544    2.443460953   44.621201198  -71.064369619  -14.040396047
    2.951193099    2.443460953   30.964375920  -70.351133135  -13.882443705

   -3.141592654    2.792526803   15.191099944  -57.076855005    1.266130440
   -2.951193099    2.792526803    6.169310125  -37.038868636    3.362617285
   -2.760793544    2.792526803    1.201884469  -15.516519102    5.233322056
   -2.570393989    2.792526803    0.000000000    1.718589398    6.820760151
   -2.379994435    2.792526803    1.357656497   11.066557064    8.288060475
   -2.189594880    2.792526803    3.696641421   12.275943285   10.006998758
   -1.999195325    2.792526803    5.701468684    8.263043687   12.394909096
   -1.808795770    2.792526803    6.812665884    3.706537805   15.654483450
   -1.618396215    2.792526803    7.376093553    3.152000998   19.581019535
   -1.427996661    2.792526803    8.440401808    9.151952173   23.578132903
   -1.237597106    2.792526803   11.263177694   21.239028070   26.886432408
   -1.047197551    2.792526803   16.734253723   36.252180976   28.883820069
   -0.856797996    2.792526803   24.975924233   49.527585776   29.259205012
   -0.666398442    2.792526803   35.231217958   56.716828342   27.997169693
   -0.475998887    2.792526803   46.054188935   55.300683153   25.238233293
   -0.285599332    2.792526803   55.730287182   44.796200181   21.165524163
   -0.095199777    2.792526803   62.654464222   26.797921808   15.960996161
    0.095199777    2.792526803   65.687444318    4.628006388    9.867739682
    0.285599332    2.792526803   64.468069328  -16.997576926    3.257358868
    0.475998887    2.792526803   59.622248357  -32.537591212   -3.324031537
    0.666398442    2.792526803   52.795587210  -37.140445984   -9.190708530
    0.856797996    2.792526803   46.333231821  -28.737677975  -13.647929950
    1.047197551    2.792526803   42.566837828   -9.591697832  -16.213655607
    1.237597106    2.792526803   42.970636887   13.750963967  -16.806285225
    1.427996661    2.792526803   47.547628050   32.875580022  -15.788369272
    1.618396215    2.792526803   54.780841909   40.789976060  -13.821063171
    1.808795770    2.792526803   62.177529362   34.512990701  -11.582792533
    1.999195325    2.792526803   67.122776188   15.654668812   -9.523860587
    2.189594880    2.792526803   67.664711690  -10.684656786   -7.773114491
    2.379994435    2.792526803   63.001009363  -37.892523625   -6.215719664
    2.570393989    2.792526803   53.592506048  -59.553580672   -4.636574311
    2.760793544    2.792526803   40.986735800  -70.881065297   -2.870781875
    2.951193099    2.792526803   27.405714661  -69.693789891   -0.874076257
