#! FIELDS phi psi file.free der_phi der_psi
#! SET min_phi -pi
#! SET max_phi pi
#! SET nbins_phi  33
#! SET periodic_phi true
#! SET min_psi -pi
#! SET max_psi pi
#! SET nbins_psi  18
#! SET periodic_psi true
   -3.141592654   -3.141592654   18.194895436  -53.741370242   17.156324321
   -2.951193099   -3.141592654    9.702394236  -34.846154099   19.663257614
   -2.760793544   -3.141592654    5.046226381  -14.406801630   21.190622775
   -2.570393989   -3.141592654    3.982828570    2.162518765   21.861637584
   -2.379994435   -3.141592654    5.420288337   11.610654119   22.117637244
   -2.189594880   -3.141592654    7.946771767   13.858589185   22.600764715
   -1.999195325   -3.141592654   10.415817711   11.644999871   23.907358642
   -1.808795770   -3.141592654   12.363084526    9.074402343   26.287009006
   -1.618396215   -3.141592654   14.095177554    9.896135430   29.457488386
   -1.427996661   -3.141592654   16.474844255   15.975794648   32.650469245
   -1.237597106   -3.141592654   20.477899372   26.564416880   34.896786695
   -1.047197551   -3.141592654   26.705187828   38.683361651   35.403006066
   -0.856797996   -3.141592654   35.057606610   48.165408891   33.803138391
   -0.666398442   -3.141592654   44.662457379   51.248009307   30.194685709
   -0.475998887   -3.141592654   54.066466795   45.954162650   24.990620656
   -0.285599332   -3.141592654   61.645662588   32.277250086   18.724450372
   -0.095199777   -3.141592654   65.970805704   12.249566649   11.908063362
    0.095199777   -3.141592654   66.156238784  -10.458983179    5.010928043
    0.285599332   -3.141592654   62.146779579  -30.928972053   -1.520255282
    0.475998887   -3.141592654   54.890698176  -43.668983254   -7.212727201
    0.666398442   -3.141592654   46.315625858  -44.204932367  -11.585842647
    0.856797996   -3.141592654   38.944867957  -31.184523453  -14.244257240
    1.047197551   -3.141592654   35.129395177   -7.780767203  -15.029022215
    1.237597106   -3.141592654   36.192835924   18.637332693  -14.121991163
    1.427996661   -3.141592654   41.866235663   39.254437999  -12.002160566
    1.618396215   -3.141592654   50.339268115   47.259478975   -9.258107588
    1.808795770   -3.141592654   58.908339097   40.304634047   -6.344504813
    1.999195325   -3.141592654   64.881671730   20.713601948   -3.439469193
    2.189594880   -3.141592654   66.344741260   -5.987870524   -0.465484357
    2.379994435   -3.141592654   62.573316382  -33.168189533    2.748954167
    2.570393989   -3.141592654   54.078573442  -54.699576169    6.302156165
    2.760793544   -3.141592654   42.394734165  -66.120866081   10.097430916
    2.951193099   -3.141592654   29.679851831  -65.441514983   13.846864841

   -3.141592654   -2.792526803   26.004465253  -49.191848183   25.832898938
   -2.951193099   -2.792526803   18.175094543  -32.464653062   28.124435013
   -2.760793544   -2.792526803   13.774544466  -14.030702728   29.115956395
   -2.570393989   -2.792526803   12.645802666    1.264624958   29.120209959
   -2.379994435   -2.792526803   13.881791871   10.607611763   28.726353564
   -2.189594880   -2.792526803   16.310138347   14.029337717   28.616444156
   -1.999195325   -2.792526803   19.001892786   13.909248034   29.320489723
   -1.808795770   -2.792526803   21.595317725   13.531962548   30.972910493
   -1.618396215   -2.792526803   24.318582057   15.615293713   33.193142998
   -1.427996661   -2.792526803   27.771219315   21.198798740   35.157274945
   -1.237597106   -2.792526803   32.560101693   29.296161196   35.885269929
   -1.047197551   -2.792526803   38.940556873   37.387459234   34.616634853
   -0.856797996   -2.792526803   46.607263858   42.262719950   31.080851832
   -0.666398442   -2.792526803   54.677654229   41.196290178   25.550123058
   -0.475998887   -2.792526803   61.864746221   32.979263166   18.676772043
   -0.285599332   -2.792526803   66.818934359   17.955964836   11.237563399
   -0.095199777   -2.792526803   68.414158975   -1.846975322    3.934366767
    0.095199777   -2.792526803   66.044248751  -23.005026336   -2.670176617
    0.285599332   -2.792526803   59.876016882  -40.914013235   -8.150843771
    0.475998887   -2.792526803   51.018187912  -50.422883615  -12.172668058
    0.666398442   -2.792526803   41.491180028  -47.428589934  -14.508923437
    0.856797996   -2.792526803   33.833536354  -31.021711821  -15.103095198
    1.047197551   -2.792526803   30.323744757   -4.854446444  -14.131222296
    1.237597106   -2.792526803   32.130682108   23.362706668  -11.994144251
    1.427996661   -2.792526803   38.792722231   44.775730184   -9.189534948
    1.618396215   -2.792526803   48.333824665   52.895622791   -6.123689936
    1.808795770   -2.792526803   57.969480445   45.893422815   -2.963747691
    1.999195325   -2.792526803   65.021047839   26.520275385    0.370873486
    2.189594880   -2.792526803   67.641507498    0.410418555    4.087285027
    2.379994435   -2.792526803   65.159893880  -26.028291782    8.325440992
    2.570393989   -2.792526803   58.076955271  -47.100120337   13.019209208
    2.760793544   -2.792526803   47.834290331  -58.727170009   17.841485186
    2.951193099   -2.792526803   36.441839589  -59.100523160   22.288136191

   -3.141592654   -2.443460953   34.837740047  -44.300751254   23.329901871
   -2.951193099   -2.443460953   27.719638926  -29.897678094   25.153254312
   -2.760793544   -2.443460953   23.604240311  -13.507439646   25.828458097
   -2.570393989   -2.443460953   22.441816199    0.556376020   25.668591712
   -2.379994435   -2.443460953   23.511276496    9.749614144   25.167291020
   -2.189594880   -2.443460953   25.842620819   14.003555905   24.820820004
   -1.999195325   -2.443460953   28.653874385   15.215847570   24.944001695
   -1.808795770   -2.443460953   31.608938549   15.916404205   25.524461952
   -1.618396215   -2.443460953   34.810741803   18.030100559   26.188032286
   -1.427996661   -2.443460953   38.603420745   22.086715225   26.288126049
   -1.237597106   -2.443460953   43.291885889   27.154372023   25.137374195
   -1.047197551   -2.443460953   48.898955607   31.354934350   22.287247584
   -0.856797996   -2.443460953   55.048763386   32.481905313   17.718424968
   -0.666398442   -2.443460953   60.978612809   28.745935883   11.855253100
   -0.475998887   -2.443460953   65.664405617   19.450321632    5.402111178
   -0.285599332   -2.443460953   68.069103615    4.958011914   -0.902366603
   -0.095199777   -2.443460953   67.343729525  -13.040725419   -6.472684914
    0.095199777   -2.443460953   63.080797187  -31.594915128  -10.935240768
    0.285599332   -2.443460953   55.557785293  -46.510158573  -14.109939409
    0.475998887   -2.443460953   45.926289343  -52.958075950  -15.933655248
    0.666398442   -2.443460953   36.193062207  -47.112746565  -16.434532435
    0.856797996   -2.443460953   28.828571136  -28.348322635  -15.738830352
    1.047197551   -2.443460953   25.992358330   -0.573287212  -14.077395580
    1.237597106   -2.443460953   28.700174756   28.425624299  -11.763011538
    1.427996661   -2.443460953   36.346591888   49.982346012   -9.097257912
    1.618396215   -2.443460953   46.870272763   58.015176431   -6.266320225
    1.808795770   -2.443460953   57.485967799   51.131101816   -3.287808447
    1.999195325   -2.443460953   65.581622774   32.326550478   -0.048728768
    2.189594880   -2.443460953   69.395050154    7.167120366    3.591702557
    2.379994435   -2.443460953   68.298374483  -18.272507442    7.674768691
    2.570393989   -2.443460953   62.757827603  -38.771013423   12.067426475
    2.760793544   -2.443460953   54.094270983  -50.636688473   16.439215960
    2.951193099   -2.443460953   44.144076729  -52.217431157   20.340707306

   -3.141592654   -2.094395102   41.172722600  -40.375085880   13.954740012
   -2.951193099   -2.094395102   34.647360649  -27.602711880   14.999001438
   -2.760793544   -2.094395102   30.827020948  -12.639762181   15.372791758
   -2.570393989   -2.094395102   29.733386975    0.511758197   15.295638476
   -2.379994435   -2.094395102   30.755746752    9.390407331   15.014853498
   -2.189594880   -2.094395102   33.023608936   13.736048023   14.692376698
   -1.999195325   -2.094395102   35.796631062   15.041650145   14.338372286
   -1.808795770   -2.094395102   38.692801137   15.359902904   13.797737056
   -1.618396215   -2.094395102   41.686500522   16.244196478   12.802013620
   -1.427996661   -2.094395102   44.947227525   18.151134720   11.050299186
   -1.237597106   -2.094395102   48.630856296   20.498881263    8.332350197
   -1.047197551   -2.094395102   52.713658130   22.097898777    4.646428413
   -0.856797996   -2.094395102   56.919005456   21.528723482    0.249769882
   -0.666398442   -2.094395102   60.712791363   17.530963896   -4.392385348
   -0.475998887   -2.094395102   63.355648464    9.436453507   -8.748674623
   -0.285599332   -2.094395102   64.055282274   -2.811688664  -12.392317425
   -0.095199777   -2.094395102   62.101046591  -18.154013077  -15.103766674
    0.095199777   -2.094395102   57.108247996  -34.204299264  -16.867395289
    0.285599332   -2.094395102   49.291518928  -47.059446116  -17.805965682
    0.475998887   -2.094395102   39.711442785  -51.935553708  -18.065404103
    0.666398442   -2.094395102   30.290364754  -44.909478582  -17.754129211
    0.856797996   -2.094395102   23.432816527  -25.258936148  -16.927719941
    1.047197551   -2.094395102   21.246956420    3.138036330  -15.606674910
    1.237597106   -2.094395102   24.701846993   32.531222314  -13.819700537
    1.427996661   -2.094395102   33.155587921   54.340253735  -11.614583625
    1.618396215   -2.094395102   44.531308390   62.612209559   -9.050264831
    1.808795770   -2.094395102   56.053422422   56.071562149   -6.189957946
    1.999195325   -2.094395102   65.134815652   37.753224696   -3.099586736
    2.189594880   -2.094395102   70.036032704   13.154915328    0.149066365
    2.379994435   -2.094395102   70.128540753  -11.806416242    3.459122197
    2.570393989   -2.094395102   65.842443076  -32.136576836    6.697021658
    2.760793544   -2.094395102   58.419776082  -44.340432703    9.670430237
    2.951193099   -2.094395102   49.589801420  -46.863813838   12.156743827

   -3.141592654   -1.745329252   43.647425921  -38.647886319    4.872604940
   -2.951193099   -1.745329252   37.373266329  -26.680249878    5.476897310
   -2.760793544   -1.745329252   33.663407072  -12.376145624    5.816653127
   -2.570393989   -1.745329252   32.570867777    0.275619159    5.917968613
   -2.379994435   -1.745329252   33.504961637    8.686098111    5.739036961
   -2.189594880   -1.745329252   35.582366983   12.398039040    5.149715805
   -1.999195325   -1.745329252   38.015391538   12.748037805    3.973574385
   -1.808795770   -1.745329252   40.355525919   11.763736029    2.065565043
   -1.618396215   -1.745329252   42.520556579   11.115943921   -0.606403498
   -1.427996661   -1.745329252   44.657950622   11.511465319   -3.930695139
   -1.237597106   -1.745329252   46.960470965   12.731024482   -7.656137759
   -1.047197551   -1.745329252   49.513490898   13.957535712  -11.424610931
   -0.856797996   -1.745329252   52.212974280   14.033878213  -14.828145515
   -0.666398442   -1.745329252   54.722844116   11.693510020  -17.485591577
   -0.475998887   -1.745329252   56.468772077    5.926208950  -19.132885312
   -0.285599332   -1.745329252   56.735220733   -3.880731345  -19.710581410
   -0.095199777   -1.745329252   54.777680025  -17.229004364  -19.392103362
    0.095199777   -1.745329252   50.088206668  -32.091087943  -18.532175455
    0.285599332   -1.745329252   42.717819056  -44.603299000  -17.551363177
    0.475998887   -1.745329252   33.586309932  -49.744039468  -16.765235838
    0.666398442   -1.745329252   24.538435593  -43.181859464  -16.275898277
    0.856797996   -1.745329252   17.978825434  -23.794342293  -15.949613238
    1.047197551   -1.745329252   16.079861935    4.768999437  -15.491008325
    1.237597106   -1.745329252   19.898840896   34.781487954  -14.597793428
    1.427996661   -1.745329252   28.865791783   57.496662961  -13.089078493
    1.618396215   -1.745329252   40.932368457   66.676901809  -10.972496185
    1.808795770   -1.745329252   53.296856434   60.787287893   -8.427960893
    1.999195325   -1.745329252   63.307669421   42.723165341   -5.729893831
    2.189594880   -1.745329252   69.150123081   18.004877788   -3.138637330
    2.379994435   -1.745329252   70.134290796   -7.327700869   -0.830226832
    2.570393989   -1.745329252   66.653222211  -28.181848396    1.124622232
    2.760793544   -1.745329252   59.924687612  -41.024308341    2.718342952
    2.951193099   -1.745329252   51.656924339  -44.309580041    3.965651316

   -3.141592654   -1.396263402   42.042465585  -38.564336893    1.666853567
   -2.951193099   -1.396263402   35.807970741  -26.340879346    1.516901329
   -2.760793544   -1.396263402   32.186867361  -11.816921359    1.214575629
   -2.570393989   -1.396263402   31.201933396    0.771128985    0.752813087
   -2.379994435   -1.396263402   32.184412303    8.591557823    0.006762565
   -2.189594880   -1.396263402   34.135343287   11.055585078   -1.262701921
   -1.999195325   -1.396263402   36.146445386    9.584090530   -3.308207685
   -1.808795770   -1.396263402   37.688918740    6.552169279   -6.248992286
   -1.618396215   -1.396263402   38.685953883    4.155972125   -9.951823061
   -1.427996661   -1.396263402   39.395350031    3.650285004  -14.023365108
   -1.237597106   -1.396263402   40.212434817    5.211691743  -17.907411650
   -1.047197551   -1.396263402   41.471851440    8.098830760  -21.033191859
   -0.856797996   -1.396263402   43.300935429   10.884998957  -22.954477892
   -0.666398442   -1.396263402   45.514236701   11.753568820  -23.439346947
   -0.475998887   -1.396263402   47.567331924    9.000408520  -22.508567316
   -0.285599332   -1.396263402   48.643699543    1.364979761  -20.442484604
   -0.095199777   -1.396263402   47.790521439  -11.114881399  -17.734443969
    0.095199777   -1.396263402   44.232611455  -26.555560810  -14.985161863
    0.285599332   -1.396263402   37.761712884  -40.843402413  -12.746279165
    0.475998887   -1.396263402   29.123782587  -48.347262787  -11.339147800
    0.666398442   -1.396263402   20.129727556  -43.909698342  -10.757456794
    0.856797996   -1.396263402   13.303053697  -25.665349854  -10.693356974
    1.047197551   -1.396263402   11.044811750    3.080630234  -10.675865278
    1.237597106   -1.396263402   14.656872710   34.434300301  -10.279755663
    1.427996661   -1.396263402   23.736830191   59.043625930   -9.276925638
    1.618396215   -1.396263402   36.268138414   69.906292278   -7.686409285
    1.808795770   -1.396263402   49.347786316   64.897742085   -5.725901083
    1.999195325   -1.396263402   60.146495777   46.724346772   -3.700578181
    2.189594880   -1.396263402   66.677325235   21.131860440   -1.879914821
    2.379994435   -1.396263402   68.145845018   -5.380068090   -0.425378321
    2.570393989   -1.396263402   64.930601507  -27.284141734    0.618149870
    2.760793544   -1.396263402   58.302131951  -40.792271622    1.279069371
    2.951193099   -1.396263402   50.049979209  -44.322954029    1.611774648

   -3.141592654   -1.047197551   39.304353967  -40.556732439    2.784825698
   -2.951193099   -1.047197551   32.714077502  -28.042957395    1.692487712
   -2.760793544   -1.047197551   28.811049719  -13.079041005    0.465102483
   -2.570393989   -1.047197551   27.616698821   -0.231842062   -0.854364096
   -2.379994435   -1.047197551   28.391683020    7.295532257   -2.385208124
   -2.189594880   -1.047197551   30.008771568    8.723013008   -4.402510292
   -1.999195325   -1.047197551   31.427688966    5.635985202   -7.192258037
   -1.808795770   -1.047197551   32.056155206    0.950315368  -10.839706050
   -1.618396215   -1.047197551   31.876988378   -2.430215047  -15.069114699
   -1.427996661   -1.047197551   31.334215268   -2.683010683  -19.260266864
   -1.237597106   -1.047197551   31.083389258    0.552121063  -22.642633474
   -1.047197551   -1.047197551   31.709058245    6.247598392  -24.559842190
   -0.856797996   -1.047197551   33.499088732   12.345894973  -24.677598070
   -0.666398442   -1.047197551   36.293073239   16.287612750  -23.051302818
   -0.475998887   -1.047197551   39.435473256   15.710781169  -20.068000581
   -0.285599332   -1.047197551   41.894201270    8.929511004  -16.336027089
   -0.095199777   -1.047197551   42.448124665   -4.134444959  -12.528584568
    0.095199777   -1.047197551   40.064124376  -21.374148275   -9.238547101
    0.285599332   -1.047197551   34.349722165  -38.130928673   -6.838493985
    0.475998887   -1.047197551   25.992169826  -48.040832095   -5.394002939
    0.666398442   -1.047197551   16.883948047  -45.251206876   -4.686449074
    0.856797996   -1.047197551    9.737431178  -27.488094563   -4.337470117
    1.047197551   -1.047197551    7.179464136    1.904877130   -3.962925552
    1.237597106   -1.047197551   10.691886635   34.617031352   -3.309989553
    1.427996661   -1.047197551   19.950718525   60.693907592   -2.302837243
    1.618396215   -1.047197551   32.904731820   72.579974747   -1.011087013
    1.808795770   -1.047197551   46.532759326   67.841236284    0.408873619
    1.999195325   -1.047197551   57.856694083   49.181803171    1.771873965
    2.189594880   -1.047197551   64.766225212   22.591672245    2.914522661
    2.379994435   -1.047197551   66.401509591   -5.090035822    3.720304122
    2.570393989   -1.047197551   63.137113099  -28.048240818    4.118700117
    2.760793544   -1.047197551   56.283834360  -42.328801021    4.082367850
    2.951193099   -1.047197551   47.693968140  -46.279912724    3.620074005

   -3.141592654   -0.698131701   38.570673595  -44.158028791    3.179339547
   -2.951193099   -0.698131701   31.291866467  -31.610369985    0.839478225
   -2.760793544   -0.698131701   26.735342859  -16.356704957   -1.630456043
   -2.570393989   -0.698131701   24.939835095   -3.318169795   -4.042443273
   -2.379994435   -0.698131701   25.109252143    3.914869137   -6.416667953
   -2.189594880   -0.698131701   26.002852183    4.408177902   -8.989136928
   -1.999195325   -0.698131701   26.477470304    0.021917842  -12.029497581
   -1.808795770   -0.698131701   25.932561954   -5.636873235  -15.571226543
   -1.618396215   -0.698131701   24.488415217   -8.893131878  -19.231021042
   -1.427996661   -0.698131701   22.847553506   -7.494855537  -22.269510437
   -1.237597106   -0.698131701   21.948807962   -1.262960164  -23.887034415
   -1.047197551   -0.698131701   22.570407297    8.046470656  -23.579858056
   -0.856797996   -0.698131701   25.029410299   17.447752071  -21.356924916
   -0.666398442   -0.698131701   29.028424034   23.619605517  -17.711151217
   -0.475998887   -0.698131701   33.664395338   23.804351381  -13.400330816
   -0.285599332   -0.698131701   37.620201916   16.334589476   -9.186699227
   -0.095199777   -0.698131701   39.426218623    1.463856241   -5.604687063
    0.095199777   -0.698131701   37.888129326  -18.125452661   -2.858426065
    0.285599332   -0.698131701   32.574375080  -37.089773483   -0.825337302
    0.475998887   -0.698131701   24.260237744  -48.461947013    0.813692690
    0.666398442   -0.698131701   15.018148364  -46.064745735    2.374848272
    0.856797996   -0.698131701    7.763182681  -27.689517772    3.988369664
    1.047197551   -0.698131701    5.277172510    2.899283812    5.558688119
    1.237597106   -0.698131701    9.100844292   36.841132872    6.862566104
    1.427996661   -0.698131701   18.871300529   63.742993077    7.719841207
    1.618396215   -0.698131701   32.436947673   75.845948256    8.114741218
    1.808795770   -0.698131701   46.660232759   70.735248264    8.183024950
    1.999195325   -0.698131701   58.463371479   51.261727995    8.101366681
    2.189594880   -0.698131701   65.668966488   23.593363182    7.974261845
    2.379994435   -0.698131701   67.382089476   -5.283092420    7.775893713
    2.570393989   -0.698131701   63.966646556  -29.423435447    7.355539656
    2.760793544   -0.698131701   56.747755848  -44.757491563    6.521276336
    2.951193099   -0.698131701   47.615770747  -49.493895788    5.130045513

   -3.141592654   -0.349065850   39.368913040  -49.509378332    3.110866744
   -2.951193099   -0.349065850   31.017439122  -37.403926280   -0.113788276
   -2.760793544   -0.349065850   25.365790274  -21.973586253   -3.345459571
   -2.570393989   -0.349065850   22.544532740   -8.460501052   -6.336618220
   -2.379994435   -0.349065850   21.769074354   -0.931511305   -9.079044446
   -2.189594880   -0.349065850   21.732440273   -0.587997236  -11.785352060
   -1.999195325   -0.349065850   21.218136733   -5.358129761  -14.669596495
   -1.808795770   -0.349065850   19.640632507  -10.960514083  -17.658123508
   -1.618396215   -0.349065850   17.276128579  -12.995385887  -20.243903717
   -1.427996661   -0.349065850   15.085318805   -8.944123172  -21.632311005
   -1.237597106   -0.349065850   14.245932444    0.899029733  -21.134116412
   -1.047197551   -0.349065850   15.626472414   13.748259318  -18.562204667
   -0.856797996   -0.349065850   19.423841732   25.540193105  -14.381863151
   -0.666398442   -0.349065850   25.051954377   32.327438374   -9.520138205
   -0.475998887   -0.349065850   31.263557574   31.384392957   -4.969842164
   -0.285599332   -0.349065850   36.460316458   21.669567695   -1.418727630
   -0.095199777   -0.349065850   39.044500074    4.339107593    0.974003849
    0.095199777   -0.349065850   37.867333383  -17.042788897    2.545731637
    0.285599332   -0.349065850   32.682801977  -36.597694798    3.927729935
    0.475998887   -0.349065850   24.503975272  -47.364438755    5.717049031
    0.666398442   -0.349065850   15.587996659  -43.707537159    8.173382334
    0.856797996   -0.349065850    8.899373447  -24.203996224   11.067568503
    1.047197551   -0.349065850    7.127848922    6.747309712   13.804176708
    1.237597106   -0.349065850   11.644474746   40.123950785   15.735703640
    1.427996661   -0.349065850   21.935048065   65.866335610   16.489322964
    1.618396215   -0.349065850   35.786350282   76.758373199   16.123862183
    1.808795770   -0.349065850   50.094066633   70.786120673   15.033676980
    1.999195325   -0.349065850   61.858949976   50.870086295   13.692554780
    2.189594880   -0.349065850   68.965453721   22.954400096   12.413041223
    2.379994435   -0.349065850   70.524120748   -6.319538284   11.233856382
    2.570393989   -0.349065850   66.843424343  -31.242534898    9.947842670
    2.760793544   -0.349065850   59.170680782  -47.757608536    8.266127664
    2.951193099   -0.349065850   49.341774590  -53.806216824    5.983271680

   -3.141592654    0.000000000   40.566099659  -55.167204743    2.427444256
   -2.951193099    0.000000000   31.091999888  -43.413605050   -0.730961942
   -2.760793544    0.000000000   24.309790080  -27.747544979   -3.763545301
   -2.570393989    0.000000000   20.436333706  -13.721060451   -6.467043329
   -2.379994435    0.000000000   18.699510472   -5.816070031   -8.851244010
   -2.189594880    0.000000000   17.743524089   -5.397899095  -11.095720836
   -1.999195325    0.000000000   16.315969531  -10.083669568  -13.341084858
   -1.808795770    0.000000000   13.895822188  -14.905704357  -15.436205942
   -1.618396215    0.000000000   10.953337928  -14.880826707  -16.855625960
   -1.427996661    0.000000000    8.702942067   -7.518343779  -16.893885869
   -1.237597106    0.000000000    8.493104351    6.059588147  -15.073423173
   -1.047197551    0.000000000   11.155739049   21.810992636  -11.498985626
   -0.856797996    0.000000000   16.622128523   34.649194183   -6.906939349
   -0.666398442    0.000000000   23.914032013   40.371535536   -2.356185998
   -0.475998887    0.000000000   31.429004373   36.856314694    1.248069765
   -0.285599332    0.000000000   37.385827313   24.224022447    3.522249918
   -0.095199777    0.000000000   40.237714214    4.814055702    4.733305824
    0.095199777    0.000000000   39.078792627  -17.028506415    5.617160101
    0.285599332    0.000000000   33.990931491  -35.350870008    7.033261378
    0.475998887    0.000000000   26.256510451  -43.862417721    9.552964779
    0.666398442    0.000000000   18.222609465  -38.085057608   13.170320344
    0.856797996    0.000000000   12.716813787  -17.697309043   17.250611638
    1.047197551    0.000000000   12.130539844   12.388944439   20.801917254
    1.237597106    0.000000000   17.518944361   43.466800726   22.926041935
    1.427996661    0.000000000   28.178761410   66.414985600   23.207098923
    1.618396215    0.000000000   41.903032030   75.036962863   21.842598841
    1.808795770    0.000000000   55.752113514   67.890063686   19.467446001
    1.999195325    0.000000000   66.938926772   47.836346620   16.800014793
    2.189594880    0.000000000   73.500134973   20.296856042   14.330794843
    2.379994435    0.000000000   74.582777842   -8.733970366   12.186175600
    2.570393989    0.000000000   70.423865619  -33.956384700   10.174048406
    2.760793544    0.000000000   62.157912601  -51.354894864    7.988197009
    2.951193099    0.000000000   51.535787142  -58.540970646    5.405435408

   -3.141592654    0.349065850   42.377577249  -59.957840169    1.605982671
   -2.951193099    0.349065850   31.960027649  -48.431332490   -0.577509554
   -2.760793544    0.349065850   24.237610751  -32.522659640   -2.515747393
   -2.570393989    0.349065850   19.500933673  -17.984731521   -4.167491699
   -2.379994435    0.349065850   16.998990532   -9.609995713   -5.626352555
   -2.189594880    0.349065850   15.350955680   -8.890018321   -7.050258410
   -1.999195325    0.349065850   13.289553372  -13.189568051   -8.502687681
   -1.808795770    0.349065850   10.358662826  -17.015377710   -9.791018669
   -1.618396215    0.349065850    7.187284829  -14.998742858  -10.462592387
   -1.427996661    0.349065850    5.172797862   -4.838247591  -10.003822015
   -1.237597106    0.349065850    5.743899464   11.481791310   -8.169860090
   -1.047197551    0.349065850    9.616366007   28.821030410   -5.218057575
   -0.856797996    0.349065850   16.424159285   41.405768046   -1.853669538
   -0.666398442    0.349065850   24.838959887   45.191571738    1.107656715
   -0.475998887    0.349065850   33.019183561   38.996759521    3.152920855
   -0.285599332    0.349065850   39.161222184   24.213005573    4.316106206
   -0.095199777    0.349065850   41.923871152    4.196144618    5.157979225
    0.095199777    0.349065850   40.743050415  -16.330996530    6.481364702
    0.285599332    0.349065850   36.038990418  -31.845763417    8.960108191
    0.475998887    0.349065850   29.280675181  -37.165805455   12.796816220
    0.666398442    0.349065850   22.756937210  -29.208225279   17.569091547
    0.856797996    0.349065850   18.991158939   -8.710164950   22.322938277
    1.047197551    0.349065850   19.941741811   19.190136759   25.929093620
    1.237597106    0.349065850   26.281644348   46.502235767   27.538061128
    1.427996661    0.349065850   37.127369422   65.411489026   26.901325863
    1.618396215    0.349065850   50.345330010   70.970040384   24.415576081
    1.808795770    0.349065850   63.254972442   62.373581457   20.883467188
    1.999195325    0.349065850   73.376039408   42.363102827   17.140262296
    2.189594880    0.349065850   78.971689522   15.702662641   13.749863205
    2.379994435    0.349065850   79.272177452  -12.413397721   10.895646481
    2.570393989    0.349065850   74.461816049  -37.231552093    8.448583782
    2.760793544    0.349065850   65.557832459  -54.879625662    6.172059289
    2.951193099    0.349065850   54.205235912  -62.712881847    3.893666334

   -3.141592654    0.698131701   44.050114134  -62.568204085    0.282863665
   -2.951193099    0.698131701   33.151949174  -50.835875424   -0.422502040
   -2.760793544    0.698131701   24.994411746  -34.676303985   -0.777051911
   -2.570393989    0.698131701   19.865738878  -19.960716838   -0.939529054
   -2.379994435    0.698131701   16.991327327  -11.565773753   -1.101566386
   -2.189594880    0.698131701   14.963304770  -10.924761409   -1.418271400
   -1.999195325    0.698131701   12.515726149  -15.154713581   -1.935852754
   -1.808795770    0.698131701    9.252506390  -18.436179727   -2.537729951
   -1.618396215    0.698131701    5.912788723  -15.243288312   -2.975810914
   -1.427996661    0.698131701    3.999207179   -3.507571312   -2.984825283
   -1.237597106    0.698131701    4.962050880   14.168661770   -2.443331059
   -1.047197551    0.698131701    9.411100884   32.002043559   -1.466332790
   -0.856797996    0.698131701   16.783860418   43.988366595   -0.335904152
   -0.666398442    0.698131701   25.571543216   46.474626523    0.700682688
   -0.475998887    0.698131701   33.876844354   39.125465978    1.632200779
   -0.285599332    0.698131701   40.008834060   24.202924461    2.749564246
   -0.095199777    0.698131701   42.871104499    5.497607981    4.542064285
    0.095199777    0.698131701   42.167361672  -12.461236263    7.449359571
    0.285599332    0.698131701   38.489716906  -24.946535195   11.615243012
    0.475998887    0.698131701   33.289863816  -27.900197861   16.715557032
    0.666398442    0.698131701   28.627395339  -19.277775098   21.970733902
    0.856797996    0.698131701   26.642932669   -0.305938052   26.348089730
    1.047197551    0.698131701   28.892906571   24.187078188   28.911674106
    1.237597106    0.698131701   35.778720892   47.203369666   29.164821815
    1.427996661    0.698131701   46.368388741   62.186835156   27.204644997
    1.618396215    0.698131701   58.700754519   65.170392617   23.633473883
    1.808795770    0.698131701   70.395180475   55.679731914   19.282668291
    1.999195325    0.698131701   79.269815595   36.134991123   14.909766710
    2.189594880    0.698131701   83.783511535   10.615322725   10.999218803
    2.379994435    0.698131701   83.228253053  -16.364520494    7.740118584
    2.570393989    0.698131701   77.744939115  -40.425162073    5.110424960
    2.760793544    0.698131701   68.270823316  -57.729961132    3.025005639
    2.951193099    0.698131701   56.387785838  -65.436749313    1.421235251

   -3.141592654    1.047197551   42.933475537  -63.500849921   -4.520160793
   -2.951193099    1.047197551   31.950484226  -50.812512206   -3.759671383
   -2.760793544    1.047197551   23.865742717  -33.984794009   -2.569849748
   -2.570393989    1.047197551   18.902527383  -18.971172590   -1.273298304
   -2.379994435    1.047197551   16.216133209  -10.623577971   -0.128039500
   -2.189594880    1.047197551   14.342800113  -10.268409248    0.720091484
   -1.999195325    1.047197551   11.984030652  -14.880567796    1.213960255
   -1.808795770    1.047197551    8.738148254  -18.515505683    1.346940002
   -1.618396215    1.047197551    5.357689678  -15.573576776    1.136359329
   -1.427996661    1.047197551    3.365722322   -3.989898618    0.636277047
   -1.237597106    1.047197551    4.226173619   13.567461652   -0.040081415
   -1.047197551    1.047197551    8.551378101   31.301247315   -0.712710645
   -0.856797996    1.047197551   15.791012146   43.330109280   -1.134332602
   -0.666398442    1.047197551   24.488382708   46.279504996   -1.009146735
   -0.475998887    1.047197551   32.857160355   40.125317703   -0.023883774
   -0.285599332    1.047197551   39.361255791   27.247246036    2.098268790
   -0.095199777    1.047197551   43.049938594   11.193409953    5.513527029
    0.095199777    1.047197551   43.689325159   -4.112301208   10.142487186
    0.285599332    1.047197551   41.795152837  -14.772042404   15.588173423
    0.475998887    1.047197551   38.585012860  -17.487483159   21.112518116
    0.666398442    1.047197551   35.771603708  -10.595900442   25.763149338
    0.856797996    1.047197551   35.132817780    4.908854427   28.630721503
    1.047197551    1.047197551   37.965567145   25.033783774   29.142031002
    1.237597106    1.047197551   44.604197076   43.886631983   27.263507534
    1.427996661    1.047197551   54.250695368   55.839969147   23.481604401
    1.618396215    1.047197551   65.208603405   57.334694766   18.587722284
    1.808795770    1.047197551   75.382038935   47.727607274   13.384938242
    1.999195325    1.047197551   82.805119024   28.927154746    8.478622341
    2.189594880    1.047197551   86.047101261    4.483551302    4.205659495
    2.379994435    1.047197551   84.427901620  -21.424443750    0.710518141
    2.570393989    1.047197551   78.076794154  -44.488619329   -1.948668267
    2.760793544    1.047197551   67.922232951  -60.801272307   -3.719616278
    2.951193099    1.047197551   55.552465749  -67.448550971   -4.565602614

   -3.141592654    1.396263402   37.891638587  -62.316537163   -9.844977031
   -2.951193099    1.396263402   27.327947028  -47.685822238   -8.500549000
   -2.760793544    1.396263402   19.963178406  -29.690102327   -6.699536523
   -2.570393989    1.396263402   15.859189942  -14.377322512   -4.793372708
   -2.379994435    1.396263402   14.016754389   -6.448264403   -2.996286056
   -2.189594880    1.396263402   12.858204071   -6.999878314   -1.367975875
   -1.999195325    1.396263402   11.009698528  -12.834582324    0.075795313
   -1.808795770    1.396263402    8.019005720  -17.913778327    1.241463681
   -1.618396215    1.396263402    4.607216876  -16.507634293    1.934833466
   -1.427996661    1.396263402    2.303146282   -6.280305957    1.989037816
   -1.237597106    1.396263402    2.642031188   10.495075042    1.443594583
   -1.047197551    1.396263402    6.383553610   28.413232228    0.630113700
   -0.856797996    1.396263402   13.182818724   41.778066637    0.104603282
   -0.666398442    1.396263402   21.797184224   47.101646898    0.445398267
   -0.475998887    1.396263402   30.605217734   43.981492802    2.055157708
   -0.285599332    1.396263402   38.144087071   34.222714423    5.053652637
   -0.095199777    1.396263402   43.418039132   20.717930315    9.247753445
    0.095199777    1.396263402   46.022492484    6.759277692   14.151602536
    0.285599332    1.396263402   46.194677528   -4.249912319   19.046560819
    0.475998887    1.396263402   44.806631245   -9.172501543   23.072554164
    0.666398442    1.396263402   43.238465206   -6.025556024   25.422425885
    0.856797996    1.396263402   43.045807038    4.989589619   25.590827264
    1.047197551    1.396263402   45.482408161   20.924243359   23.544413353
    1.237597106    1.396263402   51.027606601   36.748887922   19.739539634
    1.427996661    1.396263402   59.146868144   47.178042235   14.928117464
    1.618396215    1.396263402   68.416455268   48.424154690    9.865279077
    1.808795770    1.396263402   76.931902770   39.289383031    5.076869894
    1.999195325    1.396263402   82.813093906   21.167546418    0.808357592
    2.189594880    1.396263402   84.641606244   -2.603144000   -2.885962909
    2.379994435    1.396263402   81.743122128  -27.732796197   -5.979680368
    2.570393989    1.396263402   74.293552594  -49.628701731   -8.371193132
    2.760793544    1.396263402   63.316437273  -64.192656694   -9.886817818
    2.951193099    1.396263402   50.506506851  -68.601577893  -10.379268363

   -3.141592654    1.745329252   31.640638443  -60.300741321  -16.118765623
   -2.951193099    1.745329252   21.628462540  -44.036877389  -14.816738113
   -2.760793544    1.745329252   15.046507274  -25.261810451  -12.831335792
   -2.570393989    1.745329252   11.798777848   -9.913276182  -10.463972600
   -2.379994435    1.745329252   10.773869642   -2.368495208   -7.903448880
   -2.189594880    1.745329252   10.340738153   -3.486340950   -5.194038965
   -1.999195325    1.745329252    9.092944470  -10.089701555   -2.362327533
   -1.808795770    1.745329252    6.523158550  -16.318096959    0.427454012
   -1.618396215    1.745329252    3.274297638  -16.442920134    2.832431384
   -1.427996661    1.745329252    0.833980962   -7.728453638    4.493153459
   -1.237597106    1.745329252    0.806136366    8.255954039    5.288386754
   -1.047197551    1.745329252    4.150718778   26.725217328    5.480875661
   -0.856797996    1.745329252   10.799204765   42.094692998    5.643924541
   -0.666398442    1.745329252   19.749115903   50.400392234    6.388567169
   -0.475998887    1.745329252   29.487798208   50.407137053    8.083444404
   -0.285599332    1.745329252   38.495832238   43.046803493   10.724787644
   -0.095199777    1.745329252   45.572935991   30.560806445   13.940125615
    0.095199777    1.745329252   50.013003208   15.898722797   17.100055264
    0.285599332    1.745329252   51.719322661    2.449517719   19.473892304
    0.475998887    1.745329252   51.263181066   -6.257789548   20.389999471
    0.666398442    1.745329252   49.836812451   -7.447655745   19.439652892
    0.856797996    1.745329252   48.987683035   -0.318190075   16.648713169
    1.047197551    1.745329252   50.144836964   13.057966636   12.487418052
    1.237597106    1.745329252   54.082737335   27.994222982    7.714752914
    1.427996661    1.745329252   60.563289011   38.882438742    3.081403664
    1.618396215    1.745329252   68.351983652   41.188165459   -0.945646082
    1.808795770    1.745329252   75.585368143   32.994690713   -4.282668721
    1.999195325    1.745329252   80.322463846   15.369384120   -7.115221728
    2.189594880    1.745329252   81.067707826   -8.193118738   -9.687176943
    2.379994435    1.745329252   77.133293127  -32.945410735  -12.099533585
    2.570393989    1.745329252   68.773232510  -53.849148210  -14.228507850
    2.760793544    1.745329252   57.147643643  -66.655910449  -15.786882109
    2.951193099    1.745329252   44.077768026  -68.800894949  -16.470592707

   -3.141592654    2.094395102   24.739677452  -59.378234663  -18.481419972
   -2.951193099    2.094395102   15.060318262  -41.538202045  -17.173140452
   -2.760793544    2.094395102    9.067119998  -21.672250516  -15.140113224
   -2.570393989    2.094395102    6.569452950   -5.690119789  -12.652082982
   -2.379994435    2.094395102    6.391330844    2.290216365   -9.865156269
   -2.189594880    2.094395102    6.886522143    1.602391408   -6.771676484
   -1.999195325    2.094395102    6.643315146   -4.674560786   -3.324154474
   -1.808795770    2.094395102    5.102762240  -11.036445474    0.377307518
   -1.618396215    2.094395102    2.790985275  -12.008664944    3.997696492
   -1.427996661    2.094395102    1.068904419   -4.669874373    7.098007245
   -1.237597106    2.094395102    1.495820218   10.044644877    9.391095581
   -1.047197551    2.094395102    5.121694368   28.062787621   10.921635513
   -0.856797996    2.094395102   12.070931728   44.086651358   12.030382675
   -0.666398442    2.094395102   21.530264512   53.822513092   13.115373433
   -0.475998887    2.094395102   32.066695073   55.300048360   14.375089557
   -0.285599332    2.094395102   42.090418780   48.637623012   15.705643523
   -0.095199777    2.094395102   50.196885723   35.533072774   16.728485366
    0.095199777    2.094395102   55.407614661   18.784254362   16.936716869
    0.285599332    2.094395102   57.366011663    2.047740341   15.873078801
    0.475998887    2.094395102   56.473302820  -10.461112693   13.289330374
    0.666398442    2.094395102   53.910976152  -15.003293847    9.294570535
    0.856797996    2.094395102   51.405247971   -9.866240564    4.405685844
    1.047197551    2.094395102   50.701477832    3.372282084   -0.596072023
    1.237597106    2.094395102   52.917985030   19.816051153   -4.933263271
    1.427996661    2.094395102   58.058452495   33.032372646   -8.132781438
    1.618396215    2.094395102   64.947167679   37.477254770  -10.188537462
    1.808795770    2.094395102   71.609238171   30.529504729  -11.487656274
    1.999195325    2.094395102   75.911386027   13.118160301  -12.557854545
    2.189594880    2.094395102   76.190462049  -10.890869470  -13.802142641
    2.379994435    2.094395102   71.690519012  -36.130626546  -15.331486803
    2.570393989    2.094395102   62.714856730  -57.005977960  -16.944714178
    2.760793544    2.094395102   50.552467096  -68.997130035  -18.251176366
    2.951193099    2.094395102   37.169489848  -69.645364472  -18.845915484

   -3.141592654    2.443460953   18.643012986  -58.526090189  -13.004028649
   -2.951193099    2.443460953    9.253226764  -39.401339076  -11.512177963
   -2.760793544    2.443460953    3.767347163  -18.547392553   -9.513876713
   -2.570393989    2.443460953    1.936893798   -1.843313256   -7.206166858
   -2.379994435    2.443460953    2.556003908    6.829794805   -4.657531779
   -2.189594880    2.443460953    3.994961417    7.003440191   -1.753538465
   -1.999195325    2.443460953    4.872163795    1.678388431    1.682175205
   -1.808795770    2.443460953    4.613014908   -4.023105643    5.669567600
   -1.618396215    2.443460953    3.647375404   -5.022239869    9.924960664
   -1.427996661    2.443460953    3.190767794    1.521289279   13.928787881
   -1.237597106    2.443460953    4.683290962   15.011321760   17.166394833
   -1.047197551    2.443460953    9.141812294   31.888519346   19.363982706
   -0.856797996    2.443460953   16.740546213   47.145652831   20.545498350
   -0.666398442    2.443460953   26.733113610   56.365832184   20.888687270
   -0.475998887    2.443460953   37.696718753   57.178316443   20.514213517
   -0.285599332    2.443460953   47.970509412   49.261777510   19.384352755
   -0.095199777    2.443460953   56.014341022   34.115262162   17.309952451
    0.095199777    2.443460953   60.705792706   14.664662203   14.088016326
    0.285599332    2.443460953   61.601159497   -4.993305327    9.657131055
    0.475998887    2.443460953   59.122037266  -19.948514001    4.227499259
    0.666398442    2.443460953   54.610470740  -25.721856862   -1.659483052
    0.856797996    2.443460953   50.078195385  -20.127651829   -7.203624940
    1.047197551    2.443460953   47.597804611   -4.789921297  -11.591024585
    1.237597106    2.443460953   48.544935375   14.732546709  -14.288130472
    1.427996661    2.443460953   53.014900608   30.984230030  -15.252547402
    1.618396215    2.443460953   59.731905060   37.515011759  -14.934308225
    1.808795770    2.443460953   66.492009368   31.304073372  -14.047140573
    1.999195325    2.443460953   70.914967387   13.470709615  -13.255129207
    2.189594880    2.443460953   71.168364422  -11.542328251  -12.941392117
    2.379994435    2.443460953   66.449568028  -37.704914900  -13.140555800
    2.570393989    2.443460953   57.128418467  -58.938547361  -13.602459789
    2.760793544    2.443460953   44.623925951  -70.531333686  -13.948026686
    2.951193099    2.443460953   31.039406475  -70.139450844  -13.818975475

   -3.141592654    2.792526803   15.294695738  -57.098456467    1.223606890
   -2.951193099    2.792526803    6.251388230  -37.222566138    3.404296759
   -2.760793544    2.792526803    1.242869621  -15.744513741    5.368736921
   -2.570393989    2.792526803    0.000000000    1.524231186    7.028911198
   -2.379994435    2.792526803    1.324696943   10.913160411    8.528590182
   -2.189594880    2.792526803    3.634300835   12.116103469   10.237378956
   -1.999195325    2.792526803    5.603350025    8.040840819   12.582593846
   -1.808795770    2.792526803    6.664692447    3.407647440   15.779615863
   -1.618396215    2.792526803    7.165887341    2.807625683   19.631062802
   -1.427996661    2.792526803    8.163995163    8.812025153   23.540157660
   -1.237597106    2.792526803   10.924839360   20.931888959   26.743900221
   -1.047197551    2.792526803   16.339086529   35.957725828   28.620555507
   -0.856797996    2.792526803   24.520752786   49.181497087   28.869895182
   -0.666398442    2.792526803   34.699491030   56.252387055   27.499418752
   -0.475998887    2.792526803   45.420624748   54.700909453   24.678642134
   -0.285599332    2.792526803   54.973646410   44.121503848   20.613765989
   -0.095199777    2.792526803   61.771288038   26.168819622   15.491400222
    0.095199777    2.792526803   64.699091978    4.174842406    9.535300961
    0.285599332    2.792526803   63.417411087  -17.186369303    3.078924920
    0.475998887    2.792526803   58.563240052  -32.435221759   -3.373624541
    0.666398442    2.792526803   51.781867702  -36.773952367   -9.165417554
    0.856797996    2.792526803   45.409380212  -28.172339210  -13.606736670
    1.047197551    2.792526803   41.761999823   -8.922471499  -16.197503861
    1.237597106    2.792526803   42.293974736   14.410188066  -16.826115758
    1.427996661    2.792526803   46.987160010   33.426259145  -15.828899108
    1.618396215    2.792526803   54.310680070   41.191069606  -13.855834876
    1.808795770    2.792526803   61.772233898   34.810099539  -11.592830315
    1.999195325    2.792526803   66.772695544   15.959142667   -9.510059332
    2.189594880    2.792526803   67.381947128  -10.268855926   -7.756586101
    2.379994435    2.792526803   62.810195777  -37.348963700   -6.225387831
    2.570393989    2.792526803   53.510512117  -58.976504283   -4.690100028
    2.760793544    2.792526803   41.005522553  -70.421638102   -2.959905338
    2.951193099    2.792526803   27.490730940  -69.468766841   -0.963554286
