#! FIELDS phi psi file.free der_phi der_psi
#! SET min_phi -pi
#! SET max_phi pi
#! SET nbins_phi  33
#! SET periodic_phi true
#! SET min_psi -pi
#! SET max_psi pi
#! SET nbins_psi  18
#! SET periodic_psi true
   -3.141592654   -3.141592654   18.090335554  -53.892220392   17.280924840
   -2.951193099   -3.141592654    9.584040538  -34.848471623   19.681905446
   -2.760793544   -3.141592654    4.937912815  -14.309375423   21.104791998
   -2.570393989   -3.141592654    3.899433138    2.322499843   21.701667588
   -2.379994435   -3.141592654    5.372841340   11.826987137   21.929703675
   -2.189594880   -3.141592654    7.947874263   14.151129987   22.429772717
   -1.999195325   -3.141592654   10.481806232   12.035061126   23.785113039
   -1.808795770   -3.141592654   12.512303271    9.554574810   26.229206447
   -1.618396215   -3.141592654   14.341771268   10.429057460   29.468438373
   -1.427996661   -3.141592654   16.824097520   16.509742934   32.730651640
   -1.237597106   -3.141592654   20.925457112   27.055382475   35.047222816
   -1.047197551   -3.141592654   27.240457345   39.109802415   35.624530923
   -0.856797996   -3.141592654   35.668014995   48.527295432   34.089555660
   -0.666398442   -3.141592654   45.336136628   51.548222650   30.523909682
   -0.475998887   -3.141592654   54.790680708   46.178346595   25.320403033
   -0.285599332   -3.141592654   62.402933494   32.391837921   18.998557310
   -0.095199777   -3.141592654   66.736899496   12.221072607   12.073700387
    0.095199777   -3.141592654   66.902712208  -10.636837287    5.040013336
    0.285599332   -3.141592654   62.847655577  -31.224639432   -1.616403165
    0.475998887   -3.141592654   55.528308845  -44.031146865   -7.384384745
    0.666398442   -3.141592654   46.881514576  -44.592065979  -11.761927918
    0.856797996   -3.141592654   39.436370513  -31.578357922  -14.357747401
    1.047197551   -3.141592654   35.546346660   -8.168564337  -15.039408850
    1.237597106   -3.141592654   36.538905808   18.286888362  -14.025318635
    1.427996661   -3.141592654   42.153126625   38.990220593  -11.825187242
    1.618396215   -3.141592654   50.587242374   47.114841978   -9.041530739
    1.808795770   -3.141592654   59.138951230   40.255187520   -6.122867393
    1.999195325   -3.141592654   65.105227236   20.669493810   -3.227676454
    2.189594880   -3.141592654   66.551638486   -6.135409901   -0.257551436
    2.379994435   -3.141592654   62.737335979  -33.472924094    2.968156667
    2.570393989   -3.141592654   54.172292075  -55.120069268    6.538795588
    2.760793544   -3.141592654   42.406325863  -66.545596228   10.335645724
    2.951193099   -3.141592654   29.619718771  -65.755854763   14.049642197

   -3.141592654   -2.792526803   25.913766571  -49.545423525   25.940393035
   -2.951193099   -2.792526803   18.029574272  -32.685830350   28.131161116
   -2.760793544   -2.792526803   13.600339573  -14.112496894   29.028549092
   -2.570393989   -2.792526803   12.469590815    1.325406391   28.970667490
   -2.379994435   -2.792526803   13.731387707   10.816178755   28.559345460
   -2.189594880   -2.792526803   16.214410869   14.390273521   28.473395589
   -1.999195325   -2.792526803   18.989120440   14.415818656   29.228238426
   -1.808795770   -2.792526803   21.690487951   14.151563662   30.940541440
   -1.618396215   -2.792526803   24.538560178   16.295847794   33.216342850
   -1.427996661   -2.792526803   28.122158309   21.881799974   35.225846217
   -1.237597106   -2.792526803   33.037387700   29.931234281   35.988451858
   -1.047197551   -2.792526803   39.531358301   37.937025754   34.744389045
   -0.856797996   -2.792526803   47.292417772   42.697488712   31.220121425
   -0.666398442   -2.792526803   55.432303427   41.483193874   25.679613944
   -0.475998887   -2.792526803   62.657090291   33.079359141   18.765482083
   -0.285599332   -2.792526803   67.610384896   17.842035469   11.251144049
   -0.095199777   -2.792526803   69.164332308   -2.162643240    3.849238521
    0.095199777   -2.792526803   66.720383505  -23.453569447   -2.851983783
    0.285599332   -2.792526803   60.462883497  -41.386513745   -8.394564249
    0.475998887   -2.792526803   51.521309399  -50.819055627  -12.417287775
    0.666398442   -2.792526803   41.930246153  -47.705047526  -14.685715600
    0.856797996   -2.792526803   34.229909699  -31.203220524  -15.158162294
    1.047197551   -2.792526803   30.690403969   -4.995618687  -14.042657966
    1.237597106   -2.792526803   32.471456823   23.229258479  -11.777083199
    1.427996661   -2.792526803   39.109443353   44.659917112   -8.887203109
    1.618396215   -2.792526803   48.632667062   52.826036534   -5.789386563
    1.808795770   -2.792526803   58.259938333   45.868907174   -2.640642228
    1.999195325   -2.792526803   65.307189316   26.485628619    0.662834639
    2.189594880   -2.792526803   67.913366817    0.280443900    4.352038220
    2.379994435   -2.792526803   65.392997359  -26.310576403    8.578317854
    2.570393989   -2.792526803   58.242381064  -47.522185189   13.268476862
    2.760793544   -2.792526803   47.912106786  -59.213713371   18.075431331
    2.951193099   -2.792526803   36.428746701  -59.555093193   22.476256068

   -3.141592654   -2.443460953   34.755564181  -44.826074017   23.357786462
   -2.951193099   -2.443460953   27.549387050  -30.288684409   25.102476009
   -2.760793544   -2.443460953   23.376709840  -13.713009991   25.707376014
   -2.570393989   -2.443460953   22.195548852    0.567970238   25.504176847
   -2.379994435   -2.443460953   23.288915384    9.985995946   24.994172107
   -2.189594880   -2.443460953   25.685941609   14.447689857   24.668517448
   -1.999195325   -2.443460953   28.598628724   15.827462846   24.827514174
   -1.808795770   -2.443460953   31.681171650   16.631398031   25.441722041
   -1.618396215   -2.443460953   35.023253204   18.775652892   26.123752346
   -1.427996661   -2.443460953   38.955559904   22.795450662   26.221324992
   -1.237597106   -2.443460953   43.771486898   27.776030988   25.048735651
   -1.047197551   -2.443460953   49.486003168   31.854478700   22.163790485
   -0.856797996   -2.443460953   55.717243334   32.830794682   17.553641602
   -0.666398442   -2.443460953   61.696776475   28.910740136   11.646025412
   -0.475998887   -2.443460953   66.393972109   19.397875841    5.145942999
   -0.285599332   -2.443460953   68.767339592    4.681522237   -1.206317798
   -0.095199777   -2.443460953   67.971592840  -13.492357353   -6.817683017
    0.095199777   -2.443460953   63.614783363  -32.108686186  -11.300353140
    0.285599332   -2.443460953   55.999735908  -46.942522975  -14.458470959
    0.475998887   -2.443460953   46.303152109  -53.199751711  -16.219866504
    0.666398442   -2.443460953   36.544590502  -47.143269004  -16.616913596
    0.856797996   -2.443460953   29.189194297  -28.241107611  -15.793509465
    1.047197551   -2.443460953   26.377664710   -0.441498183  -14.005763022
    1.237597106   -2.443460953   29.105952936   28.499353026  -11.590878154
    1.427996661   -2.443460953   36.759119406   49.980796424   -8.865787704
    1.618396215   -2.443460953   47.277803806   57.969821373   -6.018951013
    1.808795770   -2.443460953   57.883278492   51.069312117   -3.057050773
    1.999195325   -2.443460953   65.964867553   32.233046904    0.151581117
    2.189594880   -2.443460953   69.753333493    6.986768434    3.765756881
    2.379994435   -2.443460953   68.609723082  -18.592386862    7.834766713
    2.570393989   -2.443460953   62.994061184  -39.238979485   12.219431732
    2.760793544   -2.443460953   54.231015457  -51.206474846   16.573763014
    2.951193099   -2.443460953   44.169164471  -52.806879993   20.434575638

   -3.141592654   -2.094395102   41.063298707  -41.022524392   13.894816271
   -2.951193099   -2.094395102   34.427444715  -28.102170677   14.908469696
   -2.760793544   -2.094395102   30.532589533  -12.914176995   15.260664540
   -2.570393989   -2.094395102   29.412096754    0.507692407   15.175384532
   -2.379994435   -2.094395102   30.460146803    9.659190863   14.898130405
   -2.189594880   -2.094395102   32.802708477   14.238070937   14.583467707
   -1.999195325   -2.094395102   35.688134360   15.705246574   14.230409214
   -1.808795770   -2.094395102   38.718740705   16.091552525   13.672668119
   -1.618396215   -2.094395102   41.850960341   16.952832313   12.634295488
   -1.427996661   -2.094395102   45.238836090   18.766994847   10.813770984
   -1.237597106   -2.094395102   49.027852679   20.984968840    8.008668391
   -1.047197551   -2.094395102   53.190054880   22.442624914    4.231303750
   -0.856797996   -2.094395102   57.447598521   21.729202939   -0.245011775
   -0.666398442   -2.094395102   61.265150767   17.574964647   -4.942098169
   -0.475998887   -2.094395102   63.900323559    9.306238250   -9.321513573
   -0.285599332   -2.094395102   64.558908034   -3.110821111  -12.954872804
   -0.095199777   -2.094395102   62.536087584  -18.562679953  -15.623894082
    0.095199777   -2.094395102   57.464410105  -34.603056767  -17.315561251
    0.285599332   -2.094395102   49.584261760  -47.307767673  -18.157573638
    0.475998887   -2.094395102   39.979497722  -51.941053268  -18.304453566
    0.666398442   -2.094395102   30.580778391  -44.680777767  -17.877176398
    0.856797996   -2.094395102   23.781123231  -24.903890677  -16.945081998
    1.047197551   -2.094395102   21.663520441    3.474994072  -15.539915040
    1.237597106   -2.094395102   25.172091870   32.745809302  -13.697105778
    1.427996661   -2.094395102   33.652477451   54.406212369  -11.465892867
    1.618396215   -2.094395102   45.029359801   62.565996373   -8.902250969
    1.808795770   -2.094395102   56.535934470   55.958352319   -6.062342810
    1.999195325   -2.094395102   65.590705873   37.583422994   -3.002525759
    2.189594880   -2.094395102   70.451970093   12.895927483    0.215279498
    2.379994435   -2.094395102   70.483203039  -12.198687121    3.499965106
    2.570393989   -2.094395102   66.108332090  -32.678193127    6.717148011
    2.760793544   -2.094395102   58.570873485  -44.999292048    9.669094541
    2.951193099   -2.094395102   49.610162348  -47.564343515   12.128607814

   -3.141592654   -1.745329252   43.479347545  -39.265027779    4.819414112
   -2.951193099   -1.745329252   37.101592072  -27.138684531    5.443803438
   -2.760793544   -1.745329252   33.325278529  -12.608663847    5.807999252
   -2.570393989   -1.745329252   32.212966313    0.301905182    5.927191067
   -2.379994435   -1.745329252   33.176447562    8.961777113    5.748644940
   -2.189594880   -1.745329252   35.326734339   12.872594312    5.134856194
   -1.999195325   -1.745329252   37.862898729   13.340390793    3.905583909
   -1.808795770   -1.745329252   40.319170699   12.373393060    1.915141120
   -1.618396215   -1.745329252   42.594561254   11.650891221   -0.865862558
   -1.427996661   -1.745329252   44.821855246   11.913014962   -4.318184283
   -1.237597106   -1.745329252   47.186972080   12.987320269   -8.176263864
   -1.047197551   -1.745329252   49.777067456   14.093964165  -12.062586545
   -0.856797996   -1.745329252   52.494312134   14.086890583  -15.548955804
   -0.666398442   -1.745329252   55.008170815   11.681100655  -18.239135808
   -0.475998887   -1.745329252   56.745565539    5.844203824  -19.862940938
   -0.285599332   -1.745329252   56.989825535   -4.032263651  -20.364595846
   -0.095199777   -1.745329252   54.999691264  -17.411696765  -19.929062402
    0.095199777   -1.745329252   50.279324543  -32.217867495  -18.927705866
    0.285599332   -1.745329252   42.898666675  -44.571710557  -17.800762013
    0.475998887   -1.745329252   33.793548284  -49.498703854  -16.882887023
    0.666398442   -1.745329252   24.810668967  -42.759840007  -16.290865863
    0.856797996   -1.745329252   18.339056787  -23.317191089  -15.897355553
    1.047197551   -1.745329252   16.524862766    5.158456377  -15.403842136
    1.237597106   -1.745329252   20.401844499   34.991109391  -14.499010377
    1.427996661   -1.745329252   29.390291931   57.515477116  -12.992296198
    1.618396215   -1.745329252   41.446174121   66.555134781  -10.885468847
    1.808795770   -1.745329252   53.779040797   60.582231097   -8.356923863
    1.999195325   -1.745329252   63.745256732   42.458475097   -5.681475797
    2.189594880   -1.745329252   69.530524026   17.661763565   -3.118287154
    2.379994435   -1.745329252   70.439363143   -7.782419678   -0.839869145
    2.570393989   -1.745329252   66.860166547  -28.759047960    1.088008877
    2.760793544   -1.745329252   60.012568034  -41.692528549    2.663015655
    2.951193099   -1.745329252   51.614457661  -44.997294337    3.904250862

   -3.141592654   -1.396263402   41.841613409  -39.069185969    1.699070722
   -2.951193099   -1.396263402   35.526230909  -26.677740772    1.609960086
   -2.760793544   -1.396263402   31.860209543  -11.950185207    1.368344022
   -2.570393989   -1.396263402   30.869845444    0.844351205    0.945077770
   -2.379994435   -1.396263402   31.884103517    8.843816206    0.197566269
   -2.189594880   -1.396263402   33.896300058   11.431958085   -1.120425612
   -1.999195325   -1.396263402   35.985125758   10.009128110   -3.258524941
   -1.808795770   -1.396263402   37.606099550    6.935579805   -6.326474236
   -1.618396215   -1.396263402   38.665912428    4.419832532  -10.178315434
   -1.427996661   -1.396263402   39.411043710    3.758919999  -14.405987143
   -1.237597106   -1.396263402   40.235570358    5.188406640  -18.435398610
   -1.047197551   -1.396263402   41.483648013    8.013933951  -21.676414900
   -0.856797996   -1.396263402   43.297465458   10.818710374  -23.664995080
   -0.666398442   -1.396263402   45.504189488   11.752549374  -24.157519320
   -0.475998887   -1.396263402   47.563889150    9.064625333  -23.172275223
   -0.285599332   -1.396263402   48.657100307    1.471541786  -20.997334574
   -0.095199777   -1.396263402   47.827679243  -10.972298191  -18.142932808
    0.095199777   -1.396263402   44.302711359  -26.347021902  -15.233073051
    0.285599332   -1.396263402   37.881766866  -40.523087930  -12.845339923
    0.475998887   -1.396263402   29.317230758  -47.902178408  -11.323089238
    0.666398442   -1.396263402   20.416131532  -43.394306670  -10.672064889
    0.856797996   -1.396263402   13.685783334  -25.189962842  -10.583124631
    1.047197551   -1.396263402   11.505403570    3.405471730  -10.571994140
    1.237597106   -1.396263402   15.160319553   34.554989750  -10.195495877
    1.427996661   -1.396263402   24.245039748   58.978566095   -9.210978506
    1.618396215   -1.396263402   36.751307934   69.717827374   -7.631565426
    1.808795770   -1.396263402   49.788213599   64.641011977   -5.677756723
    1.999195325   -1.396263402   60.533397404   46.416441612   -3.661633246
    2.189594880   -1.396263402   66.999425079   20.752193091   -1.857338740
    2.379994435   -1.396263402   68.386764406   -5.858191198   -0.425029906
    2.570393989   -1.396263402   65.071137764  -27.859305351    0.598157657
    2.760793544   -1.396263402   58.327330719  -41.421343729    1.252095958
    2.951193099   -1.396263402   49.956193032  -44.930625760    1.601307216

   -3.141592654   -1.047197551   39.092510582  -40.918181120    2.936912821
   -2.951193099   -1.047197551   32.450981970  -28.219161104    1.937589835
   -2.760793544   -1.047197551   28.531469514  -13.082598354    0.800289803
   -2.570393989   -1.047197551   27.349751185   -0.104955025   -0.461806408
   -2.379994435   -1.047197551   28.157339291    7.501014401   -1.989372144
   -2.189594880   -1.047197551   29.817095426    8.953027836   -4.062934042
   -1.999195325   -1.047197551   31.277897180    5.835388478   -6.959244897
   -1.808795770   -1.047197551   31.936676972    1.058435290  -10.745939061
   -1.618396215   -1.047197551   31.765748915   -2.458734879  -15.127273050
   -1.427996661   -1.047197551   31.204195624   -2.848420176  -19.464769021
   -1.237597106   -1.047197551   30.913346280    0.310573338  -22.971490116
   -1.047197551   -1.047197551   31.494316128    6.035676386  -24.977471050
   -0.856797996   -1.047197551   33.255718106   12.268936038  -25.138272384
   -0.666398442   -1.047197551   36.052832428   16.398619703  -23.503983706
   -0.475998887   -1.047197551   39.233765115   15.994356347  -20.462612055
   -0.285599332   -1.047197551   41.758614952    9.327504920  -16.630777535
   -0.095199777   -1.047197551   42.394835417   -3.676781549  -12.697485496
    0.095199777   -1.047197551   40.101822074  -20.879585647   -9.277050805
    0.285599332   -1.047197551   34.485351222  -37.598790660   -6.765203604
    0.475998887   -1.047197551   26.232195650  -47.484119108   -5.245214930
    0.666398442   -1.047197551   17.228446658  -44.724455193   -4.504780389
    0.856797996   -1.047197551   10.172650483  -27.077364805   -4.158657243
    1.047197551   -1.047197551    7.675953807    2.126484749   -3.805987799
    1.237597106   -1.047197551   11.210906115   34.632169088   -3.175939821
    1.427996661   -1.047197551   20.456236857   60.544639964   -2.181378100
    1.618396215   -1.047197551   33.371839643   72.334526612   -0.890838569
    1.808795770   -1.047197551   46.948319208   67.546573551    0.531635096
    1.999195325   -1.047197551   58.212265049   48.841813265    1.890636455
    2.189594880   -1.047197551   65.050751303   22.178073671    3.016893188
    2.379994435   -1.047197551   66.598518171   -5.598722720    3.796857982
    2.570393989   -1.047197551   63.229579898  -28.632507389    4.172357508
    2.760793544   -1.047197551   56.263068654  -42.922660839    4.133340426
    2.951193099   -1.047197551   47.566353024  -46.794415909    3.703002096

   -3.141592654   -0.698131701   38.410736982  -44.376592324    3.408033692
   -2.951193099   -0.698131701   31.109943716  -31.630480172    1.161446024
   -2.760793544   -0.698131701   26.563661832  -16.244769666   -1.218320588
   -2.570393989   -0.698131701   24.795053631   -3.163131088   -3.572391816
   -2.379994435   -0.698131701   24.992303507    4.041529279   -5.941510655
   -2.189594880   -0.698131701   25.904081249    4.464456414   -8.565765104
   -1.999195325   -0.698131701   26.381130340   -0.012309973  -11.703253541
   -1.808795770   -0.698131701   25.819829832   -5.778309267  -15.366371094
   -1.618396215   -0.698131701   24.338179842   -9.146770674  -19.148277574
   -1.427996661   -0.698131701   22.640567800   -7.829613947  -22.290002159
   -1.237597106   -0.698131701   21.676503539   -1.598606637  -23.978875668
   -1.047197551   -0.698131701   22.243361919    7.823258699  -23.706186690
   -0.856797996   -0.698131701   24.679264417   17.438548556  -21.482968761
   -0.666398442   -0.698131701   28.700737593   23.862947307  -17.808582080
   -0.475998887   -0.698131701   33.404798634   24.262094566  -13.449169133
   -0.285599332   -0.698131701   37.461556005   16.919407982   -9.175610194
   -0.095199777   -0.698131701   39.384068045    2.088905004   -5.531477542
    0.095199777   -0.698131701   37.964536165  -17.513115699   -2.730722262
    0.285599332   -0.698131701   32.764662218  -36.509913346   -0.660583964
    0.475998887   -0.698131701   24.556953417  -47.930310400    0.991633398
    0.666398442   -0.698131701   15.408911300  -45.618227359    2.542281843
    0.856797996   -0.698131701    8.226721974  -27.380868186    4.129118577
    1.047197551   -0.698131701    5.783417472    3.033524185    5.669350096
    1.237597106   -0.698131701    9.616627898   36.809801713    6.952261937
    1.427996661   -0.698131701   19.369395049   63.595535041    7.804712427
    1.618396215   -0.698131701   32.900724631   75.638046774    8.210318542
    1.808795770   -0.698131701   47.081106459   70.489238911    8.297038054
    1.999195325   -0.698131701   58.832523107   50.956580237    8.230811099
    2.189594880   -0.698131701   65.971226498   23.187998179    8.107975658
    2.379994435   -0.698131701   67.596273698   -5.802855993    7.902272273
    2.570393989   -0.698131701   64.074250725  -30.012479126    7.472653682
    2.760793544   -0.698131701   56.744365123  -45.317796771    6.643822252
    2.951193099   -0.698131701   47.517342057  -49.916488315    5.288297319

   -3.141592654   -0.349065850   39.272801190  -49.597499911    3.404856794
   -2.951193099   -0.349065850   30.927702017  -37.264436468    0.246307241
   -2.760793544   -0.349065850   25.315376210  -21.724901691   -2.922788790
   -2.570393989   -0.349065850   22.540937663   -8.239688068   -5.878527230
   -2.379994435   -0.349065850   21.796961296   -0.833457426   -8.628158506
   -2.189594880   -0.349065850   21.764420221   -0.647019556  -11.384576689
   -1.999195325   -0.349065850   21.224817640   -5.561365325  -14.347752672
   -1.808795770   -0.349065850   19.597143621  -11.279900993  -17.421604289
   -1.618396215   -0.349065850   17.163784385  -13.394385842  -20.076196211
   -1.427996661   -0.349065850   14.894006976   -9.363848194  -21.501564343
   -1.237597106   -0.349065850   13.979639039    0.546404624  -21.005141099
   -1.047197551   -0.349065850   15.307826626   13.563461397  -18.408993994
   -0.856797996   -0.349065850   19.092737948   25.599574982  -14.195375100
   -0.666398442   -0.349065850   24.756965162   32.641489627   -9.308051457
   -0.475998887   -0.349065850   31.048535303   31.893949981   -4.749763335
   -0.285599332   -0.349065850   36.353351323   22.276684728   -1.208971643
   -0.095199777   -0.349065850   39.055259130    4.955314668    1.160340881
    0.095199777   -0.349065850   37.992220067  -16.467284348    2.701482006
    0.285599332   -0.349065850   32.912318055  -36.076791444    4.048541833
    0.475998887   -0.349065850   24.827296731  -46.904382911    5.798920599
    0.666398442   -0.349065850   15.991643550  -43.331197890    8.213713495
    0.856797996   -0.349065850    9.363910211  -23.947226328   11.068828806
    1.047197551   -0.349065850    7.628168457    6.862768208   13.777817939
    1.237597106   -0.349065850   12.154562038   40.113996090   15.702574707
    1.427996661   -0.349065850   22.435100302   65.776309035   16.475161562
    1.618396215   -0.349065850   36.265265147   76.628012695   16.152318367
    1.808795770   -0.349065850   50.544918064   70.614375018   15.118615611
    1.999195325   -0.349065850   62.269988694   50.612617094   13.833642295
    2.189594880   -0.349065850   69.315014568   22.557538959   12.596508645
    2.379994435   -0.349065850   70.783904275   -6.862565862   11.439649142
    2.570393989   -0.349065850   66.991248174  -31.858653470   10.161089552
    2.760793544   -0.349065850   59.204983213  -48.311155486    8.486887562
    2.951193099   -0.349065850   49.287957292  -54.160219999    6.228351129

   -3.141592654    0.000000000   40.558953820  -55.198046389    2.677781275
   -2.951193099    0.000000000   31.104257054  -43.199660421   -0.449931298
   -2.760793544    0.000000000   24.374593218  -27.440363904   -3.446151987
   -2.570393989    0.000000000   20.555117861  -13.487565714   -6.126754909
   -2.379994435    0.000000000   18.846732401   -5.762492371   -8.513986156
   -2.189594880    0.000000000   17.881667498   -5.546649241  -10.787243085
   -1.999195325    0.000000000   16.409775861  -10.390857130  -13.075197366
   -1.808795770    0.000000000   13.921369229  -15.304618978  -15.208266713
   -1.618396215    0.000000000   10.899806528  -15.303544401  -16.643267220
   -1.427996661    0.000000000    8.572284142   -7.895400126  -16.665592408
   -1.237597106    0.000000000    8.300789071    5.799274375  -14.802191215
   -1.047197551    0.000000000   10.930327508   21.728352348  -11.175481678
   -0.856797996    0.000000000   16.400898797   34.774034791   -6.545727819
   -0.666398442    0.000000000   23.734967769   40.680033162   -1.990825445
   -0.475998887    0.000000000   31.321179008   37.280989103    1.578517233
   -0.285599332    0.000000000   37.363563969   24.684643029    3.788198095
   -0.095199777    0.000000000   40.301979844    5.255203354    4.922583296
    0.095199777    0.000000000   39.223833052  -16.623214775    5.733267892
    0.285599332    0.000000000   34.210613394  -34.971842135    7.086997783
    0.475998887    0.000000000   26.546708358  -43.503806114    9.554656112
    0.666398442    0.000000000   18.578123233  -37.764688118   13.128073774
    0.856797996    0.000000000   13.127134803  -17.448116919   17.174177777
    1.047197551    0.000000000   12.579949730   12.547094096   20.708445495
    1.237597106    0.000000000   17.990882080   43.547349934   22.842447147
    1.427996661    0.000000000   28.661692307   66.453239128   23.165870003
    1.618396215    0.000000000   42.391360162   75.053278074   21.873228750
    1.808795770    0.000000000   56.240039491   67.858017334   19.585977352
    1.999195325    0.000000000   67.410914463   47.686380146   17.002168781
    2.189594880    0.000000000   73.926679219   19.959378325   14.591980555
    2.379994435    0.000000000   74.926243686   -9.264182283   12.470598502
    2.570393989    0.000000000   70.654855139  -34.586118299   10.450064692
    2.760793544    0.000000000   62.272713282  -51.917596851    8.242258937
    2.951193099    0.000000000   51.563348208  -58.873735726    5.646247469

   -3.141592654    0.349065850   42.432882951  -60.011472163    1.805836238
   -2.951193099    0.349065850   32.033064677  -48.214963078   -0.381395542
   -2.760793544    0.349065850   24.364571180  -32.207243768   -2.311687951
   -2.570393989    0.349065850   19.682488063  -17.755437601   -3.956049530
   -2.379994435    0.349065850   17.206411540   -9.578768191   -5.415654965
   -2.189594880    0.349065850   15.543948166   -9.069688098   -6.847317330
   -1.999195325    0.349065850   13.433141535  -13.514882401   -8.305848655
   -1.808795770    0.349065850   10.433715345  -17.394858333   -9.586833358
   -1.618396215    0.349065850    7.191911682  -15.348189205  -10.228660293
   -1.427996661    0.349065850    5.119264979   -5.092173117   -9.717566374
   -1.237597106    0.349065850    5.654700541   11.364280824   -7.820833361
   -1.047197551    0.349065850    9.519199953   28.850426168   -4.817767597
   -0.856797996    0.349065850   16.345469884   41.561798071   -1.436532939
   -0.666398442    0.349065850   24.798310484   45.424217970    1.494743751
   -0.475998887    0.349065850   33.025723059   39.249877850    3.468005844
   -0.285599332    0.349065850   39.214780694   24.449172968    4.537270678
   -0.095199777    0.349065850   42.020462509    4.413264223    5.287473460
    0.095199777    0.349065850   40.881198110  -16.108847726    6.537882215
    0.285599332    0.349065850   36.222259304  -31.593061359    8.965458564
    0.475998887    0.349065850   29.515562931  -36.881032442   12.765925355
    0.666398442    0.349065850   23.047235877  -28.919857333   17.509358683
    0.856797996    0.349065850   19.333670602   -8.456438191   22.241088439
    1.047197551    0.349065850   20.327873491   19.392742318   25.839732501
    1.237597106    0.349065850   26.703041509   46.673153929   27.467532455
    1.427996661    0.349065850   37.581381551   65.586019994   26.883091094
    1.618396215    0.349065850   50.834104596   71.155356212   24.479978955
    1.808795770    0.349065850   63.776548495   62.516074704   21.045699881
    1.999195325    0.349065850   73.912629520   42.357770225   17.392776959
    2.189594880    0.349065850   79.485019926   15.449366879   14.062635122
    2.379994435    0.349065850   79.711647066  -12.930836035   11.226113289
    2.570393989    0.349065850   74.785429918  -37.904842022    8.757523474
    2.760793544    0.349065850   65.754226346  -55.508357395    6.437988161
    2.951193099    0.349065850   54.302582745  -63.098955918    4.117798719

   -3.141592654    0.698131701   44.146455095  -62.681778190    0.374706016
   -2.951193099    0.698131701   33.258226728  -50.643068712   -0.330040650
   -2.760793544    0.698131701   25.152672917  -34.360152936   -0.673743852
   -2.570393989    0.698131701   20.080059575  -19.718248181   -0.823066358
   -2.379994435    0.698131701   17.234830331  -11.512604355   -0.972232938
   -2.189594880    0.698131701   15.197767284  -11.068186702   -1.273085370
   -1.999195325    0.698131701   12.709875680  -15.418736414   -1.765564869
   -1.808795770    0.698131701    9.392882035  -18.720842214   -2.328371145
   -1.618396215    0.698131701    6.003869115  -15.467082383   -2.714183231
   -1.427996661    0.698131701    4.057465098   -3.626099586   -2.666396503
   -1.237597106    0.698131701    5.008377510   14.157626749   -2.079922183
   -1.047197551    0.698131701    9.463450274   32.065428451   -1.088646834
   -0.856797996    0.698131701   16.851877513   44.078928710    0.012878324
   -0.666398442    0.698131701   25.655900527   46.549050838    0.979508699
   -0.475998887    0.698131701   33.972446537   39.168168199    1.818494440
   -0.285599332    0.698131701   40.110873426   24.232406346    2.847825174
   -0.095199777    0.698131701   42.980984653    5.557077195    4.579148915
    0.095199777    0.698131701   42.295029689  -12.330919244    7.459432103
    0.285599332    0.698131701   38.650523772  -24.731538516   11.623570947
    0.475998887    0.698131701   33.498326036  -27.623309417   16.730152214
    0.666398442    0.698131701   28.891096430  -18.985004401   21.985771525
    0.856797996    0.698131701   26.960686357   -0.035973808   26.355013038
    1.047197551    0.698131701   29.259505889   24.431660635   28.910440923
    1.237597106    0.698131701   36.192236870   47.456937005   29.169022225
    1.427996661    0.698131701   46.834468502   62.487733084   27.237379334
    1.618396215    0.698131701   59.228715914   65.510110081   23.717211228
    1.808795770    0.698131701   70.985578602   55.973093163   19.427810410
    1.999195325    0.698131701   79.900623893   36.239435403   15.108128144
    2.189594880    0.698131701   84.405674330   10.402297334   11.225264307
    2.379994435    0.698131701   83.776902383  -16.917660812    7.960697089
    2.570393989    0.698131701   78.165054053  -41.190584845    5.298452242
    2.760793544    0.698131701   68.543616543  -58.471074451    3.169916727
    2.951193099    0.698131701   56.541196481  -65.919131270    1.530490214

   -3.141592654    1.047197551   43.005179211  -63.635335418   -4.493479166
   -2.951193099    1.047197551   32.031095820  -50.611450698   -3.709197301
   -2.760793544    1.047197551   24.001806925  -33.642049666   -2.494686024
   -2.570393989    1.047197551   19.100997530  -18.688600952   -1.173790865
   -2.379994435    1.047197551   16.452888508  -10.513942601   -0.001345338
   -2.189594880    1.047197551   14.583332013  -10.332883393    0.881545475
   -1.999195325    1.047197551   12.201600814  -15.041654184    1.420731453
   -1.808795770    1.047197551    8.923170491  -18.682564875    1.608145675
   -1.618396215    1.047197551    5.515526098  -15.687288541    1.454009240
   -1.427996661    1.047197551    3.508480239   -4.038056046    1.000569462
   -1.237597106    1.047197551    4.363972404   13.554455682    0.347325919
   -1.047197551    1.047197551    8.686303411   31.272343196   -0.335849933
   -0.856797996    1.047197551   15.916046150   43.249144186   -0.802064720
   -0.666398442    1.047197551   24.592842324   46.147237826   -0.743133515
   -0.475998887    1.047197551   32.935044254   39.988043150    0.175977017
   -0.285599332    1.047197551   39.418295934   27.176671098    2.253569511
   -0.095199777    1.047197551   43.105322719   11.252815839    5.656423531
    0.095199777    1.047197551   43.770650522   -3.902715291   10.299751978
    0.285599332    1.047197551   41.928561128  -14.446240537   15.769233968
    0.475998887    1.047197551   38.786121339  -17.117735018   21.306794457
    0.666398442    1.047197551   36.041452771  -10.256215841   25.947307084
    0.856797996    1.047197551   35.461207254    5.181734821   28.780720241
    1.047197551    1.047197551   38.341000108   25.262097917   29.243588272
    1.237597106    1.047197551   45.024039950   44.134989032   27.317137605
    1.427996661    1.047197551   54.724767847   56.165168159   23.500410233
    1.618396215    1.047197551   65.751961124   57.725411796   18.590293349
    1.808795770    1.047197551   75.998447359   48.076528671   13.386672496
    1.999195325    1.047197551   83.470588985   29.061791779    8.486269281
    2.189594880    1.047197551   86.705481738    4.254351305    4.216833180
    2.379994435    1.047197551   85.005050252  -22.040513438    0.718902996
    2.570393989    1.047197551   78.510466014  -45.343084554   -1.946196046
    2.760793544    1.047197551   68.191540666  -61.627386184   -3.718939672
    2.951193099    1.047197551   55.688625683  -67.987725270   -4.556976213

   -3.141592654    1.396263402   37.905174976  -62.372303784   -9.832260490
   -2.951193099    1.396263402   27.364893156  -47.412855534   -8.461335734
   -2.760793544    1.396263402   20.068116472  -29.287366655   -6.644698768
   -2.570393989    1.396263402   16.037222585  -14.040473769   -4.726538008
   -2.379994435    1.396263402   14.243830441   -6.278172847   -2.910395615
   -2.189594880    1.396263402   13.102027916   -6.988167979   -1.247941284
   -1.999195325    1.396263402   11.246614739  -12.904403007    0.247027382
   -1.808795770    1.396263402    8.241174864  -17.988480244    1.475659527
   -1.618396215    1.396263402    4.818097445  -16.551238796    2.232277595
   -1.427996661    1.396263402    2.508218422   -6.305068815    2.335606584
   -1.237597106    1.396263402    2.840888850   10.444344978    1.812666549
   -1.047197551    1.396263402    6.566834741   28.291894372    0.990161014
   -0.856797996    1.396263402   13.335623084   41.580238279    0.430540487
   -0.666398442    1.396263402   21.908490349   46.874493983    0.729001829
   -0.475998887    1.396263402   30.677471548   43.813645263    2.308830897
   -0.285599332    1.396263402   38.197466876   34.203464459    5.304229931
   -0.095199777    1.396263402   43.486236714   20.893177811    9.522629452
    0.095199777    1.396263402   46.141396741    7.104222021   14.464253287
    0.285599332    1.396263402   46.389056211   -3.822047043   19.389170098
    0.475998887    1.396263402   45.081631165   -8.773525075   23.418241671
    0.666398442    1.396263402   43.579523598   -5.742884686   25.735162145
    0.856797996    1.396263402   43.427236235    5.132812368   25.837567763
    1.047197551    1.396263402   45.881720849   20.982315009   23.703873212
    1.237597106    1.396263402   51.438001767   36.823622197   19.806258377
    1.427996661    1.396263402   59.580590979   47.356212169   14.911143517
    1.618396215    1.396263402   68.895352578   48.709332928    9.783441716
    1.808795770    1.396263402   77.467769202   39.573598105    4.952755023
    1.999195325    1.396263402   83.388796412   21.267866756    0.663679847
    2.189594880    1.396263402   85.205750499   -2.846077392   -3.032719811
    2.379994435    1.396263402   82.225109571  -28.344332286   -6.112750220
    2.570393989    1.396263402   74.634952515  -50.456268199   -8.476644263
    2.760793544    1.396263402   63.500997135  -64.966620740   -9.954002907
    2.951193099    1.396263402   50.569901333  -69.068639849  -10.404178537

   -3.141592654    1.745329252   31.624917003  -60.267296150  -16.190772704
   -2.951193099    1.745329252   21.650615422  -43.701603863  -14.865774773
   -2.760793544    1.745329252   15.146162388  -24.819603902  -12.875498015
   -2.570393989    1.745329252   11.977994655   -9.544791174  -10.507201181
   -2.379994435    1.745329252   11.008735744   -2.158837866   -7.933624825
   -2.189594880    1.745329252   10.601495153   -3.418231115   -5.189061120
   -1.999195325    1.745329252    9.359005652  -10.089228660   -2.299136577
   -1.808795770    1.745329252    6.788102514  -16.322924095    0.564347888
   -1.618396215    1.745329252    3.539672434  -16.436949035    3.045272678
   -1.427996661    1.745329252    1.099748705   -7.739878108    4.770233500
   -1.237597106    1.745329252    1.064439961    8.179751008    5.608578475
   -1.047197551    1.745329252    4.386054249   26.556235497    5.822449651
   -0.856797996    1.745329252   10.995361691   41.859361775    5.993924235
   -0.666398442    1.745329252   19.900502318   50.181488890    6.748021295
   -0.475998887    1.745329252   29.607842219   50.313284177    8.464988526
   -0.285599332    1.745329252   38.616944347   43.159011756   11.143206925
   -0.095199777    1.745329252   45.736644759   30.888381186   14.400464649
    0.095199777    1.745329252   50.254413804   16.366373993   17.589812582
    0.285599332    1.745329252   52.053110949    2.926433629   19.963656602
    0.475998887    1.745329252   51.677963320   -5.905121819   20.840982653
    0.666398442    1.745329252   50.299959570   -7.301212682   19.813673714
    0.856797996    1.745329252   49.458678080   -0.374914373   16.916060449
    1.047197551    1.745329252   50.592402129   12.888296792   12.630134442
    1.237597106    1.745329252   54.498162913   27.848094284    7.727543052
    1.427996661    1.745329252   60.962812066   38.872803397    2.971468811
    1.618396215    1.745329252   68.765363201   41.333372102   -1.159460343
    1.808795770    1.745329252   76.034015183   33.190773260   -4.571813466
    1.999195325    1.745329252   80.798877822   15.430242310   -7.444875535
    2.189594880    1.745329252   81.529286724   -8.431503513  -10.020979177
    2.379994435    1.745329252   77.517436396  -33.512096960  -12.404181207
    2.570393989    1.745329252   69.028751394  -54.596951811  -14.478515720
    2.760793544    1.745329252   57.263927851  -67.327342098  -15.969530837
    2.951193099    1.745329252   44.093057661  -69.162075907  -16.589201226

   -3.141592654    2.094395102   24.685418942  -59.280477426  -18.561627374
   -2.951193099    2.094395102   15.051565561  -41.185349245  -17.263014345
   -2.760793544    2.094395102    9.136166248  -21.239979599  -15.256521452
   -2.570393989    2.094395102    6.715868898   -5.329497164  -12.792099564
   -2.379994435    2.094395102    6.594163754    2.518315093  -10.007698114
   -2.189594880    2.094395102    7.122326423    1.726182899   -6.886955139
   -1.999195325    2.094395102    6.898324423   -4.585739024   -3.384134857
   -1.808795770    2.094395102    5.375369717  -10.936258858    0.391168791
   -1.618396215    2.094395102    3.084089205  -11.900266303    4.090948963
   -1.427996661    2.094395102    1.380519579   -4.595211864    7.264911230
   -1.237597106    2.094395102    1.814572751   10.036528383    9.620215352
   -1.047197551    2.094395102    5.429581702   27.955956799   11.203431180
   -0.856797996    2.094395102   12.352373265   43.926174995   12.362512347
   -0.666398442    2.094395102   21.783614294   53.704958795   13.502017238
   -0.475998887    2.094395102   32.310418767   55.330537884   14.819945021
   -0.285599332    2.094395102   42.359328152   48.873334912   16.202450464
   -0.095199777    2.094395102   50.528992597   35.947119522   17.255072781
    0.095199777    2.094395102   55.827689429   19.268990999   17.456884367
    0.285599332    2.094395102   57.873783330    2.457893896   16.346131589
    0.475998887    2.094395102   57.041808947  -10.251537798   13.681212260
    0.666398442    2.094395102   54.495037836  -15.053637256    9.584653230
    0.856797996    2.094395102   51.956679348  -10.147308112    4.586631282
    1.047197551    2.094395102   51.185895561    2.972121335   -0.523718056
    1.237597106    2.094395102   53.327048188   19.448884374   -4.965513426
    1.427996661    2.094395102   58.411442499   32.823930603   -8.262619174
    1.618396215    2.094395102   65.279327302   37.459115751  -10.403135362
    1.808795770    2.094395102   71.950003574   30.611068476  -11.765165395
    1.999195325    2.094395102   76.263654376   13.124320458  -12.867456298
    2.189594880    2.094395102   76.523634640  -11.118677055  -14.108356809
    2.379994435    2.094395102   71.954201455  -36.625625928  -15.601308760
    2.570393989    2.094395102   62.868097859  -57.638350931  -17.155975296
    2.760793544    2.094395102   50.590319838  -69.539324589  -18.399349409
    2.951193099    2.094395102   37.129511010  -69.897667744  -18.945940529

   -3.141592654    2.443460953   18.553190482  -58.424853521  -13.080710543
   -2.951193099    2.443460953    9.204253668  -39.096675583  -11.636211288
   -2.760793544    2.443460953    3.784569060  -18.182527208   -9.697025522
   -2.570393989    2.443460953    2.019811587   -1.532069135   -7.435922674
   -2.379994435    2.443460953    2.689884536    7.052446384   -4.902744918
   -2.189594880    2.443460953    4.165855217    7.174470311   -1.977195530
   -1.999195325    2.443460953    5.075813489    1.859876524    1.511626630
   -1.808795770    2.443460953    4.854928897   -3.801755750    5.572098514
   -1.618396215    2.443460953    3.934121814   -4.782055782    9.908691701
   -1.427996661    2.443460953    3.521168385    1.726863605   13.994480051
   -1.237597106    2.443460953    5.045545777   15.132529914   17.313047526
   -1.047197551    2.443460953    9.518206868   31.916579743   19.592865789
   -0.856797996    2.443460953   17.117141397   47.130325512   20.859319194
   -0.666398442    2.443460953   27.109754613   56.395720275   21.285052321
   -0.475998887    2.443460953   38.090170507   57.333521697   20.976931294
   -0.285599332    2.443460953   48.408053858   49.565714642   19.878677437
   -0.095199777    2.443460953   56.520471607   34.514741140   17.786847920
    0.095199777    2.443460953   61.288734109   15.048366632   14.497180104
    0.285599332    2.443460953   62.245917779   -4.748794056    9.963319181
    0.475998887    2.443460953   59.792650518  -19.933547136    4.420898316
    0.666398442    2.443460953   55.259372851  -25.964802760   -1.564444366
    0.856797996    2.443460953   50.659221036  -20.585793350   -7.179863342
    1.047197551    2.443460953   48.079420722   -5.354848689  -11.614250456
    1.237597106    2.443460953   48.920345697   14.205339430  -14.346714764
    1.427996661    2.443460953   53.304184141   30.621487183  -15.347180117
    1.618396215    2.443460953   59.972632187   37.363586494  -15.069806415
    1.808795770    2.443460953   66.719799137   31.296841170  -14.221670491
    1.999195325    2.443460953   71.143247916   13.452690291  -13.454146151
    2.189594880    2.443460953   71.379677270  -11.723604948  -13.139306152
    2.379994435    2.443460953   66.606031712  -38.096061687  -13.309698662
    2.570393989    2.443460953   57.197312027  -59.440897028  -13.725508918
    2.760793544    2.443460953   44.601538316  -70.957400851  -14.027749011
    2.951193099    2.443460953   30.957078548  -70.324401404  -13.879405828

   -3.141592654    2.792526803   15.183196807  -57.083138218    1.235099800
   -2.951193099    2.792526803    6.160085069  -37.041574527    3.339934812
   -2.760793544    2.792526803    1.194435324  -15.493110571    5.221928258
   -2.570393989    2.792526803    0.000000000    1.772929506    6.819003228
   -2.379994435    2.792526803    1.370192111   11.141302082    8.292039063
   -2.189594880    2.792526803    3.724024481   12.354409505   10.013406248
   -1.999195325    2.792526803    5.743037072    8.332063555   12.402234488
   -1.808795770    2.792526803    6.865993988    3.761751474   15.661756792
   -1.618396215    2.792526803    7.438587736    3.193544154   19.585329849
   -1.427996661    2.792526803    8.509301955    9.176732775   23.573272319
   -1.237597106    2.792526803   11.334056358   21.231582788   26.864069748
   -1.047197551    2.792526803   16.798416318   36.184305543   28.837330820
   -0.856797996    2.792526803   25.018843842   49.368266668   29.187557996
   -0.666398442    2.792526803   35.233638514   56.450473526   27.906442959
   -0.475998887    2.792526803   45.996493388   54.940979199   25.139817349
   -0.285599332    2.792526803   55.598492204   44.387199008   21.072031616
   -0.095199777    2.792526803   62.444802067   26.399475399   15.882265086
    0.095199777    2.792526803   65.407345779    4.294668697    9.808561659
    0.285599332    2.792526803   64.133423886  -17.233431390    3.217733800
    0.475998887    2.792526803   59.252704513  -32.668865127   -3.347230578
    0.666398442    2.792526803   52.410137710  -37.178961181   -9.201591446
    0.856797996    2.792526803   45.947616764  -28.704402442  -13.650012719
    1.047197551    2.792526803   42.192729793   -9.505919084  -16.209230391
    1.237597106    2.792526803   42.616792184   13.877122992  -16.796287168
    1.427996661    2.792526803   47.221502283   33.042317301  -15.772867203
    1.618396215    2.792526803   54.490705338   41.002939196  -13.800189866
    1.808795770    2.792526803   61.932507463   34.773235970  -11.557947456
    1.999195325    2.792526803   66.930770560   15.947014222   -9.498784222
    2.189594880    2.792526803   67.528838248  -10.394330768   -7.753848502
    2.379994435    2.792526803   62.916875269  -37.646098151   -6.208726447
    2.570393989    2.792526803   53.548479885  -59.382372895   -4.645650694
    2.760793544    2.792526803   40.967355140  -70.792411914   -2.894586439
    2.951193099    2.792526803   27.396664435  -69.669371241   -0.906016275
