#! FIELDS phi psi file.free der_phi der_psi
#! SET min_phi -pi
#! SET max_phi pi
#! SET nbins_phi  33
#! SET periodic_phi true
#! SET min_psi -pi
#! SET max_psi pi
#! SET nbins_psi  18
#! SET periodic_psi true
   -3.141592654   -3.141592654   18.048510702  -53.360400164   16.924597438
   -2.951193099   -3.141592654    9.622453902  -34.513037533   19.479032467
   -2.760793544   -3.141592654    5.031600670  -14.038073975   21.056874402
   -2.570393989   -3.141592654    4.044016556    2.593234234   21.764591715
   -2.379994435   -3.141592654    5.564139253   12.037072894   22.036961572
   -2.189594880   -3.141592654    8.161437734   14.156402151   22.520526542
   -1.999195325   -3.141592654   10.666325228   11.713355040   23.818281301
   -1.808795770   -3.141592654   12.601886550    8.888789958   26.177913949
   -1.618396215   -3.141592654   14.278356065    9.513002687   29.305225853
   -1.427996661   -3.141592654   16.573793916   15.493072014   32.416487238
   -1.237597106   -3.141592654   20.482357925   26.069961290   34.536964924
   -1.047197551   -3.141592654   26.618379648   38.228475848   34.888468316
   -0.856797996   -3.141592654   34.890211530   47.781084608   33.142360292
   -0.666398442   -3.141592654   44.431112779   50.971151465   29.445485041
   -0.475998887   -3.141592654   53.797876977   45.856481062   24.253754995
   -0.285599332   -3.141592654   61.382856198   32.455815366   18.118026179
   -0.095199777   -3.141592654   65.774909927   12.787712953   11.530309100
    0.095199777   -3.141592654   66.098376030   -9.549083745    4.904861720
    0.285599332   -3.141592654   62.290372549  -29.744505295   -1.386461427
    0.475998887   -3.141592654   55.270633935  -42.407668171   -6.940435998
    0.666398442   -3.141592654   46.923445847  -43.111501351  -11.315816090
    0.856797996   -3.141592654   39.725833552  -30.489205711  -14.112064234
    1.047197551   -3.141592654   35.990380118   -7.653893004  -15.121833198
    1.237597106   -3.141592654   37.016687172   18.118885152  -14.453643006
    1.427996661   -3.141592654   42.532358296   38.141563950  -12.514856313
    1.618396215   -3.141592654   50.751278149   45.751757207   -9.850608797
    1.808795770   -3.141592654   59.021334786   38.735534374   -6.914087490
    1.999195325   -3.141592654   64.719366299   19.450068036   -3.919700090
    2.189594880   -3.141592654   65.992353283   -6.693622962   -0.843345654
    2.379994435   -3.141592654   62.144470097  -33.276345615    2.444439271
    2.570393989   -3.141592654   53.673827990  -54.375496791    6.028884401
    2.760793544   -3.141592654   42.072237331  -65.618554870    9.829773650
    2.951193099   -3.141592654   29.452414169  -64.965286443   13.586832443

   -3.141592654   -2.792526803   25.807597600  -48.691247474   25.561345325
   -2.951193099   -2.792526803   18.068126665  -32.011442456   27.897894451
   -2.760793544   -2.792526803   13.752707875  -13.579465204   28.931896422
   -2.570393989   -2.792526803   12.710211063    1.720667407   28.954362767
   -2.379994435   -2.792526803   14.028784665   11.009876844   28.547917355
   -2.189594880   -2.792526803   16.520369844   14.275286015   28.403175411
   -1.999195325   -2.792526803   19.236580130   13.909857664   29.063829099
   -1.808795770   -2.792526803   21.803333423   13.253801398   30.669382119
   -1.618396215   -2.792526803   24.449083115   15.090687380   32.834162048
   -1.427996661   -2.792526803   27.784613229   20.511710395   34.724976499
   -1.237597106   -2.792526803   32.435531874   28.556610583   35.361890616
   -1.047197551   -2.792526803   38.679236644   36.714174741   34.003474468
   -0.856797996   -2.792526803   46.233808361   41.781706121   30.415201541
   -0.666398442   -2.792526803   54.240315711   41.027603786   24.908567363
   -0.475998887   -2.792526803   61.432993147   33.221925348   18.158830537
   -0.285599332   -2.792526803   66.476360336   18.654696619   10.933881528
   -0.095199777   -2.792526803   68.245232233   -0.732854392    3.892011087
    0.095199777   -2.792526803   66.116004261  -21.618838875   -2.470013927
    0.285599332   -2.792526803   60.219417577  -39.486336156   -7.792984004
    0.475998887   -2.792526803   51.616157781  -49.217081805  -11.784591033
    0.666398442   -2.792526803   42.279080150  -46.667454910  -14.222074097
    0.856797996   -2.792526803   34.712311248  -30.836879669  -15.013170557
    1.047197551   -2.792526803   31.179363928   -5.276550486  -14.271223655
    1.237597106   -2.792526803   32.852064582   22.392934191  -12.329900833
    1.427996661   -2.792526803   39.287499028   43.399370264   -9.638050180
    1.618396215   -2.792526803   48.544490533   51.332675694   -6.588032096
    1.808795770   -2.792526803   57.887016616   44.428242213   -3.369653116
    1.999195325   -2.792526803   64.691252366   25.430362037    0.050906055
    2.189594880   -2.792526803   67.154375519   -0.135963138    3.833095538
    2.379994435   -2.792526803   64.621542255  -26.032573879    8.091434481
    2.570393989   -2.792526803   57.577703486  -46.715958903   12.765600731
    2.760793544   -2.792526803   47.427717514  -58.167563588   17.557590929
    2.951193099   -2.792526803   36.143836359  -58.536003443   21.993830331

   -3.141592654   -2.443460953   34.574890379  -43.735275020   23.216297142
   -2.951193099   -2.443460953   27.561836825  -29.359134042   25.052806194
   -2.760793544   -2.443460953   23.545538341  -13.002644466   25.736968187
   -2.570393989   -2.443460953   22.473792846    1.002159620   25.561484466
   -2.379994435   -2.443460953   23.617837695   10.080020103   25.015385834
   -2.189594880   -2.443460953   25.994820190   14.142148935   24.606038426
   -1.999195325   -2.443460953   28.808842819   15.098905550   24.666367933
   -1.808795770   -2.443460953   31.714884731   15.521573774   25.195106422
   -1.618396215   -2.443460953   34.816749536   17.385507470   25.819759733
   -1.427996661   -2.443460953   38.469056454   21.276364751   25.889493376
   -1.237597106   -2.443460953   42.997461605   26.312364404   24.718239513
   -1.047197551   -2.443460953   48.454324842   30.653079063   21.872011404
   -0.856797996   -2.443460953   54.498701690   32.109528888   17.355879951
   -0.666398442   -2.443460953   60.401811961   28.861471252   11.614710122
   -0.475998887   -2.443460953   65.162973590   20.133137582    5.352255422
   -0.285599332   -2.443460953   67.749199457    6.167448685   -0.724199589
   -0.095199777   -2.443460953   67.291373725  -11.473730636   -6.085093631
    0.095199777   -2.443460953   63.339706535  -29.938243497  -10.416346925
    0.285599332   -2.443460953   56.116049266  -45.068325033  -13.576048737
    0.475998887   -2.443460953   46.717096436  -51.990403665  -15.501142811
    0.666398442   -2.443460953   37.110199330  -46.763565709  -16.181462931
    0.856797996   -2.443460953   29.751247974  -28.625795611  -15.682374123
    1.047197551   -2.443460953   26.809232992   -1.382570992  -14.174558267
    1.237597106   -2.443460953   29.323706319   27.231737605  -11.932078881
    1.427996661   -2.443460953   36.718942333   48.569387787   -9.249897131
    1.618396215   -2.443460953   46.966660545   56.562257963   -6.338929241
    1.808795770   -2.443460953   57.317469635   49.836137211   -3.260536891
    1.999195325   -2.443460953   65.196379269   31.374177934    0.052584545
    2.189594880   -2.443460953   68.870461918    6.667418998    3.711914943
    2.379994435   -2.443460953   67.722243240  -18.321524733    7.756585403
    2.570393989   -2.443460953   62.207167865  -38.473526001   12.076719159
    2.760793544   -2.443460953   53.621021893  -50.140420520   16.376810933
    2.951193099   -2.443460953   43.773240435  -51.650493154   20.234881438

   -3.141592654   -2.094395102   40.921192719  -39.829103352   14.074657549
   -2.951193099   -2.094395102   34.498262840  -27.079054986   15.073750458
   -2.760793544   -2.094395102   30.771517367  -12.182870463   15.402970316
   -2.570393989   -2.094395102   29.754807585    0.860398262   15.271370629
   -2.379994435   -2.094395102   30.829569221    9.588730563   14.926596105
   -2.189594880   -2.094395102   33.117169618   13.741794490   14.540980019
   -1.999195325   -2.094395102   35.870241491   14.822851404   14.139380021
   -1.808795770   -2.094395102   38.702424414   14.911176517   13.575084036
   -1.618396215   -2.094395102   41.590522820   15.593259323   12.580648015
   -1.427996661   -2.094395102   44.713974831   17.379918836   10.850845814
   -1.237597106   -2.094395102   48.250081242   19.752940476    8.173917600
   -1.047197551   -2.094395102   52.208429331   21.575298960    4.554414784
   -0.856797996   -2.094395102   56.352372745   21.441575967    0.259893327
   -0.666398442   -2.094395102   60.183468209   18.028834936   -4.240694036
   -0.475998887   -2.094395102   62.979340095   10.538510702   -8.430487498
   -0.285599332   -2.094395102   63.935956601   -1.248055060  -11.918927958
   -0.095199777   -2.094395102   62.301785971  -16.405474400  -14.533550077
    0.095199777   -2.094395102   57.632757739  -32.603082812  -16.294907333
    0.285599332   -2.094395102   50.082515008  -45.898897053  -17.330670422
    0.475998887   -2.094395102   40.666333372  -51.388519807  -17.753196765
    0.666398442   -2.094395102   31.288311716  -44.992169811  -17.610359858
    0.856797996   -2.094395102   24.362916342  -25.858326601  -16.894947645
    1.047197551   -2.094395102   22.026756951    2.190015275  -15.587836019
    1.237597106   -2.094395102   25.280424735   31.388847655  -13.715165229
    1.427996661   -2.094395102   33.507120628   53.115961596  -11.357406462
    1.618396215   -2.094395102   44.649040682   61.397514796   -8.626738763
    1.808795770   -2.094395102   55.948975204   54.973492937   -5.638850200
    1.999195325   -2.094395102   64.841829616   36.894215839   -2.494150011
    2.189594880   -2.094395102   69.609963716   12.630036758    0.728969196
    2.379994435   -2.094395102   69.637047152  -11.966991158    3.952404885
    2.570393989   -2.094395102   65.351489128  -31.978391278    7.075603099
    2.760793544   -2.094395102   57.981546162  -43.956902911    9.938372472
    2.951193099   -2.094395102   49.237404437  -46.357308675   12.337494270

   -3.141592654   -1.745329252   43.489789884  -38.254434253    5.026465256
   -2.951193099   -1.745329252   37.291144293  -26.289372404    5.556798290
   -2.760793544   -1.745329252   33.650361404  -12.045332230    5.828064747
   -2.570393989   -1.745329252   32.610920438    0.500661405    5.864360916
   -2.379994435   -1.745329252   33.574709451    8.771861913    5.628286681
   -2.189594880   -1.745329252   35.652738304   12.320003343    4.999104608
   -1.999195325   -1.745329252   38.053963912   12.490729036    3.811296233
   -1.808795770   -1.745329252   40.327963068   11.332013526    1.924269831
   -1.618396215   -1.745329252   42.396009120   10.538308096   -0.696435957
   -1.427996661   -1.745329252   44.415281530   10.868163900   -3.947147499
   -1.237597106   -1.745329252   46.599867036   12.169091567   -7.584703089
   -1.047197551   -1.745329252   49.068953856   13.676374018  -11.255093944
   -0.856797996   -1.745329252   51.757785296   14.234422919  -14.552736673
   -0.666398442   -1.745329252   54.361376249   12.487201701  -17.103533034
   -0.475998887   -1.745329252   56.312123620    7.263238240  -18.661242749
   -0.285599332   -1.745329252   56.868117180   -2.222856366  -19.194725315
   -0.095199777   -1.745329252   55.230417776  -15.582095983  -18.905157470
    0.095199777   -1.745329252   50.826659165  -30.780744639  -18.156802929
    0.285599332   -1.745329252   43.655274568  -43.841680123  -17.348573631
    0.475998887   -1.745329252   34.611869749  -49.569891400  -16.744301794
    0.666398442   -1.745329252   25.549666789  -43.474616540  -16.382184236
    0.856797996   -1.745329252   18.905023903  -24.357065467  -16.078722104
    1.047197551   -1.745329252   16.886728933    4.101522943  -15.524142769
    1.237597106   -1.745329252   20.574712803   34.076321073  -14.442118339
    1.427996661   -1.745329252   29.402211079   56.731249807  -12.706838413
    1.618396215   -1.745329252   41.313859943   65.813744302  -10.388768385
    1.808795770   -1.745329252   53.506011231   59.854065989   -7.715985985
    1.999195325   -1.745329252   63.340541551   41.832945607   -4.983557181
    2.189594880   -1.745329252   69.028760211   17.300860297   -2.442513997
    2.379994435   -1.745329252   69.905129906   -7.741215841   -0.239708321
    2.570393989   -1.745329252   66.374826753  -28.284226010    1.588666978
    2.760793544   -1.745329252   59.652018233  -40.870142863    3.061274041
    2.951193099   -1.745329252   51.430487712  -43.990230053    4.205102657

   -3.141592654   -1.396263402   41.950598014  -38.337625413    1.642346946
   -2.951193099   -1.396263402   35.761399039  -26.100276831    1.424546102
   -2.760793544   -1.396263402   32.182514396  -11.616797425    1.064165720
   -2.570393989   -1.396263402   31.228007318    0.890100657    0.557725953
   -2.379994435   -1.396263402   32.223011491    8.604977764   -0.214226103
   -2.189594880   -1.396263402   34.165002414   10.952946441   -1.485253232
   -1.999195325   -1.396263402   36.145326508    9.364185769   -3.503723477
   -1.808795770   -1.396263402   37.635493976    6.229091078   -6.389506262
   -1.618396215   -1.396263402   38.562818065    3.754617194  -10.014498040
   -1.427996661   -1.396263402   39.192785229    3.233317576  -13.994042029
   -1.237597106   -1.396263402   39.937556010    4.897825974  -17.781961031
   -1.047197551   -1.396263402   41.159562348    8.052315023  -20.816804680
   -0.856797996   -1.396263402   43.018385795   11.268319838  -22.662145789
   -0.666398442   -1.396263402   45.352147817   12.638642345  -23.098621556
   -0.475998887   -1.396263402   47.615715340   10.299710998  -22.162853411
   -0.285599332   -1.396263402   48.960139899    2.832846586  -20.150730476
   -0.095199777   -1.396263402   48.376490164   -9.801199650  -17.561416646
    0.095199777   -1.396263402   45.031427398  -25.663520806  -14.981377255
    0.285599332   -1.396263402   38.679884521  -40.479877062  -12.924456165
    0.475998887   -1.396263402   30.066101501  -48.427008168  -11.659135907
    0.666398442   -1.396263402   21.031142658  -44.216910593  -11.130120032
    0.856797996   -1.396263402   14.142056709  -25.979601363  -11.004962588
    1.047197551   -1.396263402   11.832475007    2.862275721  -10.823786133
    1.237597106   -1.396263402   15.408475190   34.253992990  -10.204031300
    1.427996661   -1.396263402   24.444957121   58.740372350   -8.976295780
    1.618396215   -1.396263402   36.894817784   69.341403356   -7.214107642
    1.808795770   -1.396263402   49.839867671   64.062740624   -5.168007959
    1.999195325   -1.396263402   60.463681855   45.759797017   -3.147784273
    2.189594880   -1.396263402   66.814644294   20.245087921   -1.402018242
    2.379994435   -1.396263402   68.135642090   -6.018046749   -0.059100143
    2.570393989   -1.396263402   64.828208857  -27.608462815    0.866858490
    2.760793544   -1.396263402   58.165020029  -40.840701763    1.421870683
    2.951193099   -1.396263402   49.922507853  -44.186597975    1.664524409

   -3.141592654   -1.047197551   39.246106651  -40.483094188    2.466016332
   -2.951193099   -1.047197551   32.673314901  -27.938525172    1.347523576
   -2.760793544   -1.047197551   28.789526179  -12.980776734    0.099145636
   -2.570393989   -1.047197551   27.610748027   -0.165057554   -1.232413555
   -2.379994435   -1.047197551   28.393688375    7.313771873   -2.760509519
   -2.189594880   -1.047197551   30.008028725    8.680606928   -4.755313848
   -1.999195325   -1.047197551   31.412293664    5.523746475   -7.500049563
   -1.808795770   -1.047197551   32.012626269    0.771130778  -11.081033136
   -1.618396215   -1.047197551   31.793450090   -2.666123222  -15.227043694
   -1.427996661   -1.047197551   31.203215520   -2.933198240  -19.325848464
   -1.237597106   -1.047197551   30.909902665    0.380366511  -22.618732743
   -1.047197551   -1.047197551   31.520450302    6.288066298  -24.464021336
   -0.856797996   -1.047197551   33.349105034   12.730723376  -24.543542866
   -0.666398442   -1.047197551   36.253846379   17.066507322  -22.927078454
   -0.475998887   -1.047197551   39.575649602   16.790562599  -20.009111435
   -0.285599332   -1.047197551   42.251283781   10.085303749  -16.393963759
   -0.095199777   -1.047197551   43.010335628   -3.174068604  -12.736238959
    0.095199777   -1.047197551   40.774038344  -20.798678370   -9.596780901
    0.285599332   -1.047197551   35.129190809  -37.960142489   -7.309022225
    0.475998887   -1.047197551   26.776580583  -48.121232984   -5.903084279
    0.666398442   -1.047197551   17.647814595  -45.345015309   -5.140708598
    0.856797996   -1.047197551   10.497441035  -27.411650131   -4.648648602
    1.047197551   -1.047197551    7.972824954    2.168495031   -4.073768332
    1.237597106   -1.047197551   11.541053299   34.902154161   -3.211530584
    1.427996661   -1.047197551   20.835609802   60.744071497   -2.037737999
    1.618396215   -1.047197551   33.759951859   72.200897011   -0.661152610
    1.808795770   -1.047197551   47.271991088   67.019483623    0.747879142
    1.999195325   -1.047197551   58.409983871   48.097567127    2.018178968
    2.189594880   -1.047197551   65.109082739   21.514005755    3.021994627
    2.379994435   -1.047197551   66.558351783   -5.933853977    3.684059420
    2.570393989   -1.047197551   63.163848079  -28.562931639    3.964773326
    2.760793544   -1.047197551   56.241586765  -42.548338974    3.847444736
    2.951193099   -1.047197551   47.629982351  -46.303956002    3.334593863

   -3.141592654   -0.698131701   38.419584298  -44.084566461    2.722242664
   -2.951193099   -0.698131701   31.158445083  -31.504027003    0.403391577
   -2.760793544   -0.698131701   26.621984536  -16.249676526   -2.047694308
   -2.570393989   -0.698131701   24.845424962   -3.222104729   -4.439525835
   -2.379994435   -0.698131701   25.031334626    3.995289206   -6.787239976
   -2.189594880   -0.698131701   25.937565350    4.465740204   -9.324625609
   -1.999195325   -0.698131701   26.419875161    0.042938181  -12.322048194
   -1.808795770   -0.698131701   25.874492648   -5.661863432  -15.814899927
   -1.618396215   -0.698131701   24.420284089   -8.972173700  -19.421736600
   -1.427996661   -0.698131701   22.760233171   -7.609272088  -22.405563647
   -1.237597106   -0.698131701   21.840744937   -1.346859405  -23.972616037
   -1.047197551   -0.698131701   22.457242616    8.100423010  -23.630292931
   -0.856797996   -0.698131701   24.948712881   17.752112444  -21.401986418
   -0.666398442   -0.698131701   29.033883008   24.221899824  -17.793071711
   -0.475998887   -0.698131701   33.808085272   24.633936186  -13.564014673
   -0.285599332   -0.698131701   37.929880899   17.215559075   -9.465266304
   -0.095199777   -0.698131701   39.891504456    2.190379604   -6.005365740
    0.095199777   -0.698131701   38.465771962  -17.677761090   -3.355169199
    0.285599332   -0.698131701   33.211113596  -36.896500793   -1.361172139
    0.475998887   -0.698131701   24.921426372  -48.361991459    0.314594611
    0.666398442   -0.698131701   15.705760122  -45.854038863    1.988481863
    0.856797996   -0.698131701    8.511635391  -27.251085149    3.770248996
    1.047197551   -0.698131701    6.126929049    3.501238168    5.526766013
    1.237597106   -0.698131701   10.062417164   37.365541419    6.989748901
    1.427996661   -0.698131701   19.900415504   63.882563449    7.938257107
    1.618396215   -0.698131701   33.437727261   75.393240858    8.332410199
    1.808795770   -0.698131701   47.517371514   69.704660908    8.309571245
    1.999195325   -0.698131701   59.086644024   49.895067420    8.073824218
    2.189594880   -0.698131701   66.026989044   22.234020867    7.774121824
    2.379994435   -0.698131701   67.505547425   -6.347703472    7.428856687
    2.570393989   -0.698131701   63.926133989  -30.072771187    6.914952229
    2.760793544   -0.698131701   56.620229665  -45.036109781    6.043015272
    2.951193099   -0.698131701   47.460017763  -49.532858462    4.653681492

   -3.141592654   -0.349065850   39.074086684  -49.329358482    2.662205588
   -2.951193099   -0.349065850   30.759957516  -37.198622179   -0.508190695
   -2.760793544   -0.349065850   25.146288296  -21.776335736   -3.698501744
   -2.570393989   -0.349065850   22.360903700   -8.275362847   -6.655750607
   -2.379994435   -0.349065850   21.619026115   -0.760478704   -9.364833701
   -2.189594880   -0.349065850   21.611989903   -0.444150710  -12.035990247
   -1.999195325   -0.349065850   21.120594582   -5.265270080  -14.885552712
   -1.808795770   -0.349065850   19.554323493  -10.935756361  -17.843038878
   -1.618396215   -0.349065850   17.187015187  -13.048311913  -20.402974692
   -1.427996661   -0.349065850   14.979778056   -9.055920998  -21.770473430
   -1.237597106   -0.349065850   14.117659254    0.790182901  -21.257462597
   -1.047197551   -0.349065850   15.485000761   13.740385458  -18.682205676
   -0.856797996   -0.349065850   19.298799047   25.737064232  -14.517838873
   -0.666398442   -0.349065850   24.988508395   32.781529478   -9.697259663
   -0.475998887   -0.349065850   31.308237883   32.052034760   -5.210605118
   -0.285599332   -0.349065850   36.642436533   22.421177431   -1.731675523
   -0.095199777   -0.349065850   39.364718135    5.018639284    0.602918057
    0.095199777   -0.349065850   38.301660763  -16.526238561    2.153845469
    0.285599332   -0.349065850   33.200890573  -36.216350569    3.567900689
    0.475998887   -0.349065850   25.091636172  -46.985445878    5.443751422
    0.666398442   -0.349065850   16.259859714  -43.178624858    8.027026635
    0.856797996   -0.349065850    9.691473720  -23.470728208   11.061628936
    1.047197551   -0.349065850    8.070304377    7.560339714   13.918000626
    1.237597106   -0.349065850   12.726947802   40.727126498   15.916302520
    1.427996661   -0.349065850   23.085187959   65.926705738   16.661296253
    1.618396215   -0.349065850   36.878285260   76.075748256   16.206807414
    1.808795770   -0.349065850   50.987504235   69.419658464   14.963405242
    1.999195325   -0.349065850   62.450328964   49.136707679   13.439730832
    2.189594880   -0.349065850   69.225544045   21.280599911   11.992189910
    2.379994435   -0.349065850   70.499897706   -7.585301243   10.697113066
    2.570393989   -0.349065850   66.629513127  -31.962429312    9.365235194
    2.760793544   -0.349065850   58.867023841  -48.001278925    7.700011167
    2.951193099   -0.349065850   49.022800952  -53.752694157    5.471250665

   -3.141592654    0.000000000   40.136070916  -54.814766951    2.076330278
   -2.951193099    0.000000000   30.728313172  -43.077581634   -1.005652436
   -2.760793544    0.000000000   24.004924100  -27.460265186   -3.980219780
   -2.570393989    0.000000000   20.181844225  -13.470495983   -6.638823823
   -2.379994435    0.000000000   18.489865188   -5.590325795   -8.986279839
   -2.189594880    0.000000000   17.573255373   -5.206476810  -11.202843802
   -1.999195325    0.000000000   16.176622300   -9.955558261  -13.433924786
   -1.808795770    0.000000000   13.772677702  -14.865756895  -15.531166287
   -1.618396215    0.000000000   10.828081233  -14.942530813  -16.966323230
   -1.427996661    0.000000000    8.557254659   -7.663461792  -17.025729782
   -1.237597106    0.000000000    8.316082403    5.893416439  -15.223038511
   -1.047197551    0.000000000   10.952460450   21.724016826  -11.659088191
   -0.856797996    0.000000000   16.418585396   34.751737918   -7.071578877
   -0.666398442    0.000000000   23.753960053   40.733288544   -2.523462205
   -0.475998887    0.000000000   31.361904465   37.462303770    1.078142867
   -0.285599332    0.000000000   37.449958501   24.977078426    3.352952032
   -0.095199777    0.000000000   40.448123785    5.580186246    4.575481590
    0.095199777    0.000000000   39.428044448  -16.340983020    5.489248721
    0.285599332    0.000000000   34.462566972  -34.741142477    6.956721103
    0.475998887    0.000000000   26.843099572  -43.243708941    9.544159257
    0.666398442    0.000000000   18.935915929  -37.357500602   13.231652426
    0.856797996    0.000000000   13.580555918  -16.852168247   17.364716253
    1.047197551    0.000000000   13.155229505   13.198106991   20.930737727
    1.237597106    0.000000000   18.671024223   43.941555962   23.017173049
    1.427996661    0.000000000   29.363053327   66.235369166   23.204830175
    1.618396215    0.000000000   42.975319235   74.036502277   21.701615591
    1.808795770    0.000000000   56.562023674   66.180201962   19.165244370
    1.999195325    0.000000000   67.384002055   45.797378979   16.345062884
    2.189594880    0.000000000   73.564229682   18.415072220   13.762904960
    2.379994435    0.000000000   74.335388782  -10.073717784   11.567069359
    2.570393989    0.000000000   69.985669775  -34.618096353    9.570266144
    2.760793544    0.000000000   61.650800171  -51.446356525    7.451542409
    2.951193099    0.000000000   51.046673268  -58.299424541    4.961790294

   -3.141592654    0.349065850   41.842086903  -59.430166533    1.380899906
   -2.951193099    0.349065850   31.520919532  -47.955453690   -0.722919188
   -2.760793544    0.349065850   23.880735151  -32.128201524   -2.607269864
   -2.570393989    0.349065850   19.212476837  -17.650720396   -4.222903574
   -2.379994435    0.349065850   16.769241157   -9.322690999   -5.657383543
   -2.189594880    0.349065850   15.169631155   -8.667675108   -7.069115932
   -1.999195325    0.349065850   13.141168693  -13.072855653   -8.526228613
   -1.808795770    0.349065850   10.219927195  -17.032541781   -9.837462454
   -1.618396215    0.349065850    7.032201066  -15.149767289  -10.544438813
   -1.427996661    0.349065850    4.979327799   -5.077440313  -10.120061744
   -1.237597106    0.349065850    5.503299717   11.248439356   -8.303892546
   -1.047197551    0.349065850    9.341431557   28.719804667   -5.343036981
   -0.856797996    0.349065850   16.152383215   41.559595479   -1.941774651
   -0.666398442    0.349065850   24.626574876   45.667538876    1.075368863
   -0.475998887    0.349065850   32.926388425   39.764643227    3.180649955
   -0.285599332    0.349065850   39.233133213   25.151350765    4.394147701
   -0.095199777    0.349065850   42.177380001    5.143313608    5.268699520
    0.095199777    0.349065850   41.167281874  -15.493687449    6.606646046
    0.285599332    0.349065850   36.609181306  -31.141656656    9.085903260
    0.475998887    0.349065850   29.976865908  -36.528496035   12.911831981
    0.666398442    0.349065850   23.574907937  -28.552632954   17.658892761
    0.856797996    0.349065850   19.936759281   -8.032521210   22.364877631
    1.047197551    0.349065850   21.008094054   19.747897554   25.891813514
    1.237597106    0.349065850   27.421702699   46.670436390   27.388108790
    1.427996661    0.349065850   38.239268339   64.911623701   26.613209442
    1.618396215    0.349065850   51.286399901   69.678656752   23.981575454
    1.808795770    0.349065850   63.884008172   60.437913538   20.319087816
    1.999195325    0.349065850   73.605456426   40.187512910   16.484603963
    2.189594880    0.349065850   78.803570321   13.784576780   13.060114843
    2.379994435    0.349065850   78.795059750  -13.691936883   10.235424618
    2.570393989    0.349065850   73.813504581  -37.753060726    7.873324942
    2.760793544    0.349065850   64.872349009  -54.783524211    5.715118302
    2.951193099    0.349065850   53.574908912  -62.274566602    3.561204920

   -3.141592654    0.698131701   43.471163441  -61.850697771    0.094517918
   -2.951193099    0.698131701   32.700099763  -50.227531948   -0.568180392
   -2.760793544    0.698131701   24.644848908  -34.202594268   -0.897202096
   -2.570393989    0.698131701   19.595294915  -19.592179042   -1.040995454
   -2.379994435    0.698131701   16.782245234  -11.284989337   -1.187345156
   -2.189594880    0.698131701   14.797548179  -10.750087827   -1.495480682
   -1.999195325    0.698131701   12.370197795  -15.122573835   -2.018631452
   -1.808795770    0.698131701    9.098194208  -18.559053173   -2.640901338
   -1.618396215    0.698131701    5.722387172  -15.490332932   -3.105056224
   -1.427996661    0.698131701    3.756076652   -3.795096602   -3.127771558
   -1.237597106    0.698131701    4.669824040   13.966992772   -2.568617619
   -1.047197551    0.698131701    9.099460298   32.026040661   -1.532752012
   -0.856797996    0.698131701   16.507217045   44.346925213   -0.307812937
   -0.666398442    0.698131701   25.397766100   47.193890399    0.837962198
   -0.475998887    0.698131701   33.868272807   40.119772281    1.863897632
   -0.285599332    0.698131701   40.202204009   25.298841103    3.034871644
   -0.095199777    0.698131701   43.266886471    6.503263147    4.827175158
    0.095199777    0.698131701   42.735170493  -11.666568766    7.683985534
    0.285599332    0.698131701   39.187179249  -24.366527683   11.764472387
    0.475998887    0.698131701   34.084075133  -27.441978765   16.761915851
    0.666398442    0.698131701   29.505757543  -18.835667557   21.907581508
    0.856797996    0.698131701   27.605915193    0.134384759   26.171101656
    1.047197551    0.698131701   29.929706540   24.490003207   28.614324580
    1.237597106    0.698131701   36.839720402   47.108227792   28.741419105
    1.427996661    0.698131701   47.351579931   61.432489451   26.658022004
    1.618396215    0.698131701   59.467468174   63.658869360   22.982917493
    1.808795770    0.698131701   70.813656961   53.589093331   18.566342733
    1.999195325    0.698131701   79.267661859   33.898223829   14.180383504
    2.189594880    0.698131701   83.382423836    8.745003902   10.313558428
    2.379994435    0.698131701   82.537308323  -17.492432632    7.145382923
    2.570393989    0.698131701   76.919085307  -40.723011616    4.633291645
    2.760793544    0.698131701   67.453844201  -57.381392058    2.666907279
    2.951193099    0.698131701   55.673123794  -64.762108261    1.162876661

   -3.141592654    1.047197551   42.358571663  -62.712688927   -4.621300004
   -2.951193099    1.047197551   31.511989969  -50.173341495   -3.876037841
   -2.760793544    1.047197551   23.533494990  -33.497448286   -2.707246419
   -2.570393989    1.047197551   18.651334912  -18.595365902   -1.426575983
   -2.379994435    1.047197551   16.026617656  -10.348803878   -0.291326665
   -2.189594880    1.047197551   14.193110180  -10.127479247    0.546020449
   -1.999195325    1.047197551   11.845072429  -14.913456142    1.021916565
   -1.808795770    1.047197551    8.576273737  -18.716935739    1.133504249
   -1.618396215    1.047197551    5.146588183  -15.872472500    0.912290841
   -1.427996661    1.047197551    3.098357094   -4.255219664    0.432162356
   -1.237597106    1.047197551    3.923753336   13.494374349   -0.179241849
   -1.047197551    1.047197551    8.264345610   31.558699282   -0.743698963
   -0.856797996    1.047197551   15.590358594   43.984860662   -1.036043773
   -0.666398442    1.047197551   24.447260215   47.283634613   -0.797148175
   -0.475998887    1.047197551   33.027847339   41.311623660    0.248030597
   -0.285599332    1.047197551   39.756451002   28.381546059    2.352702012
   -0.095199777    1.047197551   43.638563493   12.068123161    5.673671636
    0.095199777    1.047197551   44.411222125   -3.584321654   10.155186099
    0.285599332    1.047197551   42.588210247  -14.526907443   15.435477987
    0.475998887    1.047197551   39.410468295  -17.359438689   20.808097834
    0.666398442    1.047197551   36.623141403  -10.427917640   25.337805637
    0.856797996    1.047197551   36.023711534    5.147540274   28.116332677
    1.047197551    1.047197551   38.897930835   25.194535615   28.561982850
    1.237597106    1.047197551   45.537380032   43.683956474   26.632712568
    1.427996661    1.047197551   55.087452916   54.996816000   22.814007586
    1.618396215    1.047197551   65.813868823   55.756884262   17.905900611
    1.808795770    1.047197551   75.630252910   45.615415795   12.724251508
    1.999195325    1.047197551   82.634864972   26.738788143    7.882860514
    2.189594880    1.047197551   85.494621867    2.740203330    3.714724958
    2.379994435    1.047197551   83.615997127  -22.364780110    0.345514595
    2.570393989    1.047197551   77.168384177  -44.578660887   -2.193827582
    2.760793544    1.047197551   67.060557282  -60.269670963   -3.875520701
    2.951193099    1.047197551   54.823050969  -66.645456433   -4.674759459

   -3.141592654    1.396263402   37.403363838  -61.660036483   -9.888036983
   -2.951193099    1.396263402   26.948586472  -47.196444825   -8.587227447
   -2.760793544    1.396263402   19.663117017  -29.331438479   -6.820227400
   -2.570393989    1.396263402   15.619139332  -14.092855986   -4.928954446
   -2.379994435    1.396263402   13.824196884   -6.232788005   -3.132446206
   -2.189594880    1.396263402   12.696256231   -6.899235711   -1.502793148
   -1.999195325    1.396263402   10.852301246  -12.890858466   -0.065551636
   -1.808795770    1.396263402    7.836820007  -18.107407789    1.089724054
   -1.618396215    1.396263402    4.382329559  -16.740811219    1.784489961
   -1.427996661    1.396263402    2.041837612   -6.400485802    1.871037687
   -1.237597106    1.396263402    2.380837010   10.643311638    1.398289687
   -1.047197551    1.396263402    6.184310870   28.929134551    0.687157819
   -0.856797996    1.396263402   13.117394302   42.659749468    0.262257320
   -0.666398442    1.396263402   21.925271459   48.223533816    0.661221261
   -0.475998887    1.396263402   30.952413393   45.120725014    2.253761873
   -0.285599332    1.396263402   38.689847812   35.134610325    5.150527343
   -0.095199777    1.396263402   44.101238732   21.238000026    9.178268372
    0.095199777    1.396263402   46.765046248    6.880553406   13.891898938
    0.285599332    1.396263402   46.933054660   -4.375979379   18.617218298
    0.475998887    1.396263402   45.515511369   -9.316038343   22.525286359
    0.666398442    1.396263402   43.933478373   -6.005441192   24.817760709
    0.856797996    1.396263402   43.762926473    5.190170593   24.977767073
    1.047197551    1.396263402   46.241489685   21.121930996   22.950427283
    1.237597106    1.396263402   51.798980565   36.625520215   19.172294584
    1.427996661    1.396263402   59.839639097   46.443100123   14.386656855
    1.618396215    1.396263402   68.901462433   46.990177896    9.354152244
    1.808795770    1.396263402   77.091815815   37.371142107    4.614258089
    1.999195325    1.396263402   82.596429000   19.223796005    0.423846478
    2.189594880    1.396263402   84.092059871   -4.079815709   -3.164753690
    2.379994435    1.396263402   80.983033732  -28.436168309   -6.143877751
    2.570393989    1.396263402   73.474919106  -49.564813922   -8.440081209
    2.760793544    1.396263402   62.563346039  -63.619757616   -9.902637707
    2.951193099    1.396263402   49.883126553  -67.862730743  -10.390715419

   -3.141592654    1.745329252   31.197997227  -59.792927265  -15.945512012
   -2.951193099    1.745329252   21.268112509  -43.670865431  -14.705178746
   -2.760793544    1.745329252   14.747361896  -24.967226291  -12.763996655
   -2.570393989    1.745329252   11.553238441   -9.634394488  -10.416125863
   -2.379994435    1.745329252   10.578192027   -2.127536966   -7.857782422
   -2.189594880    1.745329252   10.180978005   -3.360580267   -5.146856912
   -1.999195325    1.745329252    8.941422429  -10.131457035   -2.320145702
   -1.808795770    1.745329252    6.349650524  -16.491631877    0.460726395
   -1.618396215    1.745329252    3.064986252  -16.617970283    2.864224135
   -1.427996661    1.745329252    0.604974495   -7.728985514    4.542380900
   -1.237597106    1.745329252    0.605351604    8.574876222    5.373981147
   -1.047197551    1.745329252    4.045392315   27.410638240    5.604458249
   -0.856797996    1.745329252   10.853831029   43.068057076    5.776807742
   -0.666398442    1.745329252   20.001611561   51.467412486    6.473227647
   -0.475998887    1.745329252   29.932585751   51.320223415    8.050892693
   -0.285599332    1.745329252   39.082108617   43.596158722   10.521615501
   -0.095199777    1.745329252   46.221130634   30.666935545   13.552010860
    0.095199777    1.745329252   50.644893454   15.655303021   16.559448571
    0.285599332    1.745329252   52.288803946    2.086015549   18.848396685
    0.475998887    1.745329252   51.772884094   -6.481548305   19.757617750
    0.666398442    1.745329252   50.331126830   -7.370484171   18.863223620
    0.856797996    1.745329252   49.524020400    0.024599189   16.160414852
    1.047197551    1.745329252   50.753622691   13.424892447   12.088655362
    1.237597106    1.745329252   54.735195815   28.027006946    7.387776577
    1.427996661    1.745329252   61.164566474   38.281163133    2.807146554
    1.618396215    1.745329252   68.769972852   39.882386727   -1.171832386
    1.808795770    1.745329252   75.704298722   31.225895686   -4.445810404
    1.999195325    1.745329252   80.096383092   13.607240542   -7.187929728
    2.189594880    1.745329252   80.544991404   -9.477074563   -9.647661148
    2.379994435    1.745329252   76.434173306  -33.492480509  -11.949385522
    2.570393989    1.745329252   68.037902537  -53.713725151  -13.999559211
    2.760793544    1.745329252   56.481501109  -66.116745119  -15.531076304
    2.951193099    1.745329252   43.526319064  -68.179545823  -16.239912511

   -3.141592654    2.094395102   24.399657981  -58.985042705  -18.205673399
   -2.951193099    2.094395102   14.781685711  -41.270363780  -16.939278352
   -2.760793544    2.094395102    8.835200350  -21.428944898  -14.926651733
   -2.570393989    2.094395102    6.386187049   -5.413460884  -12.435899034
   -2.379994435    2.094395102    6.260651680    2.558616270   -9.632627399
   -2.189594880    2.094395102    6.797888756    1.760857465   -6.522036633
   -1.999195325    2.094395102    6.568593928   -4.689546790   -3.066538220
   -1.808795770    2.094395102    5.010723743  -11.185856122    0.632158517
   -1.618396215    2.094395102    2.668288638  -12.152033104    4.241393651
   -1.427996661    2.094395102    0.933376788   -4.631541974    7.322816610
   -1.237597106    2.094395102    1.394875318   10.385709186    9.582139310
   -1.047197551    2.094395102    5.115278280   28.707562033   11.049004998
   -0.856797996    2.094395102   12.206879310   44.909355608   12.048766242
   -0.666398442    2.094395102   21.822971815   54.608663057   12.975966814
   -0.475998887    2.094395102   32.487786992   55.832145182   14.046809544
   -0.285599332    2.094395102   42.576854451   48.784613042   15.196051276
   -0.095199777    2.094395102   50.674645670   35.316672887   16.092226610
    0.095199777    2.094395102   55.822090505   18.379993565   16.263827374
    0.285599332    2.094395102   57.705666204    1.714350650   15.260942037
    0.475998887    2.094395102   56.774952104  -10.496120492   12.810871083
    0.666398442    2.094395102   54.242561872  -14.653441742    8.977743823
    0.856797996    2.094395102   51.832033859   -9.250022499    4.232555589
    1.047197551    2.094395102   51.247721175    3.952607217   -0.671798089
    1.237597106    2.094395102   53.540882139   19.982311011   -4.961375753
    1.427996661    2.094395102   58.649279355   32.505207149   -8.144370109
    1.618396215    2.094395102   65.366633761   36.231143427  -10.185090926
    1.808795770    2.094395102   71.743356708   28.851237554  -11.445615406
    1.999195325    2.094395102   75.722538201   11.496690543  -12.444296250
    2.189594880    2.094395102   75.735369965  -12.003014969  -13.596150353
    2.379994435    2.094395102   71.091042118  -36.523319535  -15.038571270
    2.570393989    2.094395102   62.102783295  -56.784046243  -16.597791988
    2.760793544    2.094395102   50.017406814  -68.463528061  -17.896018777
    2.951193099    2.094395102   36.740239518  -69.106266139  -18.521679006

   -3.141592654    2.443460953   18.388298593  -58.199483488  -12.730236050
   -2.951193099    2.443460953    9.051257508  -39.154873602  -11.261504115
   -2.760793544    2.443460953    3.613009378  -18.273706946   -9.268917852
   -2.570393989    2.443460953    1.840910976   -1.498573422   -6.948898936
   -2.379994435    2.443460953    2.527204121    7.179569980   -4.375143673
   -2.189594880    2.443460953    4.023049338    7.232684348   -1.440199114
   -1.999195325    2.443460953    4.925307977    1.708233929    2.023759759
   -1.808795770    2.443460953    4.654136262   -4.162573479    6.027080850
   -1.618396215    2.443460953    3.655728433   -5.199124777   10.273741580
   -1.427996661    2.443460953    3.174621316    1.467338228   14.230341402
   -1.237597106    2.443460953    4.676832595   15.179226116   17.369689328
   -1.047197551    2.443460953    9.187650239   32.260946731   19.412550656
   -0.856797996    2.443460953   16.867583996   47.601909583   20.391424461
   -0.666398442    2.443460953   26.941319131   56.735415982   20.511383643
   -0.475998887    2.443460953   37.955632273   57.327358539   19.937580240
   -0.285599332    2.443460953   48.232954978   49.158707298   18.683019256
   -0.095199777    2.443460953   56.239576533   33.857845977   16.597283619
    0.095199777    2.443460953   60.881676752   14.444449576   13.485380760
    0.285599332    2.443460953   61.754809077   -4.972833345    9.255086436
    0.475998887    2.443460953   59.313051004  -19.565149471    4.055296811
    0.666398442    2.443460953   54.908208054  -25.000551349   -1.641211771
    0.856797996    2.443460953   50.530993991  -19.261528281   -7.083091974
    1.047197551    2.443460953   48.204226127   -4.098401812  -11.466743984
    1.237597106    2.443460953   49.238518877   14.907311299  -14.230057245
    1.427996661    2.443460953   53.673227025   30.426772861  -15.278044513
    1.618396215    2.443460953   60.214386082   36.260027725  -15.008140900
    1.808795770    2.443460953   66.692376656   29.670597248  -14.103963644
    1.999195325    2.443460953   70.805791092   11.940137205  -13.231661615
    2.189594880    2.443460953   70.811841493  -12.555285225  -12.805075584
    2.379994435    2.443460953   65.964719387  -38.035730647  -12.899607168
    2.570393989    2.443460953   56.636880051  -58.718168728  -13.296567386
    2.760793544    2.443460953   44.203289910  -70.056799621  -13.625161259
    2.951193099    2.443460953   30.710355424  -69.683580845  -13.514449650

   -3.141592654    2.792526803   15.124622665  -56.772703091    1.302681559
   -2.951193099    2.792526803    6.135383928  -36.960947004    3.484122430
   -2.760793544    2.792526803    1.178651463  -15.443396199    5.462511289
   -2.570393989    2.792526803    0.000000000    1.901860952    7.143197893
   -2.379994435    2.792526803    1.398413000   11.298367032    8.665375817
   -2.189594880    2.792526803    3.771761900   12.380936733   10.397440746
   -1.999195325    2.792526803    5.772012499    8.097365523   12.763626759
   -1.808795770    2.792526803    6.823886393    3.263889190   15.968622848
   -1.618396215    2.792526803    7.285892391    2.561802318   19.796668028
   -1.427996661    2.792526803    8.237368257    8.589148490   23.631015058
   -1.237597106    2.792526803   10.964391671   20.809871737   26.697260663
   -1.047197551    2.792526803   16.364741901   35.929739810   28.380395757
   -0.856797996    2.792526803   24.544736034   49.180486135   28.409358584
   -0.666398442    2.792526803   34.719358959   56.202026817   26.839418084
   -0.475998887    2.792526803   45.423825389   54.581115730   23.894647703
   -0.285599332    2.792526803   54.951433697   43.995304421   19.824704047
   -0.095199777    2.792526803   61.734158348   26.167424261   14.830213146
    0.095199777    2.792526803   64.684458392    4.437172973    9.108457108
    0.285599332    2.792526803   63.484143626  -16.586455281    2.929332339
    0.475998887    2.792526803   58.773906567  -31.538521517   -3.283835223
    0.666398442    2.792526803   52.179442731  -35.740836717   -8.942178558
    0.856797996    2.792526803   45.996868306  -27.252992080  -13.384731004
    1.047197551    2.792526803   42.490905450   -8.398728434  -16.089815243
    1.237597106    2.792526803   43.065505760   14.307015284  -16.885113294
    1.427996661    2.792526803   47.670710011   32.613918054  -16.033320647
    1.618396215    2.792526803   54.780547561   39.804575355  -14.128568079
    1.808795770    2.792526803   61.949863396   33.200221224  -11.839525305
    1.999195325    2.792526803   66.657455698   14.567744742   -9.659766397
    2.189594880    2.792526803   67.050801898  -11.105300828   -7.787110556
    2.379994435    2.792526803   62.381937560  -37.538469815   -6.161384111
    2.570393989    2.792526803   53.096138338  -58.682472898   -4.580593783
    2.760793544    2.792526803   40.670208415  -69.930244477   -2.848399829
    2.951193099    2.792526803   27.247382597  -69.019246735   -0.870134507
