#! FIELDS phi psi file.free der_phi der_psi
#! SET min_phi -pi
#! SET max_phi pi
#! SET nbins_phi  33
#! SET periodic_phi true
#! SET min_psi -pi
#! SET max_psi pi
#! SET nbins_psi  18
#! SET periodic_psi true
   -3.141592654   -3.141592654   18.264454634  -53.849870283   17.206660447
   -2.951193099   -3.141592654    9.749676152  -34.969912827   19.708278094
   -2.760793544   -3.141592654    5.069531503  -14.531974498   21.230760645
   -2.570393989   -3.141592654    3.983842005    2.057867702   21.900734237
   -2.379994435   -3.141592654    5.405547896   11.554490695   22.161672408
   -2.189594880   -3.141592654    7.928104782   13.875446583   22.655456179
   -1.999195325   -3.141592654   10.408430356   11.746648562   23.976053946
   -1.808795770   -3.141592654   12.382420401    9.249771813   26.369280238
   -1.618396215   -3.141592654   14.152573338   10.114113004   29.549458465
   -1.427996661   -3.141592654   16.574544485   16.194489804   32.746334466
   -1.237597106   -3.141592654   20.616182391   26.745261458   34.991103054
   -1.047197551   -3.141592654   26.872292890   38.802933082   35.492653876
   -0.856797996   -3.141592654   35.241365783   48.222358828   33.887971826
   -0.666398442   -3.141592654   44.852519690   51.261454915   30.276613749
   -0.475998887   -3.141592654   54.257353205   45.954038144   25.071583098
   -0.285599332   -3.141592654   61.837456681   32.290306446   18.804413744
   -0.095199777   -3.141592654   66.167453247   12.287326497   11.983963136
    0.095199777   -3.141592654   66.362116972  -10.402649104    5.076921321
    0.285599332   -3.141592654   62.363774764  -30.872657585   -1.471264784
    0.475998887   -3.141592654   55.116736413  -43.633833439   -7.186960448
    0.666398442   -3.141592654   46.545033605  -44.206821808  -11.586579563
    0.856797996   -3.141592654   39.169756517  -31.230661525  -14.270265651
    1.047197551   -3.141592654   35.341369224   -7.869245568  -15.074114579
    1.237597106   -3.141592654   36.384761366   18.518053688  -14.176008166
    1.427996661   -3.141592654   42.034108568   39.125253412  -12.053263985
    1.618396215   -3.141592654   50.483677040   47.146191607   -9.295942694
    1.808795770   -3.141592654   59.034465792   40.228032209   -6.362786262
    1.999195325   -3.141592654   64.997258440   20.678695804   -3.436887189
    2.189594880   -3.141592654   66.456663216   -5.995416793   -0.444541158
    2.379994435   -3.141592654   62.684477850  -33.172913043    2.784232438
    2.570393989   -3.141592654   54.187252886  -54.723726086    6.347558282
    2.760793544   -3.141592654   42.496011997  -66.175197720   10.148816548
    2.951193099   -3.141592654   29.767863764  -65.525825701   13.899844800

   -3.141592654   -2.792526803   26.090317658  -49.312910566   25.903762250
   -2.951193099   -2.792526803   18.236136651  -32.601421612   28.194523918
   -2.760793544   -2.792526803   13.809592979  -14.163151840   29.185478650
   -2.570393989   -2.792526803   12.658082164    1.162591221   29.191067526
   -2.379994435   -2.792526803   13.879802979   10.564019660   28.800795367
   -2.189594880   -2.792526803   16.307281749   14.065124200   28.695421603
   -1.999195325   -2.792526803   19.014058327   14.030325320   29.402979389
   -1.808795770   -2.792526803   21.637536239   13.722185099   31.055752140
   -1.618396215   -2.792526803   24.401011157   15.840761722   33.272116446
   -1.427996661   -2.792526803   27.896675758   21.417930607   35.228371868
   -1.237597106   -2.792526803   32.723750687   29.473151742   35.946121526
   -1.047197551   -2.792526803   39.132177858   37.502597172   34.667335413
   -0.856797996   -2.792526803   46.814861632   42.317293761   31.123956778
   -0.666398442   -2.792526803   54.891322618   41.209442082   25.589675700
   -0.475998887   -2.792526803   62.079176532   32.978157018   18.716649465
   -0.285599332   -2.792526803   67.033682354   17.963024506   11.279766747
   -0.095199777   -2.792526803   68.631805638   -1.824311588    3.977812018
    0.095199777   -2.792526803   66.267203770  -22.974852797   -2.629905873
    0.285599332   -2.792526803   60.104100258  -40.893934448   -8.120588336
    0.475998887   -2.792526803   51.247746726  -50.430126810  -12.159794779
    0.666398442   -2.792526803   41.715931486  -47.472761305  -14.518958924
    0.856797996   -2.792526803   34.046314605  -31.102532796  -15.137270481
    1.047197551   -2.792526803   30.518325292   -4.962641064  -14.184994410
    1.237597106   -2.792526803   32.303313043   23.243720779  -12.057452136
    1.427996661   -2.792526803   38.943337815   44.667229856   -9.249147281
    1.618396215   -2.792526803   48.466465820   52.818108266   -6.167224815
    1.808795770   -2.792526803   58.091355108   45.858402768   -2.983404807
    1.999195325   -2.792526803   65.140116056   26.523696327    0.376731780
    2.189594880   -2.792526803   67.763433806    0.432681795    4.115420824
    2.379994435   -2.792526803   65.285783254  -26.013179665    8.370724192
    2.570393989   -2.792526803   58.203234614  -47.113837850   13.076684670
    2.760793544   -2.792526803   47.954299780  -58.780028376   17.906976749
    2.951193099   -2.792526803   36.548052374  -59.191672619   22.357914245

   -3.141592654   -2.443460953   34.953261498  -44.432726593   23.405625367
   -2.951193099   -2.443460953   27.808358890  -30.043834054   25.229520239
   -2.760793544   -2.443460953   23.665571641  -13.644956481   25.906116779
   -2.570393989   -2.443460953   22.479855106    0.453604758   25.748793233
   -2.379994435   -2.443460953   23.535120016    9.706872985   25.249955404
   -2.189594880   -2.443460953   25.865581544   14.037980880   24.903541594
   -1.999195325   -2.443460953   28.691097497   15.329941486   25.022367774
   -1.808795770   -2.443460953   31.674244123   16.092906872   25.592889227
   -1.618396215   -2.443460953   34.913069683   18.236088137   26.241427210
   -1.427996661   -2.443460953   38.744706936   22.283212335   26.323096647
   -1.237597106   -2.443460953   43.467017603   27.309037445   25.153109194
   -1.047197551   -2.443460953   49.098128943   31.451756415   22.285630605
   -0.856797996   -2.443460953   55.261054932   32.525219978   17.703732708
   -0.666398442   -2.443460953   61.195628215   28.756309168   11.833354185
   -0.475998887   -2.443460953   65.882395272   19.453873347    5.379200893
   -0.285599332   -2.443460953   68.288728423    4.973414213   -0.921337101
   -0.095199777   -2.443460953   67.567725989  -13.011997872   -6.485649891
    0.095199777   -2.443460953   63.310520555  -31.567326154  -10.943970853
    0.285599332   -2.443460953   55.790936181  -46.505721291  -14.119833122
    0.475998887   -2.443460953   46.156642209  -52.994179161  -15.952057434
    0.666398442   -2.443460953   36.412239309  -47.193571326  -16.468118084
    0.856797996   -2.443460953   29.028836348  -28.463365086  -15.790505919
    1.047197551   -2.443460953   26.169126320   -0.700966300  -14.144133009
    1.237597106   -2.443460953   28.853500932   28.311574186  -11.835606781
    1.427996661   -2.443460953   36.481436744   49.905671531   -9.162640305
    1.618396215   -2.443460953   46.995297247   57.989778127   -6.311924073
    1.808795770   -2.443460953   57.611068573   51.155482143   -3.305829393
    1.999195325   -2.443460953   65.714845073   32.383362656   -0.038060897
    2.189594880   -2.443460953   69.540012184    7.228566157    3.626747846
    2.379994435   -2.443460953   68.453198825  -18.234476150    7.727666526
    2.570393989   -2.443460953   62.916020424  -38.775825105   12.131966207
    2.760793544   -2.443460953   54.246836147  -50.691089518   16.510547115
    2.951193099   -2.443460953   44.281850521  -52.316850579   20.415316842

   -3.141592654   -2.094395102   41.311904480  -40.499210892   14.009079922
   -2.951193099   -2.094395102   34.761255481  -27.740621102   15.061056866
   -2.760793544   -2.094395102   30.915189768  -12.768242756   15.441752257
   -2.570393989   -2.094395102   29.799916437    0.416742920   15.369660153
   -2.379994435   -2.094395102   30.809113700    9.349887386   15.090205731
   -2.189594880   -2.094395102   33.075612731   13.762862027   14.763199198
   -1.999195325   -2.094395102   35.860266112   15.135554889   14.397756694
   -1.808795770   -2.094395102   38.779495622   15.504153511   13.839076396
   -1.618396215   -2.094395102   41.803153834   16.408792593   12.820746970
   -1.427996661   -2.094395102   45.094410175   18.301323413   11.044843828
   -1.237597106   -2.094395102   48.802928954   20.606548105    8.304482548
   -1.047197551   -2.094395102   52.901086785   22.151232611    4.600732785
   -0.856797996   -2.094395102   57.111941550   21.536344526    0.192885100
   -0.666398442   -2.094395102   60.904725503   17.517555680   -4.452754202
   -0.475998887   -2.094395102   63.545392309    9.430878940   -8.805016473
   -0.285599332   -2.094395102   64.246325084   -2.791070657  -12.438904902
   -0.095199777   -2.094395102   62.298498511  -18.110097745  -15.138420400
    0.095199777   -2.094395102   57.314674810  -34.159138299  -16.892403372
    0.285599332   -2.094395102   49.504278005  -47.043156889  -17.827652982
    0.475998887   -2.094395102   39.922668924  -51.970722876  -18.092027554
    0.666398442   -2.094395102   30.489542035  -44.999775981  -17.793052554
    0.856797996   -2.094395102   23.610760872  -25.387403627  -16.982510643
    1.047197551   -2.094395102   21.399276036    3.003153430  -15.675392953
    1.237597106   -2.094395102   24.830708086   32.425338669  -13.894993639
    1.427996661   -2.094395102   33.269312376   54.290432445  -11.685916501
    1.618396215   -2.094395102   44.641801413   62.627836331   -9.107675784
    1.808795770   -2.094395102   56.172399556   56.141413521   -6.227421967
    1.999195325   -2.094395102   65.270229911   37.850567832   -3.116276656
    2.189594880   -2.094395102   70.190028818   13.247375666    0.150306795
    2.379994435   -2.094395102   70.297403629  -11.746447919    3.474599881
    2.570393989   -2.094395102   66.018205960  -32.125768729    6.723980266
    2.760793544   -2.094395102   58.592476437  -44.383227109    9.707358987
    2.951193099   -2.094395102   49.749654570  -46.954218563   12.202741718

   -3.141592654   -1.745329252   43.797637810  -38.750749584    4.907525911
   -2.951193099   -1.745329252   37.502034383  -26.799424555    5.527905971
   -2.760793544   -1.745329252   33.769597559  -12.490829810    5.879185609
   -2.570393989   -1.745329252   32.657321328    0.186158852    5.985703340
   -2.379994435   -1.745329252   33.578261170    8.639516749    5.804050095
   -2.189594880   -1.745329252   35.651851914   12.405202809    5.203008529
   -1.999195325   -1.745329252   38.091455800   12.808824217    4.006456881
   -1.808795770   -1.745329252   40.447286890   11.864478278    2.071122650
   -1.618396215   -1.745329252   42.633403167   11.231685918   -0.631647704
   -1.427996661   -1.745329252   44.791986753   11.613496888   -3.986017804
   -1.237597106   -1.745329252   47.110732075   12.796711212   -7.736606229
   -1.047197551   -1.745329252   49.672067847   13.979567267  -11.522377623
   -0.856797996   -1.745329252   52.372388497   14.024224542  -14.934024387
   -0.666398442   -1.745329252   54.879466874   11.678769774  -17.590640406
   -0.475998887   -1.745329252   56.624454007    5.934847632  -19.229646857
   -0.285599332   -1.745329252   56.896105350   -3.834291271  -19.794093009
   -0.095199777   -1.745329252   54.950423048  -17.155064493  -19.460816690
    0.095199777   -1.745329252   50.275322333  -32.020674075  -18.588146689
    0.285599332   -1.745329252   42.915003906  -44.573822830  -17.599674075
    0.475998887   -1.745329252   33.783055516  -49.780981381  -16.812347767
    0.666398442   -1.745329252   24.721527851  -43.286406915  -16.327796306
    0.856797996   -1.745329252   18.137306873  -23.942673555  -16.009992090
    1.047197551   -1.745329252   16.209124980    4.617641726  -15.560221490
    1.237597106   -1.745329252   20.002482360   34.670300929  -14.672819857
    1.427996661   -1.745329252   28.954651848   57.455887489  -13.164740277
    1.618396215   -1.745329252   41.020902634   66.713152488  -11.043616595
    1.808795770   -1.745329252   53.398390539   60.882614601   -8.491192800
    1.999195325   -1.745329252   63.430453270   42.844737934   -5.784070516
    2.189594880   -1.745329252   69.295766594   18.118114501   -3.183349073
    2.379994435   -1.745329252   70.298519845   -7.248992473   -0.864020646
    2.570393989   -1.745329252   66.827939822  -28.151736473    1.104665029
    2.760793544   -1.745329252   60.100177801  -41.046130794    2.715499950
    2.951193099   -1.745329252   51.823671578  -44.378075146    3.981862876

   -3.141592654   -1.396263402   42.196370440  -38.621170476    1.685523727
   -2.951193099   -1.396263402   35.948155826  -26.425580650    1.554260749
   -2.760793544   -1.396263402   32.309708838  -11.911515159    1.263888654
   -2.570393989   -1.396263402   31.307340562    0.685444002    0.805481090
   -2.379994435   -1.396263402   32.275753641    8.531442625    0.053297162
   -2.189594880   -1.396263402   34.218667401   11.032338764   -1.231836487
   -1.999195325   -1.396263402   36.229132042    9.600108665   -3.301350366
   -1.808795770   -1.396263402   37.777790694    6.598805387   -6.272169847
   -1.618396215   -1.396263402   38.785278262    4.215269457  -10.007255132
   -1.427996661   -1.396263402   39.505527416    3.701550137  -14.108757175
   -1.237597106   -1.396263402   40.330264259    5.239043772  -18.016006470
   -1.047197551   -1.396263402   41.592237768    8.099167140  -21.155354650
   -0.856797996   -1.396263402   43.419707077   10.871182912  -23.079814574
   -0.666398442   -1.396263402   45.630948425   11.750164538  -23.558759354
   -0.475998887   -1.396263402   47.686405680    9.031627460  -22.615617528
   -0.285599332   -1.396263402   48.772886908    1.439383626  -20.533978819
   -0.095199777   -1.396263402   47.936890716  -11.013971638  -17.810505414
    0.095199777   -1.396263402   44.397925184  -26.464879248  -15.048508295
    0.285599332   -1.396263402   37.939998342  -40.804010773  -12.801119464
    0.475998887   -1.396263402   29.302436751  -48.385613578  -11.389694314
    0.666398442   -1.396263402   20.293464406  -44.025784123  -10.806855543
    0.856797996   -1.396263402   13.439220032  -25.832789889  -10.743123661
    1.047197551   -1.396263402   11.147676084    2.905955772  -10.725946494
    1.237597106   -1.396263402   14.729583124   34.299364663  -10.329095775
    1.427996661   -1.396263402   23.790482021   58.982202699   -9.324477187
    1.618396215   -1.396263402   36.318063037   69.927927907   -7.732290109
    1.808795770   -1.396263402   49.408710284   64.987012098   -5.771790260
    1.999195325   -1.396263402   60.228551355   46.851139855   -3.748622675
    2.189594880   -1.396263402   66.784518135   21.264194711   -1.930327163
    2.379994435   -1.396263402   68.276674892   -5.267456000   -0.474564643
    2.570393989   -1.396263402   65.079637889  -27.207551056    0.577210852
    2.760793544   -1.396263402   58.461560344  -40.760715399    1.254183398
    2.951193099   -1.396263402   50.210905714  -44.338466861    1.608232818

   -3.141592654   -1.047197551   39.454393069  -40.566343869    2.784368477
   -2.951193099   -1.047197551   32.858362460  -28.092671674    1.712588702
   -2.760793544   -1.047197551   28.942945386  -13.157297584    0.498593126
   -2.570393989   -1.047197551   27.732285659   -0.322205355   -0.816730981
   -2.379994435   -1.047197551   28.490396535    7.210931481   -2.353812383
   -2.189594880   -1.047197551   30.093191764    8.659287135   -4.387770892
   -1.999195325   -1.047197551   31.502657933    5.600971700   -7.203132472
   -1.808795770   -1.047197551   32.127136268    0.942373769  -10.882102300
   -1.618396215   -1.047197551   31.948313840   -2.421407605  -15.144163598
   -1.427996661   -1.047197551   31.407775429   -2.670682669  -19.363591774
   -1.237597106   -1.047197551   31.158734063    0.557437547  -22.764749694
   -1.047197551   -1.047197551   31.784559514    6.244797937  -24.688552992
   -0.856797996   -1.047197551   33.574070827   12.346159011  -24.801085905
   -0.666398442   -1.047197551   36.369966820   16.310948298  -23.160947379
   -0.475998887   -1.047197551   39.520543278   15.775349421  -20.159754029
   -0.285599332   -1.047197551   41.995863263    9.037624049  -16.410166417
   -0.095199777   -1.047197551   42.572997594   -4.004578621  -12.588314250
    0.095199777   -1.047197551   40.212733682  -21.262388881   -9.288009541
    0.285599332   -1.047197551   34.514487560  -38.078989912   -6.881169675
    0.475998887   -1.047197551   26.158991111  -48.073655003   -5.431824409
    0.666398442   -1.047197551   17.036429410  -45.366383339   -4.720016304
    0.856797996   -1.047197551    9.862254313  -27.657185687   -4.367062010
    1.047197551   -1.047197551    7.270526093    1.726941289   -3.989634390
    1.237597106   -1.047197551   10.752010311   34.476828971   -3.336360257
    1.427996661   -1.047197551   19.990458870   60.623462087   -2.332775362
    1.618396215   -1.047197551   32.938498855   72.586768133   -1.049064090
    1.808795770   -1.047197551   46.574110504   67.909673183    0.359196884
    1.999195325   -1.047197551   57.914924566   49.285827547    1.709452424
    2.189594880   -1.047197551   64.845709599   22.707633434    2.842516334
    2.379994435   -1.047197551   66.502881915   -4.978037554    3.646262438
    2.570393989   -1.047197551   63.258549889  -27.951209115    4.052773914
    2.760793544   -1.047197551   56.421446594  -42.257971624    4.034077369
    2.951193099   -1.047197551   47.841672625  -46.246292896    3.595278442

   -3.141592654   -0.698131701   38.713307076  -44.133556664    3.154061795
   -2.951193099   -0.698131701   31.434324604  -31.636555371    0.832290228
   -2.760793544   -0.698131701   26.868518834  -16.426305653   -1.624939912
   -2.570393989   -0.698131701   25.056785589   -3.416513281   -4.032366779
   -2.379994435   -0.698131701   25.206266965    3.806260476   -6.412058214
   -2.189594880   -0.698131701   26.079658745    4.307006949   -9.000422290
   -1.999195325   -0.698131701   26.536757174   -0.059455213  -12.065476851
   -1.808795770   -0.698131701   25.978703092   -5.693366788  -15.636796661
   -1.618396215   -0.698131701   24.526109837   -8.926814759  -19.325179646
   -1.427996661   -0.698131701   22.880658777   -7.510382730  -22.384838639
   -1.237597106   -0.698131701   21.980279324   -1.265076149  -24.010991421
   -1.047197551   -0.698131701   22.602675020    8.057475618  -23.698259077
   -0.856797996   -0.698131701   25.065463048   17.478158625  -21.458028519
   -0.666398442   -0.698131701   29.072998143   23.680616852  -17.788853509
   -0.475998887   -0.698131701   33.724280313   23.904813494  -13.455045701
   -0.285599332   -0.698131701   37.702788068   16.470242134   -9.223856521
   -0.095199777   -0.698131701   39.536270781    1.611001194   -5.631645323
    0.095199777   -0.698131701   38.024392914  -18.004257273   -2.881131330
    0.285599332   -0.698131701   32.728210757  -37.031523785   -0.846272061
    0.475998887   -0.698131701   24.417403298  -48.487143130    0.795711694
    0.666398442   -0.698131701   15.162701828  -46.169496441    2.363008658
    0.856797996   -0.698131701    7.882197089  -27.847499248    3.985171991
    1.047197551   -0.698131701    5.364257004    2.728479578    5.563643664
    1.237597106   -0.698131701    9.157582441   36.699216793    6.871322793
    1.427996661   -0.698131701   18.906226360   63.659015687    7.725015822
    1.618396215   -0.698131701   32.462209551   75.827895879    8.108108911
    1.808795770   -0.698131701   46.687607017   70.772112711    8.158148101
    1.999195325   -0.698131701   58.501586879   51.335460319    8.055914116
    2.189594880   -0.698131701   65.723521255   23.689462530    7.911189417
    2.379994435   -0.698131701   67.456338761   -5.173477201    7.702890444
    2.570393989   -0.698131701   64.062353481  -29.309642414    7.282924334
    2.760793544   -0.698131701   56.864334765  -44.655299836    6.458973582
    2.951193099   -0.698131701   47.749134343  -49.422919816    5.084957075

   -3.141592654   -0.349065850   39.498073187  -49.460254147    3.070244471
   -2.951193099   -0.349065850   31.150884632  -37.408889181   -0.145293672
   -2.760793544   -0.349065850   25.493218893  -22.030908538   -3.370326072
   -2.570393989   -0.349065850   22.656858239   -8.560064107   -6.360436290
   -2.379994435   -0.349065850   21.859731653   -1.057328725   -9.109782236
   -2.189594880   -0.349065850   21.798108214   -0.721702179  -11.831419835
   -1.999195325   -0.349065850   21.258990534   -5.482363788  -14.737351942
   -1.808795770   -0.349065850   19.659914912  -11.060780144  -17.749239192
   -1.618396215   -0.349065850   17.279493281  -13.061829071  -20.353690647
   -1.427996661   -0.349065850   15.079810960   -8.970360839  -21.749894643
   -1.237597106   -0.349065850   14.239345253    0.913716920  -21.244815726
   -1.047197551   -0.349065850   15.626348646   13.800780985  -18.651803626
   -0.856797996   -0.349065850   19.436961304   25.626092288  -14.441044713
   -0.666398442   -0.349065850   25.084323809   32.443148679   -9.547354390
   -0.475998887   -0.349065850   31.320489320   31.525535701   -4.971199907
   -0.285599332   -0.349065850   36.545753927   21.825042947   -1.405064688
   -0.095199777   -0.349065850   39.159246763    4.486753092    0.991669667
    0.095199777   -0.349065850   38.007163769  -16.932166071    2.560451746
    0.285599332   -0.349065850   32.838000811  -36.550248542    3.938661018
    0.475998887   -0.349065850   24.661154650  -47.391951690    5.728644043
    0.666398442   -0.349065850   15.733209841  -43.803376876    8.192286676
    0.856797996   -0.349065850    9.021564267  -24.345693463   11.098559648
    1.047197551   -0.349065850    7.221265834    6.591710907   13.847194223
    1.237597106   -0.349065850   11.709613548   39.987167754   15.785164055
    1.427996661   -0.349065850   21.977894688   65.771672547   16.535793818
    1.618396215   -0.349065850   35.815935286   76.713686733   16.157328568
    1.808795770   -0.349065850   50.119567376   70.785808763   15.046797057
    1.999195325   -0.349065850   61.887891250   50.904928698   13.682702872
    2.189594880   -0.349065850   69.003900642   23.019017038   12.382459502
    2.379994435   -0.349065850   70.577532093   -6.227358089   11.188265595
    2.570393989   -0.349065850   66.916524428  -31.129893773    9.894525786
    2.760793544   -0.349065850   59.265839142  -47.642475278    8.212144675
    2.951193099   -0.349065850   49.457130360  -53.713312891    5.934242608

   -3.141592654    0.000000000   40.678050578  -55.117391128    2.400358735
   -2.951193099    0.000000000   31.208821691  -43.413736243   -0.757528828
   -2.760793544    0.000000000   24.421521731  -27.800875195   -3.789415120
   -2.570393989    0.000000000   20.533165733  -13.823517191   -6.495605701
   -2.379994435    0.000000000   18.773081359   -5.956178702   -8.888656054
   -2.189594880    0.000000000   17.788218847   -5.557807488  -11.148510589
   -1.999195325    0.000000000   16.330097105  -10.240802463  -13.413276854
   -1.808795770    0.000000000   13.882251381  -15.035462196  -15.526626379
   -1.618396215    0.000000000   10.919513353  -14.961395968  -16.956842567
   -1.427996661    0.000000000    8.659801948   -7.534040972  -16.993291057
   -1.237597106    0.000000000    8.453487866    6.111693354  -15.156638254
   -1.047197551    0.000000000   11.131809231   21.921155750  -11.554331334
   -0.856797996    0.000000000   16.623291823   34.799209543   -6.929274288
   -0.666398442    0.000000000   23.946004229   40.542045601   -2.348543143
   -0.475998887    0.000000000   31.494091331   37.031103380    1.275917000
   -0.285599332    0.000000000   37.483470376   24.388637822    3.557633438
   -0.095199777    0.000000000   40.364494021    4.952475499    4.765507753
    0.095199777    0.000000000   39.228109426  -16.933089778    5.641347723
    0.285599332    0.000000000   34.153211153  -35.311637982    7.051746693
    0.475998887    0.000000000   26.420567155  -43.883151045    9.573467834
    0.666398442    0.000000000   18.377476565  -38.159333398   13.202165266
    0.856797996    0.000000000   12.853627043  -17.810209377   17.300352093
    1.047197551    0.000000000   12.243856638   12.258043525   20.870416867
    1.237597106    0.000000000   17.607461233   43.340514195   23.008021723
    1.427996661    0.000000000   28.245187113   66.311692852   23.293008703
    1.618396215    0.000000000   41.952824913   74.966229311   21.922026090
    1.808795770    0.000000000   55.791713308   67.853056677   19.532265997
    1.999195325    0.000000000   66.974602847   47.831887767   16.846069503
    2.189594880    0.000000000   73.538100504   20.325731886   14.357517077
    2.379994435    0.000000000   74.629519945   -8.670762895   12.195172388
    2.570393989    0.000000000   70.485497424  -33.865128583   10.168069828
    2.760793544    0.000000000   62.238255138  -51.253529351    7.970803529
    2.951193099    0.000000000   51.634431376  -58.454220249    5.380959021

   -3.141592654    0.349065850   42.485731537  -59.927109868    1.587643157
   -2.951193099    0.349065850   32.070090055  -48.444010384   -0.608736539
   -2.760793544    0.349065850   24.340462248  -32.586569913   -2.555450567
   -2.570393989    0.349065850   19.586626185  -18.101141258   -4.213962109
   -2.379994435    0.349065850   17.058150945   -9.770658786   -5.680375953
   -2.189594880    0.349065850   15.376733932   -9.076118837   -7.113325193
   -1.999195325    0.349065850   13.279669839  -13.372716678   -8.574770873
   -1.808795770    0.349065850   10.316843259  -17.162040652   -9.868610317
   -1.618396215    0.349065850    7.123560801  -15.078428761  -10.538397791
   -1.427996661    0.349065850    5.102015252   -4.830954372  -10.068201920
   -1.237597106    0.349065850    5.682976398   11.576389104   -8.214037980
   -1.047197551    0.349065850    9.580371149   28.983741515   -5.237294559
   -0.856797996    0.349065850   16.423196917   41.605358476   -1.849184465
   -0.666398442    0.349065850   24.876997839   45.396919468    1.129002913
   -0.475998887    0.349065850   33.095015627   39.185465741    3.181110976
   -0.285599332    0.349065850   39.270343032   24.372313574    4.341601348
   -0.095199777    0.349065850   42.059950878    4.318941633    5.175250704
    0.095199777    0.349065850   40.898686954  -16.249176248    6.491043470
    0.285599332    0.349065850   36.206099607  -31.807237323    8.968825716
    0.475998887    0.349065850   29.451115170  -37.169279224   12.814816106
    0.666398442    0.349065850   22.923060717  -29.249648799   17.606694449
    0.856797996    0.349065850   19.146361774   -8.782747668   22.386961142
    1.047197551    0.349065850   20.081000603   19.096616914   26.020667756
    1.237597106    0.349065850   26.402221630   46.401744176   27.652411082
    1.427996661    0.349065850   37.229290006   65.318232031   27.029328837
    1.618396215    0.349065850   50.431062356   70.894312863   24.546637332
    1.808795770    0.349065850   63.328421453   62.320399126   21.008200686
    1.999195325    0.349065850   73.441725891   42.335121860   17.251906515
    2.189594880    0.349065850   79.034683270   15.702909704   13.843816596
    2.379994435    0.349065850   79.338117124  -12.382604729   10.968305547
    2.570393989    0.349065850   74.536246167  -37.174624740    8.497170294
    2.760793544    0.349065850   65.644521573  -54.810985903    6.195541392
    2.951193099    0.349065850   54.304481695  -62.653138065    3.893911024

   -3.141592654    0.698131701   44.155692394  -62.573623630    0.271085581
   -2.951193099    0.698131701   33.253729537  -50.872328765   -0.452486264
   -2.760793544    0.698131701   25.085470422  -34.753940745   -0.818401714
   -2.570393989    0.698131701   19.937611555  -20.085428392   -0.986833307
   -2.379994435    0.698131701   17.035262798  -11.733187668   -1.151184311
   -2.189594880    0.698131701   14.972621989  -11.117010138   -1.467464449
   -1.999195325    0.698131701   12.488466080  -15.340666350   -1.981697454
   -1.808795770    0.698131701    9.193449616  -18.577809566   -2.576242128
   -1.618396215    0.698131701    5.833819679  -15.306559391   -3.002440066
   -1.427996661    0.698131701    3.917391682   -3.472922388   -2.995836680
   -1.237597106    0.698131701    4.895971193   14.296367337   -2.437957701
   -1.047197551    0.698131701    9.376144567   32.195170336   -1.447894792
   -0.856797996    0.698131701   16.788799822   44.207415029   -0.311359765
   -0.666398442    0.698131701   25.617741289   46.683861207    0.722853258
   -0.475998887    0.698131701   33.960126927   39.303414844    1.644862744
   -0.285599332    0.698131701   40.122424154   24.343046886    2.749435885
   -0.095199777    0.698131701   43.007946249    5.602367760    4.531053617
    0.095199777    0.698131701   42.321215935  -12.386685422    7.434338766
    0.285599332    0.698131701   38.655252617  -24.897955890   11.606346385
    0.475998887    0.698131701   33.462440712  -27.875002397   16.723457401
    0.666398442    0.698131701   28.802601691  -19.276065536   22.003918600
    0.856797996    0.698131701   26.816200652   -0.328875432   26.410681016
    1.047197551    0.698131701   29.059542826   24.140304703   29.002539828
    1.237597106    0.698131701   35.934626687   47.138616642   29.278117608
    1.427996661    0.698131701   46.511011076   62.113955753   27.331579677
    1.618396215    0.698131701   58.829600199   65.099869155   23.764930416
    1.808795770    0.698131701   70.511536645   55.619821517   19.411271272
    1.999195325    0.698131701   79.376219955   36.091090294   15.030411215
    2.189594880    0.698131701   83.883361511   10.590650339   11.107694783
    2.379994435    0.698131701   83.325359072  -16.368742850    7.831403330
    2.570393989    0.698131701   77.842922888  -40.412734425    5.178816887
    2.760793544    0.698131701   68.372037242  -57.710499300    3.066047668
    2.951193099    0.698131701   56.492361181  -65.423064348    1.434100548

   -3.141592654    1.047197551   43.035647112  -63.543323804   -4.535763645
   -2.951193099    1.047197551   32.042877401  -50.874531538   -3.789779577
   -2.760793544    1.047197551   23.943604076  -34.077185836   -2.606805999
   -2.570393989    1.047197551   18.959246120  -19.101900450   -1.309643715
   -2.379994435    1.047197551   16.244460857  -10.789687158   -0.157218785
   -2.189594880    1.047197551   14.337462765  -10.451961309    0.703545902
   -1.999195325    1.047197551   11.944568689  -15.049341180    1.214122114
   -1.808795770    1.047197551    8.670966706  -18.631730156    1.366243919
   -1.618396215    1.047197551    5.275979137  -15.606334916    1.174662066
   -1.427996661    1.047197551    3.286942785   -3.926471327    0.690159188
   -1.237597106    1.047197551    4.167772629   13.713683454    0.022248749
   -1.047197551    1.047197551    8.526070558   31.495680387   -0.651666539
   -0.856797996    1.047197551   15.804014749   43.531417989   -1.084610075
   -0.666398442    1.047197551   24.537787784   46.456730384   -0.978226093
   -0.475998887    1.047197551   32.936968807   40.266962382   -0.014528202
   -0.285599332    1.047197551   39.464985246   27.358451713    2.088748583
   -0.095199777    1.047197551   43.172912243   11.286220349    5.492538511
    0.095199777    1.047197551   43.829070238   -4.028095300   10.120258842
    0.285599332    1.047197551   41.950448104  -14.693193011   15.575455170
    0.475998887    1.047197551   38.754643736  -17.417181785   21.118262272
    0.666398442    1.047197551   35.953225129  -10.542451000   25.792906448
    0.856797996    1.047197551   35.322310587    4.935915359   28.685717163
    1.047197551    1.047197551   38.157198014   25.028285069   29.219179314
    1.237597106    1.047197551   44.791740142   43.849991101   27.356305959
    1.427996661    1.047197551   54.428955268   55.781168872   23.581918941
    1.618396215    1.047197551   65.374620238   57.266695994   18.688199723
    1.808795770    1.047197551   75.535265920   47.662595385   13.480735877
    1.999195325    1.047197551   82.946873194   28.872422250    8.567407425
    2.189594880    1.047197551   86.179602396    4.440694040    4.285678329
    2.379994435    1.047197551   84.553248242  -21.457269457    0.778362267
    2.570393989    1.047197551   78.196485321  -44.515911531   -1.898084840
    2.760793544    1.047197551   68.036840881  -60.828269677   -3.690988156
    2.951193099    1.047197551   55.661565967  -67.480190331   -4.560482309

   -3.141592654    1.396263402   37.983944609  -62.389765100   -9.863026954
   -2.951193099    1.396263402   27.405633416  -47.767340447   -8.526492498
   -2.760793544    1.396263402   20.023885726  -29.788436066   -6.729009525
   -2.570393989    1.396263402   15.898979372  -14.499506292   -4.820833203
   -2.379994435    1.396263402   14.031157327   -6.591325386   -3.014962074
   -2.189594880    1.396263402   12.844624810   -7.147437631   -1.370329444
   -1.999195325    1.396263402   10.969807454  -12.958234946    0.096471533
   -1.808795770    1.396263402    7.960298278  -17.983074279    1.289157632
   -1.618396215    1.396263402    4.542311058  -16.501386488    2.008618535
   -1.427996661    1.396263402    2.247021852   -6.196025954    2.082259614
   -1.237597106    1.396263402    2.607948016   10.637133176    1.544602621
   -1.047197551    1.396263402    6.379295079   28.577998699    0.725097938
   -0.856797996    1.396263402   13.209306853   41.931362209    0.181260015
   -0.666398442    1.396263402   21.850185946   47.225349094    0.496211809
   -0.475998887    1.396263402   30.679057088   44.078341552    2.079049409
   -0.285599332    1.396263402   38.235059751   34.308785943    5.055716274
   -0.095199777    1.396263402   43.525784744   20.810087117    9.237464119
    0.095199777    1.396263402   46.149138692    6.865721352   14.140005774
    0.285599332    1.396263402   46.342815015   -4.132331999   19.043501959
    0.475998887    1.396263402   44.977351199   -9.055804881   23.084477716
    0.666398442    1.396263402   43.430026216   -5.926891121   25.451449242
    0.856797996    1.396263402   43.253137169    5.053443029   25.634887939
    1.047197551    1.396263402   45.697663008   20.942298045   23.598266700
    1.237597106    1.396263402   51.241823220   36.720825180   19.796248866
    1.427996661    1.396263402   59.352146412   47.114948262   14.980999603
    1.618396215    1.396263402   68.607861521   48.344277432    9.910005251
    1.808795770    1.396263402   77.108026268   39.210825076    5.112627351
    1.999195325    1.396263402   82.975260284   21.100336213    0.837187434
    2.189594880    1.396263402   84.792103672   -2.659801529   -2.861604769
    2.379994435    1.396263402   81.883324371  -27.785653029   -5.959489396
    2.570393989    1.396263402   74.423410827  -49.685321588   -8.357418159
    2.760793544    1.396263402   63.434871780  -64.256107906   -9.882650363
    2.951193099    1.396263402   50.612308681  -68.670370711  -10.386538857

   -3.141592654    1.745329252   31.728072973  -60.380532821  -16.144375728
   -2.951193099    1.745329252   21.700269671  -44.122107697  -14.844964187
   -2.760793544    1.745329252   15.101059330  -25.358886773  -12.860836393
   -2.570393989    1.745329252   11.833355435  -10.026113079  -10.490913859
   -2.379994435    1.745329252   10.785872924   -2.490822847   -7.920824316
   -2.189594880    1.745329252   10.329938597   -3.600603742   -5.192416859
   -1.999195325    1.745329252    9.063199377  -10.170208171   -2.332519944
   -1.808795770    1.745329252    6.483155220  -16.342302438    0.491150917
   -1.618396215    1.745329252    3.236003339  -16.400477831    2.929062183
   -1.427996661    1.745329252    0.809667496   -7.627266980    4.614185291
   -1.237597106    1.745329252    0.804767673    8.390158373    5.419350487
   -1.047197551    1.745329252    4.175393548   26.858945064    5.605502619
   -0.856797996    1.745329252   10.847120438   42.201980758    5.748743378
   -0.666398442    1.745329252   19.814288400   50.474896531    6.466314973
   -0.475998887    1.745329252   29.565070616   50.463031820    8.134072691
   -0.285599332    1.745329252   38.583879674   43.107942267   10.754215654
   -0.095199777    1.745329252   45.674776257   30.646497650   13.957615059
    0.095199777    1.745329252   50.134095561   16.014457705   17.114992569
    0.285599332    1.745329252   51.864707424    2.585940276   19.493225972
    0.475998887    1.745329252   51.435052148   -6.120085936   20.416746862
    0.666398442    1.745329252   50.033210193   -7.332087670   19.472874768
    0.856797996    1.745329252   49.202328844   -0.245575627   16.684453608
    1.047197551    1.745329252   50.368144465   13.075007289   12.520091878
    1.237597106    1.745329252   54.303917715   27.956092203    7.738545993
    1.427996661    1.745329252   60.773005099   38.803659856    3.091884124
    1.618396215    1.745329252   68.544742780   41.092526007   -0.949959177
    1.808795770    1.745329252   75.760292366   32.905784581   -4.299529408
    1.999195325    1.745329252   80.482191618   15.299506570   -7.139550962
    2.189594880    1.745329252   81.215835665   -8.247243613   -9.713454898
    2.379994435    1.745329252   77.271708454  -32.995573900  -12.124314800
    2.570393989    1.745329252   68.901489214  -53.906912919  -14.251225088
    2.760793544    1.745329252   57.263831201  -66.724759470  -15.808944713
    2.951193099    1.745329252   44.180063333  -68.877050104  -16.493812840

   -3.141592654    2.094395102   24.809100146  -59.441791362  -18.492533932
   -2.951193099    2.094395102   15.116591497  -41.613432190  -17.193524996
   -2.760793544    2.094395102    9.107692533  -21.762019007  -15.168679627
   -2.570393989    2.094395102    6.591755324   -5.790856963  -12.684372520
   -2.379994435    2.094395102    6.394475304    2.192871802   -9.892804655
   -2.189594880    2.094395102    6.873275003    1.530448415   -6.783425549
   -1.999195325    2.094395102    6.620733339   -4.697474891   -3.308933079
   -1.808795770    2.094395102    5.081626630  -10.997389366    0.426744305
   -1.618396215    2.094395102    2.783058875  -11.911122653    4.081485938
   -1.427996661    2.094395102    1.083619880   -4.534706959    7.208496384
   -1.237597106    2.094395102    1.537339921   10.184899681    9.514893487
   -1.047197551    2.094395102    5.187817468   28.176260430   11.044041504
   -0.856797996    2.094395102   12.154591556   44.156169177   12.139733690
   -0.666398442    2.094395102   21.623268680   53.853665176   13.205745438
   -0.475998887    2.094395102   32.163902017   55.317794576   14.446500141
   -0.285599332    2.094395102   42.192200878   48.672509528   15.762275061
   -0.095199777    2.094395102   50.308760233   35.605912575   16.776096224
    0.095199777    2.094395102   55.537375838   18.897672942   16.979982261
    0.285599332    2.094395102   57.520200769    2.186852864   15.914044457
    0.475998887    2.094395102   56.654486016  -10.321663656   13.327100583
    0.666398442    2.094395102   54.116534793  -14.891595306    9.326340888
    0.856797996    2.094395102   51.627522722   -9.806052870    4.428321240
    1.047197551    2.094395102   50.929100547    3.366879709   -0.584722392
    1.237597106    2.094395102   53.138243493   19.745594448   -4.933729068
    1.427996661    2.094395102   58.260330431   32.913944242   -8.143661768
    1.618396215    2.094395102   65.124259574   37.340182447  -10.206419913
    1.808795770    2.094395102   71.761018516   30.404760967  -11.507484127
    1.999195325    2.094395102   76.042225216   13.024665319  -12.574306915
    2.189594880    2.094395102   76.306663395  -10.953140719  -13.811657603
    2.379994435    2.094395102   71.796894197  -36.174301066  -15.333793399
    2.570393989    2.094395102   62.813401529  -57.046633549  -16.942769102
    2.760793544    2.094395102   50.642775570  -69.043816530  -18.249594252
    2.951193099    2.094395102   37.250140162  -69.700119228  -18.849112496

   -3.141592654    2.443460953   18.707620073  -58.605201526  -13.013793287
   -2.951193099    2.443460953    9.301360084  -39.495206091  -11.530416035
   -2.760793544    2.443460953    3.796355717  -18.653410245   -9.540029946
   -2.570393989    2.443460953    1.945341886   -1.950563958   -7.235750925
   -2.379994435    2.443460953    2.545557658    6.742752670   -4.681937688
   -2.189594880    2.443460953    3.972018781    6.962002742   -1.761622414
   -1.999195325    2.443460953    4.847465349    1.703511510    1.700931812
   -1.808795770    2.443460953    4.599876628   -3.927824295    5.721615146
   -1.618396215    2.443460953    3.657925216   -4.872926006   10.010072522
   -1.427996661    2.443460953    3.232475348    1.692594408   14.039848340
   -1.237597106    2.443460953    4.756744377   15.167110841   17.291633129
   -1.047197551    2.443460953    9.240988112   31.999081631   19.491011949
   -0.856797996    2.443460953   16.855487313   47.200885282   20.664922331
   -0.666398442    2.443460953   26.854244204   56.379339271   20.995943508
   -0.475998887    2.443460953   37.818862558   57.180818805   20.609077056
   -0.285599332    2.443460953   48.094752910   49.285984091   19.468877822
   -0.095199777    2.443460953   56.147000395   34.180639963   17.386159985
    0.095199777    2.443460953   60.854966578   14.770407641   14.156115799
    0.285599332    2.443460953   61.772977859   -4.865897821    9.715201481
    0.475998887    2.443460953   59.318023829  -19.827250336    4.272339812
    0.666398442    2.443460953   54.826731597  -25.634726894   -1.630725654
    0.856797996    2.443460953   50.306046885  -20.096062138   -7.191943359
    1.047197551    2.443460953   47.825455923   -4.824330834  -11.594955820
    1.237597106    2.443460953   48.759973010   14.636641545  -14.304205249
    1.427996661    2.443460953   53.207355974   30.847710735  -15.276205103
    1.618396215    2.443460953   59.897078885   37.370286909  -14.960780896
    1.808795770    2.443460953   66.631507641   31.183129452  -14.072025876
    1.999195325    2.443460953   71.035198449   13.390340342  -13.275028098
    2.189594880    2.443460953   71.276944656  -11.587341402  -12.954526551
    2.379994435    2.443460953   66.551491840  -37.733541054  -13.147090802
    2.570393989    2.443460953   57.224770829  -58.971098707  -13.604466450
    2.760793544    2.443460953   44.712754094  -70.578716437  -13.948854957
    2.951193099    2.443460953   31.117625036  -70.203285961  -13.822484575

   -3.141592654    2.792526803   15.357822007  -57.194151823    1.238679506
   -2.951193099    2.792526803    6.294734462  -37.333579107    3.411006646
   -2.760793544    2.792526803    1.264311350  -15.861355264    5.368305575
   -2.570393989    2.792526803    0.000000000    1.419673437    7.026137403
   -2.379994435    2.792526803    1.308009793   10.847059512    8.531210494
   -2.189594880    2.792526803    3.610892590   12.113841940   10.254043917
   -1.999195325    2.792526803    5.586978994    8.117779132   12.620220632
   -1.808795770    2.792526803    6.670183132    3.557466706   15.841036718
   -1.618396215    2.792526803    7.204835921    3.003370874   19.714071900
   -1.427996661    2.792526803    8.241507744    9.013758740   23.638425462
   -1.237597106    2.792526803   11.038162965   21.100185063   26.849393811
   -1.047197551    2.792526803   16.479074852   36.066702936   28.726496289
   -0.856797996    2.792526803   24.675396774   49.227863340   28.972573485
   -0.666398442    2.792526803   34.858434170   56.255640532   27.598220022
   -0.475998887    2.792526803   45.578717652   54.694081027   24.774443103
   -0.285599332    2.792526803   55.132053612   44.135790412   20.706790312
   -0.095199777    2.792526803   61.935870675   26.219809325   15.579712576
    0.095199777    2.792526803   64.876732514    4.258201510    9.614435608
    0.285599332    2.792526803   63.612553807  -17.090530756    3.142959069
    0.475998887    2.792526803   58.775810228  -32.352513299   -3.330245262
    0.666398442    2.792526803   52.007090389  -36.727230087   -9.145896893
    0.856797996    2.792526803   45.638809799  -28.176795335  -13.610503740
    1.047197551    2.792526803   41.985205986   -8.983386607  -16.219930008
    1.237597106    2.792526803   42.500656181   14.299938472  -16.859489287
    1.427996661    2.792526803   47.169694797   33.287436543  -15.864248577
    1.618396215    2.792526803   54.466469919   41.053907452  -13.885110330
    1.808795770    2.792526803   61.904446556   34.703055955  -11.610575893
    1.999195325    2.792526803   66.888584043   15.895128981   -9.514235941
    2.189594880    2.792526803   67.489224968  -10.298756323   -7.748242604
    2.379994435    2.792526803   62.913312718  -37.366936301   -6.207508683
    2.570393989    2.792526803   53.609482899  -59.005031781   -4.666686288
    2.760793544    2.792526803   41.097007329  -70.472723988   -2.935266020
    2.951193099    2.792526803   27.570167566  -69.543842742   -0.941918483
