#! FIELDS phi psi file.free der_phi der_psi
#! SET min_phi -pi
#! SET max_phi pi
#! SET nbins_phi  33
#! SET periodic_phi true
#! SET min_psi -pi
#! SET max_psi pi
#! SET nbins_psi  18
#! SET periodic_psi true
   -3.141592654   -3.141592654   18.563444054  -54.420363740   16.414658716
   -2.951193099   -3.141592654    9.954978524  -35.340253910   19.127369890
   -2.760793544   -3.141592654    5.236842905  -14.527005670   20.881675270
   -2.570393989   -3.141592654    4.191390031    2.480418846   21.731834144
   -2.379994435   -3.141592654    5.724308964   12.290439781   22.081112697
   -2.189594880   -3.141592654    8.399061651   14.706984266   22.565589117
   -1.999195325   -3.141592654   11.026101371   12.430369486   23.790055915
   -1.808795770   -3.141592654   13.096421868    9.551346364   26.002447940
   -1.618396215   -3.141592654   14.872720033    9.862680077   28.905030650
   -1.427996661   -3.141592654   17.185656562   15.304732580   31.714949054
   -1.237597106   -3.141592654   20.997248381   25.242249720   33.479409554
   -1.047197551   -3.141592654   26.917253704   36.815522998   33.472484653
   -0.856797996   -3.141592654   34.879097307   45.987862838   31.446248411
   -0.666398442   -3.141592654   44.066837720   49.122130317   27.637348311
   -0.475998887   -3.141592654   53.107834016   44.363238635   22.568811029
   -0.285599332   -3.141592654   60.476183424   31.746171727   16.804395889
   -0.095199777   -3.141592654   64.834464229   13.185911247   10.775096129
    0.095199777   -3.141592654   65.346321288   -7.978525674    4.769767366
    0.285599332   -3.141592654   61.930018842  -27.264594022   -0.990815109
    0.475998887   -3.141592654   55.427468030  -39.551124650   -6.225203256
    0.666398442   -3.141592654   47.610851688  -40.479611958  -10.538532611
    0.856797996   -3.141592654   40.854134592  -28.534692329  -13.489246206
    1.047197551   -3.141592654   37.410107903   -6.540437670  -14.766760948
    1.237597106   -3.141592654   38.575303485   18.506528029  -14.365013023
    1.427996661   -3.141592654   44.116206712   38.074448002  -12.612869938
    1.618396215   -3.141592654   52.299965980   45.491628860  -10.036468280
    1.808795770   -3.141592654   60.514471233   38.433236686   -7.121888957
    1.999195325   -3.141592654   66.152608488   19.118486117   -4.141472649
    2.189594880   -3.141592654   67.354317376   -7.123079513   -1.117118998
    2.379994435   -3.141592654   63.407625962  -33.893499964    2.068101936
    2.570393989   -3.141592654   54.796921343  -55.226974639    5.529331975
    2.760793544   -3.141592654   43.012079139  -66.671308112    9.240255840
    2.951193099   -3.141592654   30.180617340  -66.105204851   12.988963132

   -3.141592654   -2.792526803   26.189010827  -49.317087453   25.056032621
   -2.951193099   -2.792526803   18.351577366  -32.402870496   27.641919415
   -2.760793544   -2.792526803   13.984615235  -13.721583491   28.889960392
   -2.570393989   -2.792526803   12.937054437    1.811789332   29.044481798
   -2.379994435   -2.792526803   14.292378229   11.310223161   28.669671944
   -2.189594880   -2.792526803   16.855984253   14.722566654   28.457898530
   -1.999195325   -2.792526803   19.660602967   14.374267381   28.965356780
   -1.808795770   -2.792526803   22.299112493   13.505656422   30.344114526
   -1.618396215   -2.792526803   24.951214594   14.871076336   32.223732717
   -1.427996661   -2.792526803   28.183621476   19.636144893   33.796451355
   -1.237597106   -2.792526803   32.603253422   27.026927964   34.125969193
   -1.047197551   -2.792526803   38.508249429   34.744306809   32.531780523
   -0.856797996   -2.792526803   45.675022083   39.757676740   28.846500173
   -0.666398442   -2.792526803   53.327458720   39.417181907   23.435626968
   -0.475998887   -2.792526803   60.288733477   32.477280509   16.991649954
   -0.285599332   -2.792526803   65.299273859   19.096759990   10.245113745
   -0.095199777   -2.792526803   67.273231221    0.972601909    3.758200466
    0.095199777   -2.792526803   65.570759261  -18.905589135   -2.105683450
    0.285599332   -2.792526803   60.244601122  -36.309248266   -7.114524998
    0.475998887   -2.792526803   52.236420390  -46.246118536  -11.048276639
    0.666398442   -2.792526803   43.398741139  -44.453954639  -13.671093607
    0.856797996   -2.792526803   36.157631915  -29.633305982  -14.802121193
    1.047197551   -2.792526803   32.761690824   -4.994388911  -14.432543434
    1.237597106   -2.792526803   34.424248977   22.071094996  -12.795087258
    1.427996661   -2.792526803   40.769876636   42.838004916  -10.293652460
    1.618396215   -2.792526803   49.917828958   50.780770587   -7.334198705
    1.808795770   -2.792526803   59.163059047   43.962557021   -4.153057920
    1.999195325   -2.792526803   65.882305226   24.988718447   -0.764285817
    2.189594880   -2.792526803   68.254905097   -0.658961880    2.970585256
    2.379994435   -2.792526803   65.608189333  -26.705734009    7.176967091
    2.570393989   -2.792526803   58.421511702  -47.528500899   11.832195018
    2.760793544   -2.792526803   48.108980203  -59.034253997   16.679369650
    2.951193099   -2.792526803   36.663703378  -59.337881273   21.264267169

   -3.141592654   -2.443460953   34.849302285  -43.815498118   23.283076200
   -2.951193099   -2.443460953   27.837119574  -29.277533712   25.349152757
   -2.760793544   -2.443460953   23.844612900  -12.838610147   26.182002764
   -2.570393989   -2.443460953   22.806355050    1.191341918   26.052498405
   -2.379994435   -2.443460953   23.986353779   10.276786408   25.453721979
   -2.189594880   -2.443460953   26.399126407   14.318000169   24.908269369
   -1.999195325   -2.443460953   29.236970599   15.161612799   24.769131192
   -1.808795770   -2.443460953   32.129061496   15.282239948   25.055560875
   -1.618396215   -2.443460953   35.139390718   16.639324413   25.421925980
   -1.427996661   -2.443460953   38.591267660   19.920247100   25.254589757
   -1.237597106   -2.443460953   42.809599120   24.453854126   23.913286379
   -1.047197551   -2.443460953   47.888385992   28.615697859   21.009721842
   -0.856797996   -2.443460953   53.563653238   30.358844854   16.581446403
   -0.666398442   -2.443460953   59.198914365   27.878668740   11.080667164
   -0.475998887   -2.443460953   63.876234566   20.289476414    5.183421990
   -0.285599332   -2.443460953   66.613668073    7.605362891   -0.469519174
   -0.095199777   -2.443460953   66.540748632   -8.916543690   -5.446896968
    0.095199777   -2.443460953   63.145858678  -26.742490807   -9.539741589
    0.285599332   -2.443460953   56.538247996  -41.903738789  -12.679875694
    0.475998887   -2.443460953   47.685856426  -49.497828603  -14.812748041
    0.666398442   -2.443460953   38.455641826  -45.323893680  -15.861348581
    0.856797996   -2.443460953   31.265697748  -28.254996506  -15.777482607
    1.047197551   -2.443460953   28.313105995   -1.793500597  -14.621105738
    1.237597106   -2.443460953   30.707038200   26.447158761  -12.604813385
    1.427996661   -2.443460953   37.945182998   47.751883767  -10.025188365
    1.618396215   -2.443460953   48.048007557   55.873252501   -7.138200086
    1.808795770   -2.443460953   58.279885116   49.267765774   -4.055974670
    1.999195325   -2.443460953   66.054325132   30.831184113   -0.739382944
    2.189594880   -2.443460953   69.620138982    6.068487748    2.929545282
    2.379994435   -2.443460953   68.350926139  -18.979843750    7.017277678
    2.570393989   -2.443460953   62.709813791  -39.114034992   11.444910516
    2.760793544   -2.443460953   54.011306200  -50.651732355   15.930441868
    2.951193099   -2.443460953   44.084649715  -51.952759486   20.035710964

   -3.141592654   -2.094395102   41.381890396  -39.468884473   14.762497657
   -2.951193099   -2.094395102   35.027284277  -26.738970840   15.899217331
   -2.760793544   -2.094395102   31.353694721  -11.969614790   16.257189931
   -2.570393989   -2.094395102   30.361311565    0.912164411   16.056376587
   -2.379994435   -2.094395102   31.431727452    9.506529948   15.574462192
   -2.189594880   -2.094395102   33.692520183   13.545809056   15.013243097
   -1.999195325   -2.094395102   36.393312816   14.464439651   14.422382301
   -1.808795770   -2.094395102   39.130640974   14.252340686   13.676887900
   -1.618396215   -2.094395102   41.852710421   14.496713054   12.535035002
   -1.427996661   -2.094395102   44.722054505   15.823389150   10.722723028
   -1.237597106   -2.094395102   47.930150140   17.916901611    8.056685840
   -1.047197551   -2.094395102   51.539197783   19.820669456    4.556153133
   -0.856797996   -2.094395102   55.391618137   20.216124559    0.479686598
   -0.666398442   -2.094395102   59.072134923   17.735080176   -3.738933442
   -0.475998887   -2.094395102   61.920593941   11.412868975   -7.641051354
   -0.285599332   -2.094395102   63.154347166    0.764839765  -10.908885920
   -0.095199777   -2.094395102   61.987127967  -13.586770051  -13.441559338
    0.095199777   -2.094395102   57.885176397  -29.570654749  -15.307002773
    0.285599332   -2.094395102   50.878599665  -43.319662837  -16.631582026
    0.475998887   -2.094395102   41.867225608  -49.766597638  -17.468268092
    0.666398442   -2.094395102   32.690643650  -44.482257389  -17.761430904
    0.856797996   -2.094395102   25.770053284  -26.251058851  -17.397453362
    1.047197551   -2.094395102   23.305287792    1.312542753  -16.291589330
    1.237597106   -2.094395102   26.378785388   30.433345602  -14.469790958
    1.427996661   -2.094395102   34.436389876   52.322169204  -12.064956051
    1.618396215   -2.094395102   45.446514583   60.805123976   -9.256268003
    1.808795770   -2.094395102   56.646644958   54.503098581   -6.201057272
    1.999195325   -2.094395102   65.453661083   36.456785189   -2.999975655
    2.189594880   -2.094395102   70.138551685   12.200685720    0.301296658
    2.379994435   -2.094395102   70.087966317  -12.330757264    3.660507409
    2.570393989   -2.094395102   65.746185073  -32.180593766    6.992788188
    2.760793544   -2.094395102   58.357981858  -43.930228554   10.121015111
    2.951193099   -2.094395102   49.639672229  -46.116014989   12.795798523

   -3.141592654   -1.745329252   44.301137196  -37.782243405    5.928901063
   -2.951193099   -1.745329252   38.172219640  -26.042180152    6.468018305
   -2.760793544   -1.745329252   34.551319284  -12.077150996    6.649485667
   -2.570393989   -1.745329252   33.481144283    0.233367653    6.536420020
   -2.379994435   -1.745329252   34.378318130    8.362482365    6.138702187
   -2.189594880   -1.745329252   36.370058835   11.830410005    5.368929184
   -1.999195325   -1.745329252   38.668550747   11.899880881    4.079028916
   -1.808795770   -1.745329252   40.812074044   10.538703772    2.136858048
   -1.618396215   -1.745329252   42.701939777    9.458691968   -0.483121389
   -1.427996661   -1.745329252   44.489032926    9.532039789   -3.666665155
   -1.237597106   -1.745329252   46.408540972   10.772739375   -7.166203865
   -1.047197551   -1.745329252   48.629539755   12.532507903  -10.638433603
   -0.856797996   -1.745329252   51.150644011   13.675858035  -13.707947562
   -0.666398442   -1.745329252   53.723672390   12.760130794  -16.047606201
   -0.475998887   -1.745329252   55.812550562    8.445143789  -17.467668505
   -0.285599332   -1.745329252   56.669615670   -0.280466202  -17.992407426
   -0.095199777   -1.745329252   55.445397927  -13.253665252  -17.860109476
    0.095199777   -1.745329252   51.479256591  -28.598569587  -17.434346605
    0.285599332   -1.745329252   44.667452051  -42.312194854  -17.061359540
    0.475998887   -1.745329252   35.827739500  -48.971097276  -16.908040773
    0.666398442   -1.745329252   26.792595040  -43.742311664  -16.901438573
    0.856797996   -1.745329252   20.039644304  -25.149275520  -16.778195267
    1.047197551   -1.745329252   17.853679142    3.200805285  -16.213394782
    1.237597106   -1.745329252   21.384100803   33.355365068  -14.984001188
    1.427996661   -1.745329252   30.098631476   56.267696650  -13.053905634
    1.618396215   -1.745329252   41.940281073   65.528674483  -10.572708205
    1.808795770   -1.745329252   54.086065195   59.641190894   -7.800102623
    1.999195325   -1.745329252   63.882602788   41.654160338   -5.009695178
    2.189594880   -1.745329252   69.542422677   17.199292525   -2.399861874
    2.379994435   -1.745329252   70.412824520   -7.679645332   -0.072268332
    2.570393989   -1.745329252   66.913924104  -28.002567489    1.946996616
    2.760793544   -1.745329252   60.263502334  -40.393464386    3.644754943
    2.951193099   -1.745329252   52.142066898  -43.434640145    4.988723290

   -3.141592654   -1.396263402   43.116996977  -38.012782486    2.280450437
   -2.951193099   -1.396263402   36.955856755  -26.134220104    1.971878278
   -2.760793544   -1.396263402   33.336211930  -11.989811297    1.449941004
   -2.570393989   -1.396263402   32.287088553    0.307196198    0.763396075
   -2.379994435   -1.396263402   33.162859899    7.965272138   -0.155783676
   -2.189594880   -1.396263402   34.985108125   10.343501619   -1.509652247
   -1.999195325   -1.396263402   36.850932317    8.770092623   -3.535723654
   -1.808795770   -1.396263402   38.221687088    5.557186846   -6.357036788
   -1.618396215   -1.396263402   39.006908372    2.934977329   -9.852753917
   -1.427996661   -1.396263402   39.467667669    2.297099550  -13.648211810
   -1.237597106   -1.396263402   40.034146301    4.004131375  -17.214010294
   -1.047197551   -1.396263402   41.107058116    7.428864866  -20.016988191
   -0.856797996   -1.396263402   42.889439432   11.127164080  -21.661452527
   -0.666398442   -1.396263402   45.252178562   13.100014898  -21.976441864
   -0.475998887   -1.396263402   47.659827130   11.343226601  -21.045583183
   -0.285599332   -1.396263402   49.244347810    4.273586804  -19.197733291
   -0.095199777   -1.396263402   48.947425495   -8.286213129  -16.933235607
    0.095199777   -1.396263402   45.866476233  -24.457982798  -14.795142861
    0.285599332   -1.396263402   39.690168928  -39.870541068  -13.209613527
    0.475998887   -1.396263402   31.128685575  -48.464311522  -12.337136429
    0.666398442   -1.396263402   22.039762763  -44.685039507  -12.032326381
    0.856797996   -1.396263402   15.048055380  -26.522331798  -11.927457945
    1.047197551   -1.396263402   12.651872213    2.532382668  -11.595634764
    1.237597106   -1.396263402   16.192948431   34.213760359  -10.738131320
    1.427996661   -1.396263402   25.239844070   58.865209731   -9.279150603
    1.618396215   -1.396263402   37.712977276   69.439825201   -7.353749057
    1.808795770   -1.396263402   50.664646613   64.032815463   -5.219772960
    1.999195325   -1.396263402   61.272885134   45.653236569   -3.148202420
    2.189594880   -1.396263402   67.607201916   20.210919361   -1.333600852
    2.379994435   -1.396263402   68.939902202   -5.834365537    0.129215761
    2.570393989   -1.396263402   65.691701920  -27.165234852    1.219079935
    2.760793544   -1.396263402   59.129920922  -40.236603388    1.938973894
    2.951193099   -1.396263402   51.001844292  -43.620136717    2.290484282

   -3.141592654   -1.047197551   40.698544420  -40.387996349    2.602690692
   -2.951193099   -1.047197551   34.099147861  -28.304709555    1.403593623
   -2.760793544   -1.047197551   30.108009123  -13.705189958    0.020036452
   -2.570393989   -1.047197551   28.773065577   -1.028805442   -1.455444314
   -2.379994435   -1.047197551   29.395455759    6.528598352   -3.089567453
   -2.189594880   -1.047197551   30.877808673    8.089496323   -5.122751638
   -1.999195325   -1.047197551   32.186596071    5.107793037   -7.829207511
   -1.808795770   -1.047197551   32.714827750    0.412619144  -11.302973236
   -1.618396215   -1.047197551   32.422911971   -3.078346074  -15.287597998
   -1.427996661   -1.047197551   31.745423383   -3.426316334  -19.190078517
   -1.237597106   -1.047197551   31.355510098   -0.111207518  -22.276299465
   -1.047197551   -1.047197551   31.882807756    5.940364785  -23.936225797
   -0.856797996   -1.047197551   33.668943655   12.658235905  -23.890066113
   -0.666398442   -1.047197551   36.591002267   17.329372882  -22.246517696
   -0.475998887   -1.047197551   39.991411961   17.344324911  -19.429491279
   -0.285599332   -1.047197551   42.788234008   10.777773062  -16.051135916
   -0.095199777   -1.047197551   43.674750436   -2.560023478  -12.739185346
    0.095199777   -1.047197551   41.530079779  -20.470378824   -9.990209859
    0.285599332   -1.047197551   35.912066693  -37.999748145   -8.048271594
    0.475998887   -1.047197551   27.523569176  -48.416602387   -6.858812589
    0.666398442   -1.047197551   18.334142460  -45.628151936   -6.136417765
    0.856797996   -1.047197551   11.152922586  -27.409471340   -5.518247447
    1.047197551   -1.047197551    8.665503040    2.558926296   -4.714120251
    1.237597106   -1.047197551   12.335817586   35.549573553   -3.607503683
    1.427996661   -1.047197551   21.755819327   61.373672817   -2.250418084
    1.618396215   -1.047197551   34.777727721   72.577460868   -0.787906858
    1.808795770   -1.047197551   48.331675716   67.098288536    0.622408452
    1.999195325   -1.047197551   59.466962760   48.036066342    1.857974177
    2.189594880   -1.047197551   66.159281184   21.549093971    2.846832033
    2.379994435   -1.047197551   67.638315721   -5.632521285    3.548735288
    2.570393989   -1.047197551   64.327155739  -27.996195467    3.921094426
    2.760793544   -1.047197551   57.524420759  -41.891923930    3.911138248
    2.951193099   -1.047197551   49.025178911  -45.819253789    3.471002522

   -3.141592654   -0.698131701   39.967596711  -44.043331452    2.516757211
   -2.951193099   -0.698131701   32.658302099  -32.034878458    0.159896659
   -2.760793544   -0.698131701   27.977235265  -17.187455756   -2.367356995
   -2.570393989   -0.698131701   26.005953492   -4.263506859   -4.835855660
   -2.379994435   -0.698131701   26.006729897    3.138690827   -7.223340670
   -2.189594880   -0.698131701   26.780507973    3.943094131   -9.740515062
   -1.999195325   -0.698131701   27.193330111   -0.174302584  -12.654825241
   -1.808795770   -0.698131701   26.622963901   -5.733459728  -16.017228247
   -1.618396215   -0.698131701   25.154229024   -9.070961767  -19.470734219
   -1.427996661   -0.698131701   23.463824488   -7.829066640  -22.305922221
   -1.237597106   -0.698131701   22.490932096   -1.666660911  -23.755397452
   -1.047197551   -0.698131701   23.043296648    7.775506304  -23.348676361
   -0.856797996   -0.698131701   25.480084328   17.526745327  -21.126758577
   -0.666398442   -0.698131701   29.536455558   24.155758828  -17.604769906
   -0.475998887   -0.698131701   34.312046793   24.713293001  -13.540823691
   -0.285599332   -0.698131701   38.456044433   17.357285874   -9.666664409
   -0.095199777   -0.698131701   40.441152862    2.282573968   -6.451493839
    0.095199777   -0.698131701   39.020283609  -17.719131542   -4.011424245
    0.285599332   -0.698131701   33.744959422  -37.053109361   -2.138119467
    0.475998887   -0.698131701   25.424533233  -48.487992189   -0.460957491
    0.666398442   -0.698131701   16.203977498  -45.736889650    1.329779369
    0.856797996   -0.698131701    9.067353779  -26.746246314    3.297077561
    1.047197551   -0.698131701    6.813153377    4.345446735    5.238740428
    1.237597106   -0.698131701   10.922623747   38.300865057    6.822953818
    1.427996661   -0.698131701   20.920884225   64.589883505    7.795252753
    1.618396215   -0.698131701   34.552861073   75.673345165    8.122061050
    1.808795770   -0.698131701   48.646513377   69.605431627    7.981079128
    1.999195325   -0.698131701   60.179977200   49.680222476    7.632912006
    2.189594880   -0.698131701   67.093309629   22.218612662    7.274146232
    2.379994435   -0.698131701   68.603961490   -5.974624630    6.944844929
    2.570393989   -0.698131701   65.130364071  -29.353703610    6.508570248
    2.760793544   -0.698131701   57.974433133  -44.227763635    5.737282949
    2.951193099   -0.698131701   48.948860785  -48.977237581    4.425481903

   -3.141592654   -0.349065850   40.567304631  -49.220544206    2.217118124
   -2.951193099   -0.349065850   32.210010079  -37.740770365   -0.885870706
   -2.760793544   -0.349065850   26.444401341  -22.771684454   -4.052986214
   -2.570393989   -0.349065850   23.453328223   -9.365244084   -7.002772835
   -2.379994435   -0.349065850   22.522289177   -1.603548131   -9.688536285
   -2.189594880   -0.349065850   22.393657374   -0.864543875  -12.299449562
   -1.999195325   -0.349065850   21.860170460   -5.303379448  -15.050888184
   -1.808795770   -0.349065850   20.307074915  -10.795287239  -17.891676342
   -1.618396215   -0.349065850   17.963826694  -12.964832122  -20.346611574
   -1.427996661   -0.349065850   15.753380269   -9.181757829  -21.650498851
   -1.237597106   -0.349065850   14.844163743    0.439272614  -21.135048658
   -1.047197551   -0.349065850   16.128809524   13.252673335  -18.621738691
   -0.856797996   -0.349065850   19.846047623   25.240307641  -14.573188934
   -0.666398442   -0.349065850   25.448424078   32.381560033   -9.901834954
   -0.475998887   -0.349065850   31.704882853   31.797012301   -5.572180117
   -0.285599332   -0.349065850   37.003408279   22.301927090   -2.230374757
   -0.095199777   -0.349065850   39.712410616    4.997033076    0.016733926
    0.095199777   -0.349065850   38.651095063  -16.481396830    1.557003191
    0.285599332   -0.349065850   33.565885852  -36.083557209    3.051415265
    0.475998887   -0.349065850   25.495745257  -46.683188859    5.087435419
    0.666398442   -0.349065850   16.744629992  -42.613487113    7.868102154
    0.856797996   -0.349065850   10.310175725  -22.631227671   11.072425533
    1.047197551   -0.349065850    8.864373963    8.530775701   14.006251904
    1.237597106   -0.349065850   13.696700823   41.557033320   15.951901162
    1.427996661   -0.349065850   24.176505702   66.346028718   16.518848176
    1.618396215   -0.349065850   37.999592782   75.982134461   15.805664202
    1.808795770   -0.349065850   52.052111225   68.968764474   14.290862444
    1.999195325   -0.349065850   63.421327815   48.676789093   12.551845129
    2.189594880   -0.349065850   70.136878926   21.170296401   10.992084920
    2.379994435   -0.349065850   71.439544672   -7.162925719    9.703526855
    2.570393989   -0.349065850   67.694754644  -31.095612194    8.476838533
    2.760793544   -0.349065850   60.114426783  -47.014508795    6.971082938
    2.951193099   -0.349065850   50.436347144  -53.053437231    4.903533538

   -3.141592654    0.000000000   41.473501435  -54.435650073    1.498336748
   -2.951193099    0.000000000   32.067393799  -43.418464582   -1.437018703
   -2.760793544    0.000000000   25.224731798  -28.308263282   -4.319193947
   -2.570393989    0.000000000   21.222108233  -14.426688869   -6.919475899
   -2.379994435    0.000000000   19.368450150   -6.273325821   -9.217728027
   -2.189594880    0.000000000   18.364522130   -5.427873171  -11.375145864
   -1.999195325    0.000000000   16.965459678   -9.785416909  -13.533801344
   -1.808795770    0.000000000   14.610474054  -14.571339196  -15.558903233
   -1.618396215    0.000000000   11.708347424  -14.830896532  -16.945969423
   -1.427996661    0.000000000    9.423849667   -7.931662288  -17.004521118
   -1.237597106    0.000000000    9.092491283    5.238832773  -15.259758384
   -1.047197551    0.000000000   11.577872838   20.836590417  -11.804409436
   -0.856797996    0.000000000   16.870182947   33.861117608   -7.351717287
   -0.666398442    0.000000000   24.052241443   40.050493404   -2.931952206
   -0.475998887    0.000000000   31.560132016   37.113027080    0.578719825
   -0.285599332    0.000000000   37.615570632   24.985459413    2.822020061
   -0.095199777    0.000000000   40.644952580    5.891977536    4.085739983
    0.095199777    0.000000000   39.705224762  -15.817111958    5.116939468
    0.285599332    0.000000000   34.853108201  -34.077901083    6.766635258
    0.475998887    0.000000000   27.369506898  -42.475060391    9.568182280
    0.666398442    0.000000000   19.616462923  -36.503844769   13.445334602
    0.856797996    0.000000000   14.425971388  -15.985529385   17.676691263
    1.047197551    0.000000000   14.153813432   13.910282919   21.195745113
    1.237597106    0.000000000   19.772167178   44.275020076   23.074539314
    1.427996661    0.000000000   30.476532394   66.023454590   22.927006425
    1.618396215    0.000000000   43.995901659   73.303430267   21.032123053
    1.808795770    0.000000000   57.412598247   65.194962012   18.132017798
    1.999195325    0.000000000   68.055675284   44.984010100   15.048748989
    2.189594880    0.000000000   74.129165592   18.165760088   12.345808783
    2.379994435    0.000000000   74.922106251   -9.586572060   10.178558766
    2.570393989    0.000000000   70.726254622  -33.529237061    8.331956267
    2.760793544    0.000000000   62.625208849  -50.151923338    6.434880236
    2.951193099    0.000000000   52.247812543  -57.282510270    4.180721562

   -3.141592654    0.349065850   42.945025535  -58.570953909    0.706859033
   -2.951193099    0.349065850   32.705263107  -47.939489904   -1.272406780
   -2.760793544    0.349065850   25.002341229  -32.734993138   -3.076669706
   -2.570393989    0.349065850   20.192109943  -18.448480736   -4.636363893
   -2.379994435    0.349065850   17.612609187   -9.891838790   -6.020160748
   -2.189594880    0.349065850   15.945108908   -8.797193075   -7.374100503
   -1.999195325    0.349065850   13.929616333  -12.837328761   -8.766113016
   -1.808795770    0.349065850   11.065347609  -16.726680719  -10.015841834
   -1.618396215    0.349065850    7.914409793  -15.115015372  -10.681194303
   -1.427996661    0.349065850    5.823494582   -5.525029864  -10.247824611
   -1.237597106    0.349065850    6.215219934   10.339647989   -8.456443835
   -1.047197551    0.349065850    9.852113038   27.572036501   -5.539867460
   -0.856797996    0.349065850   16.446102201   40.489933901   -2.179898817
   -0.666398442    0.349065850   24.746524780   44.958394159    0.818932068
   -0.475998887    0.349065850   32.958532691   39.571015645    2.938729074
   -0.285599332    0.349065850   39.278550118   25.479545718    4.198187712
   -0.095199777    0.349065850   42.326286770    5.883737208    5.145028593
    0.095199777    0.349065850   41.482488907  -14.509592471    6.576732414
    0.285599332    0.349065850   37.121405392  -30.074890380    9.162252216
    0.475998887    0.349065850   30.688910514  -35.507377840   13.085333878
    0.666398442    0.349065850   24.467619197  -27.685602912   17.880849486
    0.856797996    0.349065850   20.968858108   -7.452955253   22.539436035
    1.047197551    0.349065850   22.109148324   19.867832765   25.889648649
    1.237597106    0.349065850   28.488448801   46.175729629   27.083299276
    1.427996661    0.349065850   39.148551446   63.769646708   25.926442565
    1.618396215    0.349065850   51.929110597   68.077959504   22.909345577
    1.808795770    0.349065850   64.209593042   58.796881149   18.935439778
    1.999195325    0.349065850   73.655677293   39.026494836   14.918968370
    2.189594880    0.349065850   78.713052622   13.525163077   11.460557365
    2.379994435    0.349065850   78.753826749  -12.917470733    8.735792209
    2.570393989    0.349065850   74.002247136  -36.169820158    6.566222298
    2.760793544    0.349065850   65.399675930  -52.902543091    4.640280901
    2.951193099    0.349065850   54.440649554  -60.686442069    2.708513206

   -3.141592654    0.698131701   44.357543825  -60.672024810   -0.875186184
   -2.951193099    0.698131701   33.717375967  -50.008716367   -1.484138086
   -2.760793544    0.698131701   25.628853720  -34.696649042   -1.766172503
   -2.570393989    0.698131701   20.453438722  -20.329291411   -1.860327655
   -2.379994435    0.698131701   17.513282377  -11.815473555   -1.954318726
   -2.189594880    0.698131701   15.466987482  -10.852051460   -2.210182785
   -1.999195325    0.698131701   13.056554705  -14.875046650   -2.683452994
   -1.808795770    0.698131701    9.841806895  -18.264145067   -3.256234572
   -1.618396215    0.698131701    6.498773383  -15.485285598   -3.664806396
   -1.427996661    0.698131701    4.488769860   -4.267750947   -3.616805562
   -1.237597106    0.698131701    5.269171459   13.079073616   -2.963712899
   -1.047197551    0.698131701    9.509259091   30.985369430   -1.807794806
   -0.856797996    0.698131701   16.730268610   43.486842742   -0.445379784
   -0.666398442    0.698131701   25.495250497   46.775167184    0.833440106
   -0.475998887    0.698131701   33.936847835   40.243634876    1.959996880
   -0.285599332    0.698131701   40.342176741   25.910633609    3.177727596
   -0.095199777    0.698131701   43.557258223    7.447674163    4.960430091
    0.095199777    0.698131701   43.221134389  -10.580874787    7.768328845
    0.285599332    0.698131701   39.878845194  -23.311454970   11.783928237
    0.475998887    0.698131701   34.961308464  -26.562878470   16.712995622
    0.666398442    0.698131701   30.522173497  -18.266734173   21.777172571
    0.856797996    0.698131701   28.688344563    0.239922578   25.921311784
    1.047197551    0.698131701   30.974888219   23.974942364   28.185381981
    1.237597106    0.698131701   37.719271017   45.883711536   28.074647823
    1.427996661    0.698131701   47.934053287   59.573005358   25.724492285
    1.618396215    0.698131701   59.657228223   61.468381077   21.801698917
    1.808795770    0.698131701   70.593410255   51.574388964   17.202189682
    1.999195325    0.698131701   78.725124452   32.620299035   12.725503967
    2.189594880    0.698131701   82.701149531    8.619922435    8.860729655
    2.379994435    0.698131701   81.951164125  -16.381748598    5.767726600
    2.570393989    0.698131701   76.640032869  -38.681336893    3.370316703
    2.760793544    0.698131701   67.604781006  -55.014307317    1.523585812
    2.951193099    0.698131701   56.250661731  -62.745505115    0.119864304

   -3.141592654    1.047197551   42.993405969  -61.537419305   -5.561630013
   -2.951193099    1.047197551   32.278405050  -49.937884855   -4.962776820
   -2.760793544    1.047197551   24.273897293  -33.930623067   -3.880621739
   -2.570393989    1.047197551   19.281222034  -19.238337223   -2.619640094
   -2.379994435    1.047197551   16.548003190  -10.783908957   -1.453243598
   -2.189594880    1.047197551   14.668818309  -10.159915713   -0.555644292
   -1.999195325    1.047197551   12.348418264  -14.619329110   -0.005154774
   -1.808795770    1.047197551    9.146330838  -18.361526428    0.196497388
   -1.618396215    1.047197551    5.766641226  -15.737993320    0.094383916
   -1.427996661    1.047197551    3.709785696   -4.483713834   -0.220753322
   -1.237597106    1.047197551    4.460573111   12.977568730   -0.614657662
   -1.047197551    1.047197551    8.691827168   30.978333992   -0.923661433
   -0.856797996    1.047197551   15.920855532   43.589229130   -0.961522091
   -0.666398442    1.047197551   24.732332133   47.223781573   -0.524494406
   -0.475998887    1.047197551   33.334528212   41.594959611    0.611524950
   -0.285599332    1.047197551   40.142328839   28.915297522    2.676035375
   -0.095199777    1.047197551   44.139472857   12.730470983    5.841704729
    0.095199777    1.047197551   45.041235188   -2.897839776   10.101082863
    0.285599332    1.047197551   43.344636700  -13.890399440   15.149965871
    0.475998887    1.047197551   40.276546956  -16.852991031   20.324823798
    0.666398442    1.047197551   37.563421759  -10.171003371   24.705262809
    0.856797996    1.047197551   36.974590727    4.977298072   27.376804526
    1.047197551    1.047197551   39.759987983   24.409908308   27.746318224
    1.237597106    1.047197551   46.182375905   42.190370240   25.770496437
    1.427996661    1.047197551   55.386061283   52.895146781   21.944676138
    1.618396215    1.047197551   65.679491103   53.393055275   17.079344008
    1.808795770    1.047197551   75.062088247   43.529517628   11.986801469
    1.999195325    1.047197551   81.741221052   25.496744515    7.258534515
    2.189594880    1.047197551   84.477489203    2.733740472    3.189937737
    2.379994435    1.047197551   82.720646987  -21.101975302   -0.129899854
    2.570393989    1.047197551   76.607979754  -42.405130761   -2.694830599
    2.760793544    1.047197551   66.950278971  -57.826531721   -4.480254883
    2.951193099    1.047197551   55.148215831  -64.609184175   -5.439390781

   -3.141592654    1.396263402   37.919314461  -61.009559511  -10.751332747
   -2.951193099    1.396263402   27.505792883  -47.372705705   -9.702587590
   -2.760793544    1.396263402   20.131242690  -30.011861903   -8.060604542
   -2.570393989    1.396263402   15.945378761  -14.824428284   -6.174267141
   -2.379994435    1.396263402   14.037032603   -6.637957684   -4.305233739
   -2.189594880    1.396263402   12.876927461   -6.824273513   -2.572793307
   -1.999195325    1.396263402   11.087066140  -12.423995220   -1.031161522
   -1.808795770    1.396263402    8.178712049  -17.494812691    0.232010732
   -1.618396215    1.396263402    4.834025198  -16.229324509    1.059871385
   -1.427996661    1.396263402    2.569708216   -6.114691216    1.327282196
   -1.237597106    1.396263402    2.943167279   10.747743837    1.085241847
   -1.047197551    1.396263402    6.758932226   28.984853751    0.624856940
   -0.856797996    1.396263402   13.706702710   42.775198501    0.414393811
   -0.666398442    1.396263402   22.543010353   48.406801712    0.926783219
   -0.475998887    1.396263402   31.605017264   45.292863621    2.486137500
   -0.285599332    1.396263402   39.366830116   35.214415409    5.199735313
   -0.095199777    1.396263402   44.782470937   21.215534717    8.938330894
    0.095199777    1.396263402   47.436359119    6.821260566   13.332398297
    0.285599332    1.396263402   47.596510612   -4.379566034   17.784831675
    0.475998887    1.396263402   46.186309017   -9.232534044   21.518321185
    0.666398442    1.396263402   44.622190037   -5.916929332   23.748311870
    0.856797996    1.396263402   44.452828966    5.081388107   23.943501687
    1.047197551    1.396263402   46.871820849   20.573266841   22.025212236
    1.237597106    1.396263402   52.269035836   35.483532766   18.413209897
    1.427996661    1.396263402   60.037168677   44.758558540   13.841835282
    1.618396215    1.396263402   68.747815217   45.061570716    9.059976145
    1.808795770    1.396263402   76.584589256   35.685057301    4.578608193
    1.999195325    1.396263402   81.831554728   18.283666868    0.607855922
    2.189594880    1.396263402   83.247060686   -3.941714888   -2.855978869
    2.379994435    1.396263402   80.268584468  -27.230843595   -5.848560364
    2.570393989    1.396263402   73.064043415  -47.662263358   -8.310480453
    2.760793544    1.396263402   62.533229913  -61.624668185  -10.066024935
    2.951193099    1.396263402   50.192712329  -66.367882636  -10.912094830

   -3.141592654    1.745329252   31.615907383  -59.854046930  -16.402203178
   -2.951193099    1.745329252   21.612845830  -44.325064489  -15.448203554
   -2.760793544    1.745329252   14.937711280  -25.857867413  -13.643103374
   -2.570393989    1.745329252   11.583610464  -10.360806893  -11.303501488
   -2.379994435    1.745329252   10.509259785   -2.404345838   -8.680361441
   -2.189594880    1.745329252   10.109542153   -3.110431060   -5.883517758
   -1.999195325    1.745329252    8.959626756   -9.462932374   -2.976497116
   -1.808795770    1.745329252    6.517837748  -15.622169912   -0.114880157
   -1.618396215    1.745329252    3.400645035  -15.751166961    2.391210676
   -1.427996661    1.745329252    1.094809181   -6.981337365    4.208833995
   -1.237597106    1.745329252    1.223764701    9.190851110    5.206055557
   -1.047197551    1.745329252    4.769287396   27.910662046    5.586802209
   -0.856797996    1.745329252   11.659449937   43.420102583    5.836473784
   -0.666398442    1.745329252   20.851850599   51.570746175    6.487295175
   -0.475998887    1.745329252   30.769575011   51.070968964    7.880078202
   -0.285599332    1.745329252   39.836272317   42.992620730   10.059108872
   -0.095199777    1.745329252   46.837094815   29.862758384   12.764958989
    0.095199777    1.745329252   51.107975531   14.906101576   15.504428724
    0.285599332    1.745329252   52.633988609    1.635639173   17.652799741
    0.475998887    1.745329252   52.069736359   -6.532982101   18.577557597
    0.666398442    1.745329252   50.649292242   -7.119910766   17.838267137
    0.856797996    1.745329252   49.897484509    0.308947886   15.388077202
    1.047197551    1.745329252   51.158356750   13.426762449   11.623833156
    1.237597106    1.745329252   55.094616033   27.534285735    7.258735504
    1.427996661    1.745329252   61.380692507   37.297521861    3.028529357
    1.618396215    1.745329252   68.768690004   38.646825882   -0.601068584
    1.808795770    1.745329252   75.473850989   30.138683980   -3.560232672
    1.999195325    1.745329252   79.704978402   13.065595822   -6.074190582
    2.189594880    1.745329252   80.122619119   -9.234404781   -8.449663852
    2.379994435    1.745329252   76.129967795  -32.524586812  -10.848985691
    2.570393989    1.745329252   67.960865640  -52.366637782  -13.177079378
    2.760793544    1.745329252   56.656878342  -64.892074666  -15.119406840
    2.951193099    1.745329252   43.886758619  -67.510484174  -16.286555587

   -3.141592654    2.094395102   24.797180270  -59.762472621  -18.254757254
   -2.951193099    2.094395102   14.996496901  -42.350955325  -17.214017525
   -2.760793544    2.094395102    8.842877142  -22.454928305  -15.280276817
   -2.570393989    2.094395102    6.229771652   -6.066051163  -12.760951901
   -2.379994435    2.094395102    6.030134543    2.456780818   -9.882048847
   -2.189594880    2.094395102    6.600840447    2.205544262   -6.696906137
   -1.999195325    2.094395102    6.497372130   -3.832890169   -3.187952927
   -1.808795770    2.094395102    5.125426632  -10.121805572    0.550215041
   -1.618396215    2.094395102    2.989722641  -11.065019720    4.198214817
   -1.427996661    2.094395102    1.452471306   -3.652409631    7.318140248
   -1.237597106    2.094395102    2.083210307   11.183287166    9.594821178
   -1.047197551    2.094395102    5.931747815   29.247653251   11.020973532
   -0.856797996    2.094395102   13.092411709   45.077107531   11.890042899
   -0.666398442    2.094395102   22.693817489   54.274048791   12.589644477
   -0.475998887    2.094395102   33.241611596   54.947570474   13.366656194
   -0.285599332    2.094395102   43.118577622   47.486611733   14.222486350
   -0.095199777    2.094395102   50.954627213   33.939179513   14.907388666
    0.095199777    2.094395102   55.864496478   17.334981457   15.017213637
    0.285599332    2.094395102   57.607066425    1.321061131   14.128409184
    0.475998887    2.094395102   56.671148052  -10.164189512   11.944889382
    0.666398442    2.094395102   54.256528353  -13.793117645    8.471234004
    0.856797996    2.094395102   52.029606248   -8.245104384    4.113266248
    1.047197551    2.094395102   51.617463766    4.705553955   -0.419290837
    1.237597106    2.094395102   54.008275816   20.238434071   -4.363839430
    1.427996661    2.094395102   59.114885324   32.257273908   -7.221652700
    1.618396215    2.094395102   65.751326518   35.684847355   -8.955993541
    1.808795770    2.094395102   72.019656798   28.326746362   -9.953332017
    1.999195325    2.094395102   75.924039481   11.277106948  -10.781622882
    2.189594880    2.094395102   75.935936716  -11.781488420  -11.911159358
    2.379994435    2.094395102   71.369292149  -35.959428230  -13.512391430
    2.570393989    2.094395102   62.498464948  -56.169716776  -15.398812686
    2.760793544    2.094395102   50.505720931  -68.154651360  -17.131410918
    2.951193099    2.094395102   37.237156270  -69.342585925  -18.204149693

   -3.141592654    2.443460953   18.783949844  -59.444573518  -12.606152539
   -2.951193099    2.443460953    9.203572737  -40.407927044  -11.223858868
   -2.760793544    2.443460953    3.549215160  -19.237159905   -9.214155962
   -2.570393989    2.443460953    1.638317935   -1.967739473   -6.823141496
   -2.379994435    2.443460953    2.287986444    7.275013262   -4.176449611
   -2.189594880    2.443460953    3.850792518    7.827678811   -1.198186547
   -1.999195325    2.443460953    4.901922495    2.660222775    2.272005240
   -1.808795770    2.443460953    4.830517297   -3.044742846    6.250300947
   -1.618396215    2.443460953    4.045368792   -4.099236788   10.441310378
   -1.427996661    2.443460953    3.758187277    2.387651543   14.298528967
   -1.237597106    2.443460953    5.407501363   15.793238088   17.274142825
   -1.047197551    2.443460953    9.996068043   32.450756650   19.075042034
   -0.856797996    2.443460953   17.662424201   47.257321958   19.745793668
   -0.666398442    2.443460953   27.613662895   55.797204529   19.537273981
   -0.475998887    2.443460953   38.397414161   55.879453023   18.687135828
   -0.285599332    2.443460953   48.371602511   47.493229879   17.287697992
   -0.095199777    2.443460953   56.075867905   32.437361817   15.244396393
    0.095199777    2.443460953   60.507974392   13.732420731   12.370523769
    0.285599332    2.443460953   61.336256183   -4.704902310    8.526950089
    0.475998887    2.443460953   59.036742025  -18.371231083    3.776608300
    0.666398442    2.443460953   54.920608409  -23.230838136   -1.498642005
    0.856797996    2.443460953   50.894707576  -17.418562958   -6.607247058
    1.047197551    2.443460953   48.888171039   -2.630458282  -10.755168908
    1.237597106    2.443460953   50.144507931   15.758666522  -13.347907552
    1.427996661    2.443460953   54.680888372   30.671946492  -14.245688200
    1.618396215    2.443460953   61.224747565   36.093102027  -13.821206507
    1.808795770    2.443460953   67.651718780   29.356599802  -12.771622614
    1.999195325    2.443460953   71.708258623   11.685213011  -11.809641669
    2.189594880    2.443460953   71.678549548  -12.670995397  -11.401634759
    2.379994435    2.443460953   66.816353616  -38.100963589  -11.652055532
    2.570393989    2.443460953   57.465173353  -58.931987863  -12.324095186
    2.760793544    2.443460953   44.959984639  -70.614804125  -12.984934527
    2.951193099    2.443460953   31.320993913  -70.650662901  -13.179988147

   -3.141592654    2.792526803   15.678328768  -58.108214509    1.143367041
   -2.951193099    2.792526803    6.444868575  -38.145257312    3.355380797
   -2.760793544    2.792526803    1.293057878  -16.271649213    5.424643143
   -2.570393989    2.792526803    0.000000000    1.542095226    7.206762785
   -2.379994435    2.792526803    1.375774137   11.428425707    8.803638216
   -2.189594880    2.792526803    3.815093209   12.933794562   10.566936942
   -1.999195325    2.792526803    5.950085066    8.946367799   12.917908647
   -1.808795770    2.792526803    7.176130850    4.213708588   16.057723741
   -1.618396215    2.792526803    7.810479777    3.391904830   19.757881630
   -1.427996661    2.792526803    8.890739496    9.087849569   23.383862626
   -1.237597106    2.792526803   11.667881932   20.826229340   26.155969457
   -1.047197551    2.792526803   17.017959531   35.385192354   27.481434769
   -0.856797996    2.792526803   25.040182829   48.081007919   27.148326230
   -0.666398442    2.792526803   34.960086008   54.660850279   25.298445257
   -0.475998887    2.792526803   45.348097364   52.861755032   22.244507938
   -0.285599332    2.792526803   54.562753555   42.510575213   18.294938147
   -0.095199777    2.792526803   61.122279506   25.387990428   13.649521369
    0.095199777    2.792526803   64.019678109    4.703571417    8.436844349
    0.285599332    2.792526803   62.975993727  -15.221623137    2.808911338
    0.475998887    2.792526803   58.608983064  -29.366112832   -2.935869006
    0.666398442    2.792526803   52.464098399  -33.277252090   -8.293002501
    0.856797996    2.792526803   46.733631019  -25.039834809  -12.616193996
    1.047197551    2.792526803   43.593343216   -6.801970261  -15.331970817
    1.237597106    2.792526803   44.402725667   15.187461586  -16.183945768
    1.427996661    2.792526803   49.115770876   32.908577286  -15.363587087
    1.618396215    2.792526803   56.243596513   39.746316258  -13.438891073
    1.808795770    2.792526803   63.384814389   33.001974345  -11.102715034
    1.999195325    2.792526803   68.050387003   14.334767633   -8.904050247
    2.189594880    2.792526803   68.396128724  -11.378435637   -7.091353168
    2.379994435    2.792526803   63.663629578  -37.950516246   -5.623198384
    2.570393989    2.792526803   54.276053257  -59.353617752   -4.268663347
    2.760793544    2.792526803   41.691372145  -70.921750733   -2.768733554
    2.951193099    2.792526803   28.052280676  -70.273942676   -0.960841218
