#! FIELDS phi psi file.free der_phi der_psi
#! SET min_phi -pi
#! SET max_phi pi
#! SET nbins_phi  33
#! SET periodic_phi true
#! SET min_psi -pi
#! SET max_psi pi
#! SET nbins_psi  18
#! SET periodic_psi true
   -3.141592654   -3.141592654   18.968852039  -54.891937457   16.201376472
   -2.951193099   -3.141592654   10.229890831  -36.164523804   18.932609835
   -2.760793544   -3.141592654    5.354977539  -15.279412854   20.709813585
   -2.570393989   -3.141592654    4.198842637    2.108876231   21.577575371
   -2.379994435   -3.141592654    5.705322484   12.381829203   21.928760703
   -2.189594880   -3.141592654    8.432557076   15.132673325   22.390851801
   -1.999195325   -3.141592654   11.154343465   12.959197793   23.562125969
   -1.808795770   -3.141592654   13.316796418    9.959618054   25.686605685
   -1.618396215   -3.141592654   15.146362264    9.997839161   28.467556383
   -1.427996661   -3.141592654   17.451682666   15.086260244   31.131528121
   -1.237597106   -3.141592654   21.184268566   24.637257787   32.743052964
   -1.047197551   -3.141592654   26.952322342   35.834967883   32.598221002
   -0.856797996   -3.141592654   34.696688368   44.705253775   30.471387719
   -0.666398442   -3.141592654   43.621119771   47.667218331   26.619575800
   -0.475998887   -3.141592654   52.380855704   42.889602453   21.582703649
   -0.285599332   -3.141592654   59.477989519   30.395096216   15.933699352
   -0.095199777   -3.141592654   63.599888156   12.075611956   10.095868158
    0.095199777   -3.141592654   63.931672690   -8.738798196    4.325504101
    0.285599332   -3.141592654   60.411611553  -27.573527470   -1.211552444
    0.475998887   -3.141592654   53.898119857  -39.350367561   -6.296172789
    0.666398442   -3.141592654   46.166232410  -39.805213420  -10.579331547
    0.856797996   -3.141592654   39.570191502  -27.557345769  -13.627168165
    1.047197551   -3.141592654   36.319357527   -5.533684705  -15.092441564
    1.237597106   -3.141592654   37.656063240   19.270402357  -14.900272577
    1.427996661   -3.141592654   43.306714831   38.463745006  -13.306324386
    1.618396215   -3.141592654   51.535982256   45.620376802  -10.787916117
    1.808795770   -3.141592654   59.774770448   38.625266358   -7.825078055
    1.999195325   -3.141592654   65.483992887   19.724186461   -4.724222440
    2.189594880   -3.141592654   66.854923276   -5.951135969   -1.560377670
    2.379994435   -3.141592654   63.173913063  -32.329945310    1.738308508
    2.570393989   -3.141592654   54.864558370  -53.708506141    5.267281528
    2.760793544   -3.141592654   43.325970146  -65.669176896    9.006676025
    2.951193099   -3.141592654   30.612960265  -65.877319679   12.765275777

   -3.141592654   -2.792526803   26.501335823  -49.644724464   24.734815091
   -2.951193099   -2.792526803   18.561815832  -33.077989173   27.329443048
   -2.760793544   -2.792526803   14.064483969  -14.350976525   28.594182713
   -2.570393989   -2.792526803   12.925213704    1.512605310   28.761213114
   -2.379994435   -2.792526803   14.261933400   11.409015721   28.384212683
   -2.189594880   -2.792526803   16.872494702   15.081154978   28.147874226
   -1.999195325   -2.792526803   19.751213053   14.752341980   28.601366475
   -1.808795770   -2.792526803   22.444819306   13.676039485   29.891020161
   -1.618396215   -2.792526803   25.097651130   14.696541326   31.646549988
   -1.427996661   -2.792526803   28.259775837   19.077322761   33.073798700
   -1.237597106   -2.792526803   32.537556193   26.113271095   33.263283265
   -1.047197551   -2.792526803   38.240174632   33.552881252   31.567751447
   -0.856797996   -2.792526803   45.162915977   38.413664343   27.847854311
   -0.666398442   -2.792526803   52.556858422   38.076288467   22.483848468
   -0.475998887   -2.792526803   59.275215678   31.289833783   16.168541054
   -0.285599332   -2.792526803   64.082978804   18.170054400    9.620367516
   -0.095199777   -2.792526803   65.909434693    0.357093502    3.375893378
    0.095199777   -2.792526803   64.120189513  -19.198587505   -2.242364987
    0.285599332   -2.792526803   58.767839035  -36.288015434   -7.053856963
    0.475998887   -2.792526803   50.791084952  -45.941487596  -10.887856763
    0.666398442   -2.792526803   42.033190546  -43.934489847  -13.536503030
    0.856797996   -2.792526803   34.901442131  -29.026781951  -14.810138923
    1.047197551   -2.792526803   31.615948308   -4.464204406  -14.653785491
    1.237597106   -2.792526803   33.360435060   22.392433556  -13.230836708
    1.427996661   -2.792526803   39.744535816   42.935465823  -10.879178419
    1.618396215   -2.792526803   48.901274516   50.816686670   -7.966879674
    1.808795770   -2.792526803   58.170133756   44.229107190   -4.735192407
    1.999195325   -2.792526803   64.984249249   25.753284364   -1.239659372
    2.189594880   -2.792526803   67.557538832    0.672986334    2.603419524
    2.379994435   -2.792526803   65.203230744  -25.023619211    6.878889785
    2.570393989   -2.792526803   58.336795826  -45.925263337   11.553550564
    2.760793544   -2.792526803   48.286138812  -57.946181814   16.386718168
    2.951193099   -2.792526803   36.978119786  -58.995074525   20.950926602

   -3.141592654   -2.443460953   35.082143180  -44.139165208   23.117915513
   -2.951193099   -2.443460953   27.970238474  -29.935414799   25.156278860
   -2.760793544   -2.443460953   23.850336478  -13.457188828   25.974597455
   -2.570393989   -2.443460953   22.720628361    0.881633687   25.833171140
   -2.379994435   -2.443460953   23.877455886   10.336659536   25.217765234
   -2.189594880   -2.443460953   26.326558449   14.602331870   24.647754234
   -1.999195325   -2.443460953   29.220080006   15.419077311   24.472381025
   -1.808795770   -2.443460953   32.139142070   15.277299598   24.705781517
   -1.618396215   -2.443460953   35.112381212   16.247293685   24.999435874
   -1.427996661   -2.443460953   38.451720868   19.144199887   24.748820626
   -1.237597106   -2.443460953   42.491966977   23.387742758   23.336175386
   -1.047197551   -2.443460953   47.350547610   27.397748253   20.402414347
   -0.856797996   -2.443460953   52.791499051   29.145017657   16.007872742
   -0.666398442   -2.443460953   58.207577291   26.815949643   10.610345555
   -0.475998887   -2.443460953   62.705971559   19.487933593    4.873723894
   -0.285599332   -2.443460953   65.319848528    7.114268885   -0.585064850
   -0.095199777   -2.443460953   65.181787114   -9.115141547   -5.365370929
    0.095199777   -2.443460953   61.771832778  -26.711468891   -9.292626993
    0.285599332   -2.443460953   55.185296106  -41.719957008  -12.331649202
    0.475998887   -2.443460953   46.376216252  -49.234433398  -14.451595656
    0.666398442   -2.443460953   37.198487519  -45.043886814  -15.579395099
    0.856797996   -2.443460953   30.057892937  -28.025380740  -15.644580759
    1.047197551   -2.443460953   27.138909082   -1.675179641  -14.663643629
    1.237597106   -2.443460953   29.542164039   26.433662780  -12.796818673
    1.427996661   -2.443460953   36.769322270   47.673591989  -10.298026785
    1.618396215   -2.443460953   46.864691587   55.911862353   -7.405557475
    1.808795770   -2.443460953   57.134375999   49.667871206   -4.247206903
    1.999195325   -2.443460953   65.034768467   31.772398488   -0.825649881
    2.189594880   -2.443460953   68.832240990    7.537892263    2.928534375
    2.379994435   -2.443460953   67.874240167  -17.239050468    7.049035505
    2.570393989   -2.443460953   62.557602263  -37.519093471   11.452926800
    2.760793544   -2.443460953   54.116236920  -49.597200910   15.879106353
    2.951193099   -2.443460953   44.321184923  -51.630805267   19.919437478

   -3.141592654   -2.094395102   41.669043577  -39.971663962   14.784434649
   -2.951193099   -2.094395102   35.183779586  -27.542719908   15.853518724
   -2.760793544   -2.094395102   31.357992393  -12.704031876   16.162949660
   -2.570393989   -2.094395102   30.254451301    0.509903590   15.930564802
   -2.379994435   -2.094395102   31.286109594    9.494896506   15.433556258
   -2.189594880   -2.094395102   33.571387632   13.776102163   14.874926882
   -1.999195325   -2.094395102   36.318393474   14.674973577   14.301737762
   -1.808795770   -2.094395102   39.073200744   14.192334049   13.581803310
   -1.618396215   -2.094395102   41.746486271   14.038880082   12.463916002
   -1.427996661   -2.094395102   44.491194056   14.992132265   10.672492023
   -1.237597106   -2.094395102   47.515075247   16.849288137    8.033049555
   -1.047197551   -2.094395102   50.912260894   18.697321432    4.579219178
   -0.856797996   -2.094395102   54.558938744   19.206768781    0.579222463
   -0.666398442   -2.094395102   58.067961888   16.961644176   -3.537131815
   -0.475998887   -2.094395102   60.796500714   10.932068356   -7.327063752
   -0.285599332   -2.094395102   61.965875019    0.564826313  -10.492859999
   -0.095199777   -2.094395102   60.781831097  -13.577044650  -12.951730112
    0.095199777   -2.094395102   56.693464771  -29.451876530  -14.785173859
    0.285599332   -2.094395102   49.711653553  -43.186064659  -16.126206152
    0.475998887   -2.094395102   40.721341731  -49.682989052  -17.025713426
    0.666398442   -2.094395102   31.553406574  -44.473479183  -17.414634394
    0.856797996   -2.094395102   24.626761415  -26.320034028  -17.155565678
    1.047197551   -2.094395102   22.142325666    1.182248510  -16.137378538
    1.237597106   -2.094395102   25.188451249   30.291874387  -14.364119372
    1.427996661   -2.094395102   33.225815257   52.278054892  -11.957929315
    1.618396215   -2.094395102   44.250164331   61.031776356   -9.101035200
    1.808795770   -2.094395102   55.534109796   55.184717321   -5.969137214
    1.999195325   -2.094395102   64.522222752   37.679052315   -2.691767475
    2.189594880   -2.094395102   69.484799142   13.859849229    0.655205667
    2.379994435   -2.094395102   69.768349554  -10.542009778    4.010212358
    2.570393989   -2.094395102   65.746695287  -30.673367533    7.287831237
    2.760793544   -2.094395102   58.589784804  -43.049052126   10.327744397
    2.951193099   -2.094395102   49.966858564  -45.991667901   12.904887618

   -3.141592654   -1.745329252   44.657031529  -38.503423933    6.055741724
   -2.951193099   -1.745329252   38.359697318  -27.022074461    6.479741216
   -2.760793544   -1.745329252   34.557954581  -12.935098920    6.581982117
   -2.570393989   -1.745329252   33.358554044   -0.234641946    6.429523943
   -2.379994435   -1.745329252   34.210384407    8.348360521    6.034437696
   -2.189594880   -1.745329252   36.232238326   12.121654334    5.310476251
   -1.999195325   -1.745329252   38.593806258   12.224824553    4.105230909
   -1.808795770   -1.745329252   40.780051791   10.625266274    2.275415154
   -1.618396215   -1.745329252   42.650459220    9.160548451   -0.221764711
   -1.427996661   -1.745329252   44.343757355    8.865516634   -3.286046523
   -1.237597106   -1.745329252   46.111222024    9.879278801   -6.677131098
   -1.047197551   -1.745329252   48.154769595   11.596195530  -10.053370240
   -0.856797996   -1.745329252   50.506060065   12.852697704  -13.041294389
   -0.666398442   -1.745329252   52.940578599   12.140677632  -15.321910321
   -0.475998887   -1.745329252   54.932910879    8.050863348  -16.717582420
   -0.285599332   -1.745329252   55.733704455   -0.483989415  -17.261553881
   -0.095199777   -1.745329252   54.483096360  -13.340071646  -17.192720755
    0.095199777   -1.745329252   50.504450272  -28.654070450  -16.865736905
    0.285599332   -1.745329252   43.678966295  -42.403058666  -16.609448559
    0.475998887   -1.745329252   34.815765178  -49.124095131  -16.568479041
    0.666398442   -1.745329252   25.746434369  -43.938678023  -16.646752242
    0.856797996   -1.745329252   18.954600614  -25.352054451  -16.562574993
    1.047197551   -1.745329252   16.732497364    3.033739833  -15.984636155
    1.237597106   -1.745329252   20.238459091   33.279823391  -14.696115044
    1.427996661   -1.745329252   28.954039040   56.377952624  -12.675975491
    1.618396215   -1.745329252   40.845124941   65.964693521  -10.091678258
    1.808795770   -1.745329252   53.116144927   60.540194277   -7.222009531
    1.999195325   -1.745329252   63.131686514   43.048233597   -4.360242698
    2.189594880   -1.745329252   69.093710071   18.938059593   -1.723963377
    2.379994435   -1.745329252   70.302404492   -5.927736145    0.571802720
    2.570393989   -1.745329252   67.105916295  -26.640056125    2.500694647
    2.760793544   -1.745329252   60.651777868  -39.727635887    4.064890740
    2.951193099   -1.745329252   52.581902133  -43.547533901    5.257881703

   -3.141592654   -1.396263402   43.555571485  -39.013988987    2.285489797
   -2.951193099   -1.396263402   37.178700037  -27.327232453    1.862447271
   -2.760793544   -1.396263402   33.345491712  -12.975906133    1.267826303
   -2.570393989   -1.396263402   32.151596063   -0.194641156    0.552469764
   -2.379994435   -1.396263402   32.984929301    8.016556395   -0.350811261
   -2.189594880   -1.396263402   34.859120720   10.797886716   -1.642919039
   -1.999195325   -1.396263402   36.827555658    9.345245960   -3.563787299
   -1.808795770   -1.396263402   38.295150351    5.956910210   -6.245372328
   -1.618396215   -1.396263402   39.123992102    2.981442311   -9.584066016
   -1.427996661   -1.396263402   39.556670889    1.971178163  -13.223971879
   -1.237597106   -1.396263402   40.032845096    3.412725509  -16.651776291
   -1.047197551   -1.396263402   40.979436434    6.721887307  -19.345758701
   -0.856797996   -1.396263402   42.625977908   10.426031358  -20.919004288
   -0.666398442   -1.396263402   44.860983009   12.468209763  -21.209997691
   -0.475998887   -1.396263402   47.156188025   10.795183655  -20.310384422
   -0.285599332   -1.396263402   48.643111841    3.795496352  -18.549486815
   -0.095199777   -1.396263402   48.259597444   -8.721028713  -16.416691047
    0.095199777   -1.396263402   45.097789654  -24.871531984  -14.432858004
    0.285599332   -1.396263402   38.844380299  -40.258539402  -12.994798778
    0.475998887   -1.396263402   30.213761421  -48.790873216  -12.233347085
    0.666398442   -1.396263402   21.072581531  -44.893390283  -11.980166335
    0.856797996   -1.396263402   14.055287045  -26.577138725  -11.857837387
    1.047197551   -1.396263402   11.663146570    2.629057776  -11.447171611
    1.237597106   -1.396263402   15.235424671   34.446618183  -10.471067495
    1.427996661   -1.396263402   24.340474787   59.257527703   -8.880795003
    1.618396215   -1.396263402   36.909991389   70.081859444   -6.835082622
    1.808795770   -1.396263402   50.016957938   65.040431393   -4.609894043
    1.999195325   -1.396263402   60.855231443   47.054821137   -2.489799604
    2.189594880   -1.396263402   67.483698792   21.858243889   -0.679970561
    2.379994435   -1.396263402   69.128193334   -4.267498080    0.719138984
    2.570393989   -1.396263402   66.139340263  -26.066098871    1.691199393
    2.760793544   -1.396263402   59.718597071  -39.881657403    2.256855341
    2.951193099   -1.396263402   51.581723484  -44.049303186    2.444021092

   -3.141592654   -1.047197551   41.183037710  -41.674973947    2.284342415
   -2.951193099   -1.047197551   34.320251693  -29.707600156    1.020418929
   -2.760793544   -1.047197551   30.084632869  -14.803888330   -0.389346489
   -2.570393989   -1.047197551   28.593306696   -1.539296650   -1.857397571
   -2.379994435   -1.047197551   29.181396160    6.674093025   -3.452237644
   -2.189594880   -1.047197551   30.742945738    8.734721254   -5.412474009
   -1.999195325   -1.047197551   32.198808767    5.956469024   -8.011444900
   -1.808795770   -1.047197551   32.881676683    1.139772944  -11.347568193
   -1.618396215   -1.047197551   32.697531933   -2.692377402  -15.177024413
   -1.427996661   -1.047197551   32.053759697   -3.449956494  -18.923953210
   -1.237597106   -1.047197551   31.623985504   -0.481614639  -21.871903065
   -1.047197551   -1.047197551   32.056715507    5.341944017  -23.425501229
   -0.856797996   -1.047197551   33.715548680   11.936769473  -23.316290471
   -0.666398442   -1.047197551   36.493632561   16.548495975  -21.661954714
   -0.475998887   -1.047197551   39.742320894   16.537483598  -18.891458502
   -0.285599332   -1.047197551   42.384723090    9.969244363  -15.613251991
   -0.095199777   -1.047197551   43.119033050   -3.343997186  -12.439505518
    0.095199777   -1.047197551   40.829980011  -21.192158274   -9.839513278
    0.285599332   -1.047197551   35.084765004  -38.597654637   -8.023295439
    0.475998887   -1.047197551   26.600168706  -48.811237254   -6.903763975
    0.666398442   -1.047197551   17.360550655  -45.746122931   -6.173849830
    0.856797996   -1.047197551   10.184743585  -27.234835534   -5.468497745
    1.047197551   -1.047197551    7.754235166    2.970794347   -4.518264118
    1.237597106   -1.047197551   11.518396262   36.113751645   -3.244869408
    1.427996661   -1.047197551   21.056079474   62.052300008   -1.743211115
    1.618396215   -1.047197551   34.221374123   73.423768800   -0.191620038
    1.808795770   -1.047197551   47.960613078   68.216509009    1.235468448
    1.999195325   -1.047197551   59.338105357   49.455433306    2.415466195
    2.189594880   -1.047197551   66.319166469   23.121577146    3.288436895
    2.379994435   -1.047197551   68.086827509   -4.233721576    3.832604351
    2.570393989   -1.047197551   64.994655878  -27.150036320    4.028112457
    2.760793544   -1.047197551   58.278758716  -41.847478269    3.846203094
    2.951193099   -1.047197551   49.709672913  -46.571373301    3.259934298

   -3.141592654   -0.698131701   40.348503949  -45.415557548    1.976316566
   -2.951193099   -0.698131701   32.766471634  -33.453707520   -0.355904758
   -2.760793544   -0.698131701   27.843037571  -18.250533873   -2.838949802
   -2.570393989   -0.698131701   25.726063133   -4.697800647   -5.255411631
   -2.379994435   -0.698131701   25.710729545    3.400466997   -7.586155607
   -2.189594880   -0.698131701   26.589996811    4.749331343  -10.037572857
   -1.999195325   -0.698131701   27.184919743    0.880656807  -12.870486512
   -1.808795770   -0.698131701   26.811822963   -4.768241507  -16.133263070
   -1.618396215   -0.698131701   25.496986275   -8.443800366  -19.474772155
   -1.427996661   -0.698131701   23.883598316   -7.644938996  -22.199032198
   -1.237597106   -0.698131701   22.904674532   -1.894139389  -23.554744489
   -1.047197551   -0.698131701   23.381956420    7.236616605  -23.083902858
   -0.856797996   -0.698131701   25.694311446   16.776033555  -20.833705350
   -0.666398442   -0.698131701   29.592987770   23.261282454  -17.319805075
   -0.475998887   -0.698131701   34.188197206   23.721818035  -13.297599613
   -0.285599332   -0.698131701   38.137691498   16.317070968   -9.492402093
   -0.095199777   -0.698131701   39.924795784    1.256379373   -6.361495465
    0.095199777   -0.698131701   38.316144087  -18.646379643   -4.001650539
    0.285599332   -0.698131701   32.882095562  -37.769175463   -2.179928702
    0.475998887   -0.698131701   24.454787711  -48.872847274   -0.502175115
    0.666398442   -0.698131701   15.199455277  -45.702788451    1.354553520
    0.856797996   -0.698131701    8.109198585  -26.300073383    3.447072942
    1.047197551   -0.698131701    5.970478354    5.088918762    5.544912561
    1.237597106   -0.698131701   10.236386831   39.177153198    7.272020805
    1.427996661   -0.698131701   20.403822668   65.487073735    8.328608299
    1.618396215   -0.698131701   34.207772694   76.596790105    8.650813629
    1.808795770   -0.698131701   48.486760728   70.648253260    8.410878756
    1.999195325   -0.698131701   60.235062316   50.893811060    7.889017071
    2.189594880   -0.698131701   67.388843572   23.497940711    7.318155012
    2.379994435   -0.698131701   69.128179803   -4.903181080    6.777989499
    2.570393989   -0.698131701   65.812166759  -28.817043898    6.165149162
    2.760793544   -0.698131701   58.689273542  -44.433729781    5.271534780
    2.951193099   -0.698131701   49.553826480  -49.897994242    3.896645263

   -3.141592654   -0.349065850   40.739191875  -50.408043954    1.498740994
   -2.951193099   -0.349065850   32.146654454  -38.957998118   -1.457859719
   -2.760793544   -0.349065850   26.175530440  -23.653107189   -4.487177656
   -2.570393989   -0.349065850   23.070173059   -9.650956211   -7.326609793
   -2.379994435   -0.349065850   22.148466917   -1.220231153   -9.932446430
   -2.189594880   -0.349065850   22.147082625    0.051894850  -12.486213149
   -1.999195325   -0.349065850   21.816857933   -4.134860113  -15.191642802
   -1.808795770   -0.349065850   20.483429537   -9.709029218  -17.988752087
   -1.618396215   -0.349065850   18.317125700  -12.219690939  -20.399579286
   -1.427996661   -0.349065850   16.204391666   -8.902022892  -21.663204505
   -1.237597106   -0.349065850   15.303866198    0.268498511  -21.117711067
   -1.047197551   -0.349065850   16.520055049   12.726428236  -18.587379618
   -0.856797996   -0.349065850   20.111559074   24.465372676  -14.531974672
   -0.666398442   -0.349065850   25.549089230   31.438181801   -9.857816817
   -0.475998887   -0.349065850   31.614445097   30.743327971   -5.526010665
   -0.285599332   -0.349065850   36.706201014   21.196767538   -2.184097827
   -0.095199777   -0.349065850   39.205733135    3.918919959    0.058606334
    0.095199777   -0.349065850   37.949959016  -17.421741472    1.593491387
    0.285599332   -0.349065850   32.709802723  -36.741980662    3.094206579
    0.475998887   -0.349065850   24.552549118  -46.915915248    5.166020660
    0.666398442   -0.349065850   15.804565889  -42.337086853    8.024365462
    0.856797996   -0.349065850    9.467958040  -21.896920511   11.342984457
    1.047197551   -0.349065850    8.190670770    9.527908693   14.399882143
    1.237597106   -0.349065850   13.217068696   42.560361857   16.432201934
    1.427996661   -0.349065850   23.872291434   67.173698484   17.003061123
    1.618396215   -0.349065850   37.833417592   76.620806676   16.182148454
    1.808795770   -0.349065850   51.999573443   69.555375198   14.450464568
    1.999195325   -0.349065850   63.487593325   49.356629912   12.421400790
    2.189594880   -0.349065850   70.343444902   21.949532262   10.557745026
    2.379994435   -0.349065850   71.790532039   -6.463986730    9.014040361
    2.570393989   -0.349065850   68.148870118  -30.754394703    7.627914398
    2.760793544   -0.349065850   60.581430926  -47.241103125    6.076436896
    2.951193099   -0.349065850   50.803083436  -53.862146809    4.063950898

   -3.141592654    0.000000000   41.432202487  -55.262522909    0.853370240
   -2.951193099    0.000000000   31.858339052  -44.298769296   -1.886280980
   -2.760793544    0.000000000   24.867527222  -28.929255585   -4.601122035
   -2.570393989    0.000000000   20.791414987  -14.543348622   -7.080001875
   -2.379994435    0.000000000   18.971404126   -5.799801142   -9.303901740
   -2.189594880    0.000000000   18.106320613   -4.475315971  -11.425802639
   -1.999195325    0.000000000   16.914208395   -8.611944838  -13.575856214
   -1.808795770    0.000000000   14.778086466  -13.497144329  -15.609099335
   -1.618396215    0.000000000   12.049294012  -14.112283240  -17.013529509
   -1.427996661    0.000000000    9.856020160   -7.694406896  -17.095428817
   -1.237597106    0.000000000    9.524079915    5.014443236  -15.376829179
   -1.047197551    0.000000000   11.931036897   20.262550787  -11.943495579
   -0.856797996    0.000000000   17.091078106   33.069861882   -7.498012861
   -0.666398442    0.000000000   24.109825011   39.141779050   -3.061192210
   -0.475998887    0.000000000   31.438275342   36.145216402    0.490665745
   -0.285599332    0.000000000   37.306804235   23.998736711    2.787632716
   -0.095199777    0.000000000   40.150388409    4.940889635    4.101636300
    0.095199777    0.000000000   39.040143426  -16.633204360    5.172005072
    0.285599332    0.000000000   34.056886527  -34.608332658    6.856367268
    0.475998887    0.000000000   26.512094154  -42.561382312    9.704624132
    0.666398442    0.000000000   18.792103957  -36.061456067   13.653243576
    0.856797996    0.000000000   13.730950612  -15.093488055   17.975263123
    1.047197551    0.000000000   13.652165085   14.999538804   21.576289212
    1.237597106    0.000000000   19.470438179   45.236986223   23.485778063
    1.427996661    0.000000000   30.325453900   66.626820801   23.278530392
    1.618396215    0.000000000   43.922032974   73.531075894   21.215330113
    1.808795770    0.000000000   57.360078709   65.236395300   18.052741808
    1.999195325    0.000000000   68.012995677   45.084456609   14.658551138
    2.189594880    0.000000000   74.122578318   18.449063114   11.660866140
    2.379994435    0.000000000   74.981787323   -9.199162030    9.277498070
    2.570393989    0.000000000   70.851811107  -33.264298960    7.334610287
    2.760793544    0.000000000   62.770933965  -50.232989077    5.468703157
    2.951193099    0.000000000   52.337035094  -57.791698801    3.347384668

   -3.141592654    0.349065850   42.710678007  -59.029406686    0.334124275
   -2.951193099    0.349065850   32.370798346  -48.486508104   -1.451498475
   -2.760793544    0.349065850   24.576245541  -33.100002231   -3.111280062
   -2.570393989    0.349065850   19.732518636  -18.401432994   -4.587852326
   -2.379994435    0.349065850   17.209202369   -9.344005708   -5.945753890
   -2.189594880    0.349065850   15.687057614   -7.848285523   -7.318382946
   -1.999195325    0.349065850   13.871574531  -11.731752305   -8.758174878
   -1.808795770    0.349065850   11.208415110  -15.768258953  -10.071298914
   -1.618396215    0.349065850    8.205585336  -14.542936017  -10.803613710
   -1.427996661    0.349065850    6.176874990   -5.442395489  -10.431784235
   -1.237597106    0.349065850    6.540217506    9.982989794   -8.687127216
   -1.047197551    0.349065850   10.078547456   26.924312912   -5.790769220
   -0.856797996    0.349065850   16.534363498   39.714436020   -2.413091185
   -0.666398442    0.349065850   24.683824469   44.162602690    0.645935783
   -0.475998887    0.349065850   32.745381556   38.788056147    2.858036998
   -0.285599332    0.349065850   38.916753331   24.700832439    4.216791284
   -0.095199777    0.349065850   41.816547157    5.116160181    5.241643474
    0.095199777    0.349065850   40.832758677  -15.189680667    6.714542885
    0.285599332    0.349065850   36.362137444  -30.511554185    9.308876814
    0.475998887    0.349065850   29.883742937  -35.524040061   13.227184760
    0.666398442    0.349065850   23.707212206  -27.190890441   18.022098116
    0.856797996    0.349065850   20.344901535   -6.543290207   22.686221594
    1.047197551    0.349065850   21.675793550   20.903544933   26.031972699
    1.237597106    0.349065850   28.235048951   46.976700007   27.184784658
    1.427996661    0.349065850   39.003518006   64.089036766   25.928989108
    1.618396215    0.349065850   51.796769158   67.917382825   22.749133402
    1.808795770    0.349065850   64.018687940   58.398272788   18.565359554
    1.999195325    0.349065850   73.391774959   38.711543988   14.328304500
    2.189594880    0.349065850   78.414963718   13.498571369   10.685913203
    2.379994435    0.349065850   78.478388539  -12.670501059    7.857613605
    2.570393989    0.349065850   73.784433686  -35.850570568    5.691130417
    2.760793544    0.349065850   65.229433493  -52.757658508    3.873196231
    2.951193099    0.349065850   54.268586352  -60.859842767    2.124431844

   -3.141592654    0.698131701   44.028968735  -60.747076874   -1.045929800
   -2.951193099    0.698131701   33.354733103  -50.255141683   -1.529476954
   -2.760793544    0.698131701   25.220265764  -34.885574585   -1.728308191
   -2.570393989    0.698131701   20.032579724  -20.233270749   -1.785893269
   -2.379994435    0.698131701   17.147604341  -11.322322995   -1.886468070
   -2.189594880    0.698131701   15.229000525  -10.028612078   -2.184835243
   -1.999195325    0.698131701   12.990553804  -13.934544578   -2.726062299
   -1.808795770    0.698131701    9.943988556  -17.481949155   -3.378775779
   -1.618396215    0.698131701    6.716491781  -15.075273321   -3.861366884
   -1.427996661    0.698131701    4.741458403   -4.305002352   -3.864477873
   -1.237597106    0.698131701    5.477180395   12.675972215   -3.226193663
   -1.047197551    0.698131701    9.619172695   30.392589831   -2.042052134
   -0.856797996    0.698131701   16.723197074   42.878894519   -0.610700739
   -0.666398442    0.698131701   25.378373281   46.237863162    0.764566198
   -0.475998887    0.698131701   33.723038602   39.752442056    1.990517770
   -0.285599332    0.698131701   40.032450425   25.381739270    3.280097368
   -0.095199777    0.698131701   43.138151756    6.828847651    5.083853110
    0.095199777    0.698131701   42.679102507  -11.229042706    7.858698965
    0.285599332    0.698131701   39.224207045  -23.804719896   11.805232213
    0.475998887    0.698131701   34.245445543  -26.675594110   16.658594627
    0.666398442    0.698131701   29.832182538  -17.870997921   21.664173788
    0.856797996    0.698131701   28.116386947    1.053124678   25.772480856
    1.047197551    0.698131701   30.573758913   24.893982764   28.011948461
    1.237597106    0.698131701   37.471363670   46.515725782   27.867673350
    1.427996661    0.698131701   47.755629514   59.650611575   25.458756288
    1.618396215    0.698131701   59.438830083   60.999223379   21.447371459
    1.808795770    0.698131701   70.253910686   50.835950408   16.740409186
    1.999195325    0.698131701   78.249505530   31.994695936   12.160974084
    2.189594880    0.698131701   82.140612044    8.383422408    8.227089023
    2.379994435    0.698131701   81.388013288  -16.182392046    5.122844239
    2.570393989    0.698131701   76.143292704  -38.221935276    2.782151719
    2.760793544    0.698131701   67.198423023  -54.568684472    1.051381675
    2.951193099    0.698131701   55.909490528  -62.530818587   -0.202436879

   -3.141592654    1.047197551   42.701302532  -61.443200678   -5.412973778
   -2.951193099    1.047197551   31.978684133  -50.077138567   -4.804145851
   -2.760793544    1.047197551   23.942293196  -34.078617405   -3.747121122
   -2.570393989    1.047197551   18.939137881  -19.163779067   -2.537816506
   -2.379994435    1.047197551   16.251545221  -10.368847274   -1.441227458
   -2.189594880    1.047197551   14.480490698   -9.461891033   -0.624019598
   -1.999195325    1.047197551   12.305199794  -13.832342569   -0.154730451
   -1.808795770    1.047197551    9.241998916  -17.726739760   -0.021628449
   -1.618396215    1.047197551    5.953604109  -15.428490666   -0.163179855
   -1.427996661    1.047197551    3.920020202   -4.538776671   -0.477031678
   -1.237597106    1.047197551    4.632159317   12.656373414   -0.826941838
   -1.047197551    1.047197551    8.789910042   30.558226584   -1.058979830
   -0.856797996    1.047197551   15.940864725   43.209701175   -1.005306426
   -0.666398442    1.047197551   24.686947734   46.914333040   -0.484614065
   -0.475998887    1.047197551   33.230380989   41.266232492    0.705070550
   -0.285599332    1.047197551   39.962650753   28.431979151    2.775390639
   -0.095199777    1.047197551   43.846424564   12.026127533    5.892878654
    0.095199777    1.047197551   44.598753330   -3.730026018   10.060762708
    0.285599332    1.047197551   42.750109945  -14.601828554   14.999422808
    0.475998887    1.047197551   39.581313614  -17.153101100   20.073996913
    0.666398442    1.047197551   36.864516345   -9.896189330   24.384209865
    0.856797996    1.047197551   36.377027808    5.732164591   27.019715111
    1.047197551    1.047197551   39.325620784   25.300249997   27.379343217
    1.237597106    1.047197551   45.895308048   42.783486496   25.406525569
    1.427996661    1.047197551   55.157883948   52.897751249   21.586142698
    1.618396215    1.047197551   65.393627519   52.815185475   16.724888837
    1.808795770    1.047197551   74.633325254   42.677957482   11.640214090
    1.999195325    1.047197551   81.157680448   24.796574829    6.935011758
    2.189594880    1.047197551   83.801632268    2.499542473    2.916086696
    2.379994435    1.047197551   82.051495084  -20.807191695   -0.323478945
    2.570393989    1.047197551   76.031456069  -41.770598286   -2.786296530
    2.760793544    1.047197551   66.502157620  -57.164249459   -4.466964698
    2.951193099    1.047197551   54.806775018  -64.182880874   -5.340782290

   -3.141592654    1.396263402   37.818466467  -61.022722465  -10.510301570
   -2.951193099    1.396263402   27.369750660  -47.686175491   -9.514237106
   -2.760793544    1.396263402   19.927645429  -30.353373968   -7.937546503
   -2.570393989    1.396263402   15.695620381  -14.926988092   -6.119501122
   -2.379994435    1.396263402   13.802208114   -6.366834937   -4.320144844
   -2.189594880    1.396263402   12.726453025   -6.231738270   -2.660057410
   -1.999195325    1.396263402   11.065732070  -11.698314706   -1.189099939
   -1.808795770    1.396263402    8.289714192  -16.864884078    0.018639536
   -1.618396215    1.396263402    5.041689985  -15.857310197    0.825333020
   -1.427996661    1.396263402    2.818922536   -6.041856150    1.117493379
   -1.237597106    1.396263402    3.182531908   10.596084367    0.941694315
   -1.047197551    1.396263402    6.957782986   28.734526860    0.566518192
   -0.856797996    1.396263402   13.856136865   42.519546596    0.429067482
   -0.666398442    1.396263402   22.643092106   48.136930475    0.974855063
   -0.475998887    1.396263402   31.643878224   44.896137166    2.513749407
   -0.285599332    1.396263402   39.306556934   34.552919484    5.153685929
   -0.095199777    1.396263402   44.566002312   20.245790897    8.780257146
    0.095199777    1.396263402   47.015219392    5.683339722   13.048627826
    0.285599332    1.396263402   46.965823481   -5.379562568   17.388615412
    0.475998887    1.396263402   45.405647551   -9.754957044   21.044317800
    0.666398442    1.396263402   43.804167107   -5.772415658   23.240893661
    0.856797996    1.396263402   43.720404924    5.799497638   23.444300384
    1.047197551    1.396263402   46.303376000   21.505730497   21.566134129
    1.237597106    1.396263402   51.861719765   36.177323811   18.014223014
    1.427996661    1.396263402   59.711987730   44.902227826   13.512543320
    1.618396215    1.396263402   68.394901390   44.656465879    8.803264206
    1.808795770    1.396263402   76.124644873   35.038502078    4.397210256
    1.999195325    1.396263402   81.259136808   17.823462846    0.509416692
    2.189594880    1.396263402   82.630837946   -3.908701857   -2.860430075
    2.379994435    1.396263402   79.710454234  -26.670747436   -5.752757780
    2.570393989    1.396263402   72.645249483  -46.811514180   -8.124186657
    2.760793544    1.396263402   62.275475745  -60.842395532   -9.819006431
    2.951193099    1.396263402   50.053177018  -65.941521329  -10.647181035

   -3.141592654    1.745329252   31.689520957  -60.117516448  -16.063027576
   -2.951193099    1.745329252   21.602483431  -44.890846492  -15.185747941
   -2.760793544    1.745329252   14.815397807  -26.408976462  -13.460308158
   -2.570393989    1.745329252   11.380525687  -10.617603549  -11.187703464
   -2.379994435    1.745329252   10.296260892   -2.242396341   -8.617299671
   -2.189594880    1.745329252    9.963511801   -2.592113727   -5.865389643
   -1.999195325    1.745329252    8.932270488   -8.770275314   -2.998782363
   -1.808795770    1.745329252    6.622080289  -14.962669152   -0.167323539
   -1.618396215    1.745329252    3.614609686  -15.270402198    2.330302999
   -1.427996661    1.745329252    1.377941230   -6.731179586    4.165542896
   -1.237597106    1.745329252    1.533661580    9.236221090    5.195623498
   -1.047197551    1.745329252    5.072391209   27.805467748    5.599022130
   -0.856797996    1.745329252   11.930490442   43.192732360    5.833809596
   -0.666398442    1.745329252   21.064971284   51.180925197    6.417837822
   -0.475998887    1.745329252   30.885195614   50.418178265    7.698079983
   -0.285599332    1.745329252   39.794632048   41.987058054    9.740870866
   -0.095199777    1.745329252   46.570691073   28.529087340   12.315095420
    0.095199777    1.745329252   50.571301825   13.453559528   14.952108612
    0.285599332    1.745329252   51.836936353    0.423278825   17.041339379
    0.475998887    1.745329252   51.094328892   -7.139466570   17.952914212
    0.666398442    1.745329252   49.632848631   -6.933056424   17.239620148
    0.856797996    1.745329252   48.985139784    1.173996508   14.843516943
    1.047197551    1.745329252   50.445479094   14.580186999   11.151716711
    1.237597106    1.745329252   54.589376327   28.491999693    6.870459380
    1.427996661    1.745329252   61.009828863   37.722930029    2.730380454
    1.618396215    1.745329252   68.424315579   38.528198947   -0.806555022
    1.808795770    1.745329252   75.077104074   29.779848042   -3.669897226
    1.999195325    1.745329252   79.250290741   12.888668838   -6.080315292
    2.189594880    1.745329252   79.676127220   -8.943618008   -8.342036275
    2.379994435    1.745329252   75.785072582  -31.774104281  -10.624285055
    2.570393989    1.745329252   67.781405797  -51.439581458  -12.852099977
    2.760793544    1.745329252   56.639899038  -64.172068263  -14.735466507
    2.951193099    1.745329252   43.963985133  -67.267695765  -15.899599586

   -3.141592654    2.094395102   25.035092237  -60.167746630  -17.872274002
   -2.951193099    2.094395102   15.120602120  -43.079589533  -16.904744931
   -2.760793544    2.094395102    8.825667413  -23.146878016  -15.042536277
   -2.570393989    2.094395102    6.108575751   -6.425394091  -12.578223903
   -2.379994435    2.094395102    5.882632756    2.546974481   -9.737395458
   -2.189594880    2.094395102    6.508595679    2.671162741   -6.581281826
   -1.999195325    2.094395102    6.515482626   -3.173858888   -3.097903005
   -1.808795770    2.094395102    5.271503297   -9.464283021    0.619687583
   -1.618396215    2.094395102    3.248883267  -10.547511256    4.257071687
   -1.427996661    2.094395102    1.790350585   -3.343808164    7.374293768
   -1.237597106    2.094395102    2.457434468   11.262208430    9.641716270
   -1.047197551    2.094395102    6.298548635   29.094100683   11.028566957
   -0.856797996    2.094395102   13.407070176   44.684525441   11.809709000
   -0.666398442    2.094395102   22.908360776   53.611538199   12.373111746
   -0.475998887    2.094395102   33.300398046   53.966280107   12.989109928
   -0.285599332    2.094395102   42.957821219   46.167364470   13.695683076
   -0.095199777    2.094395102   50.515882710   32.368819840   14.276719853
    0.095199777    2.094395102   55.120748284   15.757261337   14.345110363
    0.285599332    2.094395102   56.590103969    0.097190983   13.473348234
    0.475998887    2.094395102   55.482788002  -10.691106274   11.346048472
    0.666398442    2.094395102   53.048484232  -13.467508736    7.943795128
    0.856797996    2.094395102   50.955488887   -7.209508382    3.654736153
    1.047197551    2.094395102   50.776879464    6.044829556   -0.816852370
    1.237597106    2.094395102   53.411315075   21.388173520   -4.703414455
    1.427996661    2.094395102   58.688918426   32.874736126   -7.497419638
    1.618396215    2.094395102   65.388326160   35.757529674   -9.154999381
    1.808795770    2.094395102   71.641090024   28.164523187  -10.057775692
    1.999195325    2.094395102   75.526154624   11.309528303  -10.772111948
    2.189594880    2.094395102   75.587196042  -11.272393382  -11.773164817
    2.379994435    2.094395102   71.162641113  -35.009052649  -13.245568644
    2.570393989    2.094395102   62.490155798  -55.105313935  -15.026499704
    2.760793544    2.094395102   50.676936945  -67.397201657  -16.700729380
    2.951193099    2.094395102   37.499394794  -69.168126225  -17.773125491

   -3.141592654    2.443460953   19.115883108  -59.943801439  -12.289058423
   -2.951193099    2.443460953    9.402917286  -41.232063798  -10.950676847
   -2.760793544    2.443460953    3.592131752  -19.988532304   -8.983943903
   -2.570393989    2.443460953    1.570283863   -2.341715068   -6.622280880
   -2.379994435    2.443460953    2.193820131    7.377141518   -3.991750611
   -2.189594880    2.443460953    3.814605361    8.305978324   -1.025766493
   -1.999195325    2.443460953    4.977158373    3.316393803    2.426290466
   -1.808795770    2.443460953    5.031531875   -2.406561896    6.375550282
   -1.618396215    2.443460953    4.354485480   -3.615378769   10.525379407
   -1.427996661    2.443460953    4.137573705    2.637960923   14.326135918
   -1.237597106    2.443460953    5.807522847   15.760334807   17.221695683
   -1.047197551    2.443460953   10.359648300   32.100642386   18.908558760
   -0.856797996    2.443460953   17.927614806   46.577631412   19.428632062
   -0.666398442    2.443460953   27.718090965   54.794174343   19.047885897
   -0.475998887    2.443460953   38.281735254   54.576085315   18.037447509
   -0.285599332    2.443460953   47.983034270   45.947029908   16.529584401
   -0.095199777    2.443460953   55.379298958   30.783053572   14.458021791
    0.095199777    2.443460953   59.504418030   12.213871774   11.638191891
    0.285599332    2.443460953   60.081147950   -5.769693932    7.904866754
    0.475998887    2.443460953   57.644973832  -18.703091319    3.277776675
    0.666398442    2.443460953   53.545236608  -22.728930585   -1.903120859
    0.856797996    2.443460953   49.682725618  -16.251524894   -6.969053150
    1.047197551    2.443460953   47.930649526   -1.199461317  -11.121778073
    1.237597106    2.443460953   49.446001585   16.983498007  -13.740581131
    1.427996661    2.443460953   54.168084643   31.372548069  -14.651950730
    1.618396215    2.443460953   60.793057881   36.275424664  -14.201950435
    1.808795770    2.443460953   67.228732820   29.340094314  -13.076107653
    1.999195325    2.443460953   71.297239115   11.898338264  -11.992134328
    2.189594880    2.443460953   71.353356610  -11.961861192  -11.434800574
    2.379994435    2.443460953   66.670644065  -36.965146702  -11.534601375
    2.570393989    2.443460953   57.548408997  -57.738769839  -12.082655597
    2.760793544    2.443460953   45.239319252  -69.814885826  -12.667406298
    2.951193099    2.443460953   31.690984555  -70.519019292  -12.840799399

   -3.141592654    2.792526803   16.098206800  -58.622238368    1.213159707
   -2.951193099    2.792526803    6.726706499  -39.007518742    3.405910097
   -2.760793544    2.792526803    1.410854273  -17.062470182    5.459122134
   -2.570393989    2.792526803    0.000000000    1.136001887    7.234543723
   -2.379994435    2.792526803    1.343923189   11.500796207    8.831347300
   -2.189594880    2.792526803    3.834925427   13.373616449   10.591918979
   -1.999195325    2.792526803    6.072245442    9.543956280   12.926023160
   -1.808795770    2.792526803    7.410236728    4.763732339   16.024734683
   -1.618396215    2.792526803    8.132367328    3.748072241   19.653209063
   -1.427996661    2.792526803    9.253837604    9.158182516   23.175130660
   -1.237597106    2.792526803   12.011249834   20.548426173   25.813200940
   -1.047197551    2.792526803   17.271933434   34.726179998   26.982059209
   -0.856797996    2.792526803   25.133010089   47.058965723   26.484732530
   -0.666398442    2.792526803   34.828674468   53.346150717   24.488488821
   -0.475998887    2.792526803   44.946565424   51.358052362   21.339610112
   -0.285599332    2.792526803   53.866133163   40.939049860   17.377570965
   -0.095199777    2.792526803   60.131116229   23.897395444   12.814829830
    0.095199777    2.792526803   62.767307962    3.489499277    7.761950578
    0.285599332    2.792526803   61.536076115  -15.936032219    2.323258708
    0.475998887    2.792526803   57.095027322  -29.406487477   -3.264623429
    0.666398442    2.792526803   51.010281181  -32.615459295   -8.548686459
    0.856797996    2.792526803   45.459426107  -23.859730006  -12.901339617
    1.047197551    2.792526803   42.565081277   -5.462481614  -15.726819672
    1.237597106    2.792526803   43.611966309   16.291405201  -16.715115236
    1.427996661    2.792526803   48.490956605   33.532988801  -15.996430338
    1.618396215    2.792526803   55.693648964   39.943677489  -14.094524231
    1.808795770    2.792526803   62.856151980   33.100356046  -11.690414445
    1.999195325    2.792526803   67.563562269   14.739931839   -9.353854138
    2.189594880    2.792526803   68.035974603  -10.440393431   -7.373337563
    2.379994435    2.792526803   63.526436068  -36.594291100   -5.748509471
    2.570393989    2.792526803   54.405822391  -57.987046967   -4.277278385
    2.760793544    2.792526803   42.043879569  -70.017116078   -2.711476532
    2.951193099    2.792526803   28.508603634  -70.106486658   -0.882775581
