#! FIELDS phi psi file.free der_phi der_psi
#! SET min_phi -pi
#! SET max_phi pi
#! SET nbins_phi  33
#! SET periodic_phi true
#! SET min_psi -pi
#! SET max_psi pi
#! SET nbins_psi  18
#! SET periodic_psi true
   -3.141592654   -3.141592654   18.905287614  -54.841047205   16.056213576
   -2.951193099   -3.141592654   10.177366172  -36.106517965   18.759701981
   -2.760793544   -3.141592654    5.311907661  -15.244041828   20.514768304
   -2.570393989   -3.141592654    4.159391118    2.111392279   21.364644788
   -2.379994435   -3.141592654    5.663989156   12.361546253   21.701130875
   -2.189594880   -3.141592654    8.387573738   15.120704513   22.152612571
   -1.999195325   -3.141592654   11.110821644   12.993021333   23.319926209
   -1.808795770   -3.141592654   13.286560793   10.068665066   25.451111400
   -1.618396215   -3.141592654   15.144612097   10.186058985   28.252201683
   -1.427996661   -3.141592654   17.491371417   15.323679935   30.948784668
   -1.237597106   -3.141592654   21.269865209   24.871589308   32.599843497
   -1.047197551   -3.141592654   27.077319342   36.005058983   32.492407819
   -0.856797996   -3.141592654   34.844032502   44.764318015   30.391633465
   -0.666398442   -3.141592654   43.767531351   47.597717255   26.548207120
   -0.475998887   -3.141592654   52.502688973   42.705277678   21.500889705
   -0.285599332   -3.141592654   59.556629489   30.132090572   15.827382301
   -0.095199777   -3.141592654   63.624229758   11.774059696    9.960712785
    0.095199777   -3.141592654   63.897228090   -9.052284134    4.169956708
    0.285599332   -3.141592654   60.317243867  -27.889887690   -1.366706267
    0.475998887   -3.141592654   53.743470519  -39.666888127   -6.422047293
    0.666398442   -3.141592654   45.952513563  -40.104950169  -10.646037868
    0.856797996   -3.141592654   39.304124663  -27.798593396  -13.612300207
    1.047197551   -3.141592654   36.017578003   -5.657626555  -14.988508086
    1.237597106   -3.141592654   37.345974879   19.312318404  -14.718090871
    1.427996661   -3.141592654   43.021322749   38.677341567  -13.072910958
    1.618396215   -3.141592654   51.303750638   45.951578054  -10.539465375
    1.808795770   -3.141592654   59.609114351   38.974985783   -7.597574224
    1.999195325   -3.141592654   65.378501859   19.991700555   -4.545469243
    2.189594880   -3.141592654   66.787748236   -5.819470537   -1.445576585
    2.379994435   -3.141592654   63.119545744  -32.319756739    1.785957917
    2.570393989   -3.141592654   54.805534378  -53.755230949    5.252954828
    2.760793544   -3.141592654   43.258327292  -65.704006855    8.939553598
    2.951193099   -3.141592654   30.543050339  -65.865810758   12.654942417

   -3.141592654   -2.792526803   26.365946599  -49.661993598   24.469834449
   -2.951193099   -2.792526803   18.426094780  -33.071921421   27.031588589
   -2.760793544   -2.792526803   13.929516747  -14.355562948   28.273873209
   -2.570393989   -2.792526803   12.787058657    1.483184044   28.425185441
   -2.379994435   -2.792526803   14.116507348   11.364934960   28.036485818
   -2.189594880   -2.792526803   16.719997437   15.058446771   27.793343536
   -1.999195325   -2.792526803   19.600088808   14.797691617   28.249006007
   -1.808795770   -2.792526803   22.311954341   13.826636093   29.555355703
   -1.618396215   -2.792526803   25.004116045   14.956228784   31.345035926
   -1.427996661   -2.792526803   28.223317780   19.404981831   32.821078189
   -1.237597106   -2.792526803   32.564451667   26.436790054   33.065343351
   -1.047197551   -2.792526803   38.321666961   33.790141794   31.418431475
   -0.856797996   -2.792526803   45.276212266   38.503165632   27.730269692
   -0.666398442   -2.792526803   52.671139311   37.996731592   22.375287961
   -0.475998887   -2.792526803   59.359699395   31.062808087   16.047283171
   -0.285599332   -2.792526803   64.114283734   17.847896633    9.472352179
   -0.095199777   -2.792526803   65.875264190    0.000836525    3.199170245
    0.095199777   -2.792526803   64.018913309  -19.541470759   -2.435918562
    0.285599332   -2.792526803   58.604849683  -36.591784943   -7.240686264
    0.475998887   -2.792526803   50.575039250  -46.194232821  -11.038482573
    0.666398442   -2.792526803   41.775070179  -44.120972199  -13.623113406
    0.856797996   -2.792526803   34.616216765  -29.119601234  -14.814581529
    1.047197551   -2.792526803   31.324647872   -4.430199875  -14.573207220
    1.237597106   -2.792526803   33.089303151   22.570368750  -13.079133601
    1.427996661   -2.792526803   39.519606283   43.235010152  -10.683681405
    1.618396215   -2.792526803   48.739696065   51.167668242   -7.761843031
    1.808795770   -2.792526803   58.072505167   44.532797389   -4.554171016
    1.999195325   -2.792526803   64.932861800   25.924192765   -1.109765273
    2.189594880   -2.792526803   67.522993434    0.679583380    2.664749425
    2.379994435   -2.792526803   65.156735441  -25.145376410    6.863857764
    2.570393989   -2.792526803   58.261148884  -46.095334973   11.462505970
    2.760793544   -2.792526803   48.179896968  -58.087745681   16.226212833
    2.951193099   -2.792526803   36.851153132  -59.070855995   20.731724103

   -3.141592654   -2.443460953   34.844849632  -44.238912580   22.756008733
   -2.951193099   -2.443460953   27.719197415  -29.988270579   24.759785701
   -2.760793544   -2.443460953   23.590630498  -13.502830664   25.557508836
   -2.570393989   -2.443460953   22.451076007    0.822431455   25.403395734
   -2.379994435   -2.443460953   23.595821801   10.272513290   24.778712097
   -2.189594880   -2.443460953   26.035314819   14.574644104   24.203475705
   -1.999195325   -2.443460953   28.931535823   15.485284291   24.032253223
   -1.808795770   -2.443460953   31.876025764   15.483221630   24.286000596
   -1.618396215   -2.443460953   34.902439024   16.595885625   24.619435201
   -1.427996661   -2.443460953   38.317983623   19.580847437   24.424194170
   -1.237597106   -2.443460953   42.442483883   23.817512326   23.072155859
   -1.047197551   -2.443460953   47.373737134   27.714991324   20.190810308
   -0.856797996   -2.443460953   52.857891405   29.272533067   15.829963377
   -0.666398442   -2.443460953   58.277887186   26.729742180   10.443517543
   -0.475998887   -2.443460953   62.741759033   19.220647723    4.699103272
   -0.285599332   -2.443460953   65.293188522    6.738738162   -0.776624941
   -0.095199777   -2.443460953   65.080186024   -9.513502576   -5.571036970
    0.095199777   -2.443460953   61.597921478  -27.063972292   -9.498653800
    0.285599332   -2.443460953   54.952051385  -41.988270480  -12.517562767
    0.475998887   -2.443460953   46.101178741  -49.405309887  -14.596325555
    0.666398442   -2.443460953   36.900652042  -45.112490469  -15.666943929
    0.856797996   -2.443460953   29.757361590  -27.983446727  -15.668517303
    1.047197551   -2.443460953   26.857727050   -1.512769381  -14.628520618
    1.237597106   -2.443460953   29.303176562   26.711364940  -12.716759899
    1.427996661   -2.443460953   36.591440912   48.027802053  -10.193295299
    1.618396215   -2.443460953   46.755589509   56.264738322   -7.299017477
    1.808795770   -2.443460953   57.084626691   49.922207113   -4.161309162
    1.999195325   -2.443460953   65.017669867   31.852093961   -0.780976211
    2.189594880   -2.443460953   68.811644542    7.424428386    2.914592659
    2.379994435   -2.443460953   67.817235786  -17.495473741    6.963355190
    2.570393989   -2.443460953   62.445483094  -37.825185808   11.288572453
    2.760793544   -2.443460953   53.948416286  -49.864728298   15.637188307
    2.951193099   -2.443460953   44.110376240  -51.813386656   19.609588195

   -3.141592654   -2.094395102   41.277160622  -40.125629762   14.409291979
   -2.951193099   -2.094395102   34.771451951  -27.613917145   15.445728732
   -2.760793544   -2.094395102   30.935578491  -12.749379548   15.739660848
   -2.570393989   -2.094395102   29.822653016    0.453072621   15.500561890
   -2.379994435   -2.094395102   30.842271371    9.429119871   14.998822989
   -2.189594880   -2.094395102   33.117704912   13.749823493   14.436809163
   -1.999195325   -2.094395102   35.869190193   14.761266304   13.866921005
   -1.808795770   -2.094395102   38.656152587   14.450349915   13.164015929
   -1.618396215   -2.094395102   41.395808465   14.472884768   12.080340831
   -1.427996661   -2.094395102   44.235133511   15.533297880   10.336981366
   -1.237597106   -2.094395102   47.363092331   17.377981537    7.750697702
   -1.047197551   -2.094395102   50.849319262   19.084051302    4.344265505
   -0.856797996   -2.094395102   54.548509037   19.361689489    0.378533495
   -0.666398442   -2.094395102   58.062854003   16.864567276   -3.718374715
   -0.475998887   -2.094395102   60.752538832   10.633936603   -7.500071083
   -0.285599332   -2.094395102   61.853643363    0.162895295  -10.662141478
   -0.095199777   -2.094395102   60.591840922  -13.975740087  -13.115092668
    0.095199777   -2.094395102   56.434598098  -29.767135642  -14.935599234
    0.285599332   -2.094395102   49.404155090  -43.380874036  -16.255138032
    0.475998887   -2.094395102   40.388635633  -49.755935208  -17.127066350
    0.666398442   -2.094395102   31.217465086  -44.437865183  -17.487536573
    0.856797996   -2.094395102   24.307135556  -26.185354606  -17.205266150
    1.047197551   -2.094395102   21.857558493    1.413310754  -16.172905682
    1.237597106   -2.094395102   24.956098953   30.607940953  -14.394304874
    1.427996661   -2.094395102   33.058868481   52.638900375  -11.988254290
    1.618396215   -2.094395102   44.150232815   61.359379633   -9.133874396
    1.808795770   -2.094395102   55.485581908   55.380261009   -6.006796366
    1.999195325   -2.094395102   64.491839303   37.665067897   -2.741151040
    2.189594880   -2.094395102   69.429866474   13.619882438    0.580467859
    2.379994435   -2.094395102   69.650536466  -10.947645928    3.891243707
    2.570393989   -2.094395102   65.544625139  -31.132823315    7.106583439
    2.760793544   -2.094395102   58.304215412  -43.451439417   10.074410583
    2.951193099   -2.094395102   49.615928804  -46.272116767   12.582916333

   -3.141592654   -1.745329252   44.149772960  -38.721355444    5.741597684
   -2.951193099   -1.745329252   37.822765078  -27.127006918    6.150633364
   -2.760793544   -1.745329252   34.006577231  -12.995142561    6.252975149
   -2.570393989   -1.745329252   32.795582854   -0.302262631    6.104385966
   -2.379994435   -1.745329252   33.633015681    8.268166778    5.708382531
   -2.189594880   -1.745329252   35.642226985   12.082153759    4.977756980
   -1.999195325   -1.745329252   38.006877816   12.311985897    3.766063310
   -1.808795770   -1.745329252   40.227748847   10.909726895    1.937980973
   -1.618396215   -1.745329252   42.172268126    9.648775542   -0.544659109
   -1.427996661   -1.745329252   43.972489741    9.479763859   -3.583146313
   -1.237597106   -1.745329252   45.858534406   10.484084006   -6.943136878
   -1.047197551   -1.745329252   48.004816807   12.048745719  -10.290115417
   -0.856797996   -1.745329252   50.419655125   13.057508250  -13.253934119
   -0.666398442   -1.745329252   52.867708565   12.081018846  -15.514334975
   -0.475998887   -1.745329252   54.827820038    7.786596441  -16.889592580
   -0.285599332   -1.745329252   55.567181834   -0.846884454  -17.409107499
   -0.095199777   -1.745329252   54.247149133  -13.690037496  -17.310849566
    0.095199777   -1.745329252   50.209759555  -28.912456029  -16.951879808
    0.285599332   -1.745329252   43.346709986  -42.540627227  -16.665898085
    0.475998887   -1.745329252   34.468318040  -49.151392243  -16.603565217
    0.666398442   -1.745329252   25.402277497  -43.882200405  -16.673668098
    0.856797996   -1.745329252   18.627706056  -25.228903273  -16.596290829
    1.047197551   -1.745329252   16.435348440    3.224212425  -16.036716720
    1.237597106   -1.745329252   19.984308672   33.540914222  -14.770021081
    1.427996661   -1.745329252   28.755070322   56.689422697  -12.765808887
    1.618396215   -1.745329252   40.705589774   66.263487475  -10.186217110
    1.808795770   -1.745329252   53.024674386   60.727922801   -7.311810640
    1.999195325   -1.745329252   63.057797579   43.032859720   -4.445077137
    2.189594880   -1.745329252   68.993814149   18.680551751   -1.815494930
    2.379994435   -1.745329252   70.133336512   -6.383578012    0.453202478
    2.570393989   -1.745329252   66.839746287  -27.182841897    2.334644148
    2.760793544   -1.745329252   60.284316252  -40.229571613    3.840614675
    2.951193099   -1.745329252   52.130538278  -43.919018397    4.979935905

   -3.141592654   -1.396263402   42.962675982  -39.256167060    2.096837556
   -2.951193099   -1.396263402   36.554498138  -27.427459327    1.677448646
   -2.760793544   -1.396263402   32.709029925  -13.021486743    1.096815725
   -2.570393989   -1.396263402   31.505609373   -0.257626736    0.394763856
   -2.379994435   -1.396263402   32.323779663    7.923659999   -0.504091731
   -2.189594880   -1.396263402   34.181724734   10.735390647   -1.802007787
   -1.999195325   -1.396263402   36.149074895    9.414153836   -3.734289211
   -1.808795770   -1.396263402   37.649325379    6.240394243   -6.426670257
   -1.618396215   -1.396263402   38.554088148    3.489283304   -9.771421271
   -1.427996661   -1.396263402   39.098944345    2.619770329  -13.412098373
   -1.237597106   -1.396263402   39.700875677    4.056571775  -16.836540547
   -1.047197551   -1.396263402   40.757616417    7.212726476  -19.524043020
   -0.856797996   -1.396263402   42.475011163   10.670175255  -21.085722365
   -0.666398442   -1.396263402   44.731709230   12.456255381  -21.356465470
   -0.475998887   -1.396263402   47.005135720   10.593579671  -20.425419851
   -0.285599332   -1.396263402   48.444039288    3.509977011  -18.623269332
   -0.095199777   -1.396263402   48.006568695   -8.988121796  -16.445452677
    0.095199777   -1.396263402   44.801106155  -25.057237281  -14.421846744
    0.285599332   -1.396263402   38.521640751  -40.350866862  -12.958313135
    0.475998887   -1.396263402   29.880773017  -48.813015255  -12.192419469
    0.666398442   -1.396263402   20.739658617  -44.875547880  -11.958297089
    0.856797996   -1.396263402   13.728749543  -26.527015445  -11.875683961
    1.047197551   -1.396263402   11.350805015    2.733489182  -11.516499877
    1.237597106   -1.396263402   14.950531630   34.634707287  -10.590244602
    1.427996661   -1.396263402   24.099823418   59.529138592   -9.034485890
    1.618396215   -1.396263402   36.724905616   70.379157182   -6.999730819
    1.808795770   -1.396263402   49.882414484   65.251999624   -4.762828565
    1.999195325   -1.396263402   60.743282575   47.063720831   -2.618950614
    2.189594880   -1.396263402   67.348297481   21.599813780   -0.788635012
    2.379994435   -1.396263402   68.919878694   -4.762283864    0.614720889
    2.570393989   -1.396263402   65.823285810  -26.678931917    1.571065957
    2.760793544   -1.396263402   59.286735099  -40.461144867    2.108321096
    2.951193099   -1.396263402   51.052644017  -44.478943612    2.268566858

   -3.141592654   -1.047197551   40.544444736  -41.903432528    2.269026407
   -2.951193099   -1.047197551   33.655506493  -29.769573426    1.022308637
   -2.760793544   -1.047197551   29.415898409  -14.804489258   -0.365151175
   -2.570393989   -1.047197551   27.922713129   -1.569468949   -1.813572004
   -2.379994435   -1.047197551   28.499871093    6.591980856   -3.397609936
   -2.189594880   -1.047197551   30.045168668    8.662272805   -5.358056929
   -1.999195325   -1.047197551   31.496662156    6.002133183   -7.966901789
   -1.808795770   -1.047197551   32.207102137    1.394146385  -11.320136013
   -1.618396215   -1.047197551   32.093180738   -2.214706325  -15.171659927
   -1.427996661   -1.047197551   31.556004787   -2.828920224  -18.943466390
   -1.237597106   -1.047197551   31.247392171    0.142191414  -21.915610486
   -1.047197551   -1.047197551   31.787869093    5.829033813  -23.487933832
   -0.856797996   -1.047197551   33.519139218   12.202621469  -23.385672207
   -0.666398442   -1.047197551   36.325894533   16.588270136  -21.721725541
   -0.475998887   -1.047197551   39.565215180   16.412910345  -18.924936652
   -0.285599332   -1.047197551   42.175598899    9.771807005  -15.609865042
   -0.095199777   -1.047197551   42.872229850   -3.531523051  -12.399659090
    0.095199777   -1.047197551   40.552369107  -21.325181075   -9.775828869
    0.285599332   -1.047197551   34.787514500  -38.676890120   -7.957812604
    0.475998887   -1.047197551   26.290918284  -48.865049081   -6.862781202
    0.666398442   -1.047197551   17.041196258  -45.802198754   -6.182008168
    0.856797996   -1.047197551    9.854566031  -27.288706789   -5.542902987
    1.047197551   -1.047197551    7.417270111    2.963121407   -4.663049184
    1.237597106   -1.047197551   11.188918110   36.208808565   -3.448122302
    1.427996661   -1.047197551   20.756894167   62.273112490   -1.978441677
    1.618396215   -1.047197551   33.972990167   73.721699070   -0.424829834
    1.808795770   -1.047197551   47.767111524   68.469611997    1.035649633
    1.999195325   -1.047197551   59.177012517   49.520859790    2.267911952
    2.189594880   -1.047197551   66.144419091   22.905244449    3.194745400
    2.379994435   -1.047197551   67.844225942   -4.718858329    3.779603093
    2.570393989   -1.047197551   64.643090576  -27.783420864    3.996506820
    2.760793544   -1.047197551   57.806122819  -42.457274819    3.820842041
    2.951193099   -1.047197551   49.135117030  -47.016215023    3.236629827

   -3.141592654   -0.698131701   39.732057190  -45.609774842    2.114146784
   -2.951193099   -0.698131701   32.131212233  -33.473653541   -0.194972105
   -2.760793544   -0.698131701   27.211983124  -18.209085322   -2.654521197
   -2.570393989   -0.698131701   25.100374011   -4.695731057   -5.049098508
   -2.379994435   -0.698131701   25.078749442    3.333785837   -7.362145355
   -2.189594880   -0.698131701   25.942872730    4.672799177   -9.803237168
   -1.999195325   -0.698131701   26.530751025    0.902262104  -12.636680661
   -1.808795770   -0.698131701   26.178806180   -4.556932446  -15.914314966
   -1.618396215   -0.698131701   24.924433011   -8.024730534  -19.286300312
   -1.427996661   -0.698131701   23.405564512   -7.090153298  -22.053729959
   -1.237597106   -0.698131701   22.535416693   -1.332036469  -23.457262475
   -1.047197551   -0.698131701   23.110374977    7.682063854  -23.028009960
   -0.856797996   -0.698131701   25.490205414   17.033088875  -20.802700634
   -0.666398442   -0.698131701   29.419390099   23.328876841  -17.291604877
   -0.475998887   -0.698131701   34.013376286   23.652424494  -13.252921552
   -0.285599332   -0.698131701   37.942402516   16.181862085   -9.422653351
   -0.095199777   -0.698131701   39.702384829    1.113609864   -6.272761492
    0.095199777   -0.698131701   38.068139372  -18.771920304   -3.913355222
    0.285599332   -0.698131701   32.611454072  -37.887970721   -2.118997393
    0.475998887   -0.698131701   24.160135088  -49.012158130   -0.495545029
    0.666398442   -0.698131701   14.874792015  -45.879906502    1.286453902
    0.856797996   -0.698131701    7.748731765  -26.491398588    3.295354234
    1.047197551   -0.698131701    5.577542770    4.953708656    5.315711041
    1.237597106   -0.698131701    9.829889510   39.183164219    6.987216372
    1.427996661   -0.698131701   20.016190435   65.679303343    8.022604719
    1.618396215   -0.698131701   33.871958168   76.933462059    8.363026408
    1.808795770   -0.698131701   48.218759029   70.994832703    8.176285913
    1.999195325   -0.698131701   60.020353215   51.079737202    7.729862958
    2.189594880   -0.698131701   67.183448889   23.397542987    7.240034645
    2.379994435   -0.698131701   68.874632650   -5.299740779    6.771946170
    2.570393989   -0.698131701   65.463331784  -29.395032165    6.214302730
    2.760793544   -0.698131701   58.227515937  -45.010565137    5.358951958
    2.951193099   -0.698131701   48.995634856  -50.315257865    4.011325768

   -3.141592654   -0.349065850   40.198535993  -50.570215524    1.778291609
   -2.951193099   -0.349065850   31.592626737  -38.951696326   -1.159473597
   -2.760793544   -0.349065850   25.630785397  -23.584213308   -4.175167492
   -2.570393989   -0.349065850   22.536401780   -9.617473351   -7.001584798
   -2.379994435   -0.349065850   21.614565661   -1.254993588   -9.592802344
   -2.189594880   -0.349065850   21.603465274   -0.001707409  -12.132845611
   -1.999195325   -0.349065850   21.268633870   -4.112964149  -14.832001189
   -1.808795770   -0.349065850   19.953298305   -9.531449730  -17.638365678
   -1.618396215   -0.349065850   17.837546838  -11.870262434  -20.078826357
   -1.427996661   -0.349065850   15.803438110   -8.441305475  -21.390436738
   -1.237597106   -0.349065850   14.993139459    0.734059986  -20.901772372
   -1.047197551   -0.349065850   16.290398663   13.097833960  -18.423630932
   -0.856797996   -0.349065850   19.938881480   24.688066802  -14.403858340
   -0.666398442   -0.349065850   25.404364238   31.512055595   -9.743660023
   -0.475998887   -0.349065850   31.472313511   30.703639142   -5.408538245
   -0.285599332   -0.349065850   36.549223818   21.085777331   -2.058348034
   -0.095199777   -0.349065850   39.023312176    3.765266833    0.182500201
    0.095199777   -0.349065850   37.734910909  -17.612097509    1.693282749
    0.285599332   -0.349065850   32.454300689  -36.981793249    3.142786059
    0.475998887   -0.349065850   24.245586546  -47.218969373    5.139835246
    0.666398442   -0.349065850   15.434255939  -42.695654501    7.909951493
    0.856797996   -0.349065850    9.028079786  -22.255864101   11.141165612
    1.047197551   -0.349065850    7.690296672    9.270884378   14.127250409
    1.237597106   -0.349065850   12.686400971   42.515589090   16.119037823
    1.427996661   -0.349065850   23.358606555   67.397273246   16.687841119
    1.618396215   -0.349065850   37.384979114   77.064674660   15.903777448
    1.808795770   -0.349065850   51.644939926   70.063316564   14.240827559
    1.999195325   -0.349065850   63.219748650   49.727761817   12.300634402
    2.189594880   -0.349065850   70.120041137   22.028422511   10.532752965
    2.379994435   -0.349065850   71.550693269   -6.709361216    9.080236637
    2.570393989   -0.349065850   67.838947929  -31.219808048    7.772597980
    2.760793544   -0.349065850   60.176410441  -47.742201951    6.282565262
    2.951193099   -0.349065850   50.313229554  -54.231375158    4.314195336

   -3.141592654    0.000000000   40.998910347  -55.389442830    1.186064732
   -2.951193099    0.000000000   31.416575761  -44.274762018   -1.538674533
   -2.760793544    0.000000000   24.437763721  -28.847872048   -4.246143717
   -2.570393989    0.000000000   20.375384389  -14.492174250   -6.716446957
   -2.379994435    0.000000000   18.559322352   -5.810050829   -8.925298902
   -2.189594880    0.000000000   17.689202866   -4.506657954  -11.027727686
   -1.999195325    0.000000000   16.495236003   -8.586279249  -13.162486029
   -1.808795770    0.000000000   14.374944415  -13.348899151  -15.195707155
   -1.618396215    0.000000000   11.687515034  -13.829607571  -16.622735250
   -1.427996661    0.000000000    9.557253170   -7.328177879  -16.748927664
   -1.237597106    0.000000000    9.296426046    5.377770328  -15.086770402
   -1.047197551    0.000000000   11.765964228   20.545255316  -11.707623141
   -0.856797996    0.000000000   16.968529017   33.230719556   -7.301580644
   -0.666398442    0.000000000   24.006052274   39.179861948   -2.883954552
   -0.475998887    0.000000000   31.331706686   36.081576226    0.664990131
   -0.285599332    0.000000000   37.180307202   23.854927515    2.963544934
   -0.095199777    0.000000000   39.989847346    4.727372783    4.268872565
    0.095199777    0.000000000   38.832253885  -16.918631777    5.307947605
    0.285599332    0.000000000   33.787318644  -34.973861431    6.933180264
    0.475998887    0.000000000   26.165352300  -43.005265933    9.698676321
    0.666398442    0.000000000   18.355576168  -36.552514834   13.553419154
    0.856797996    0.000000000   13.202496133  -15.550391782   17.788191013
    1.047197551    0.000000000   13.049668819   14.701080590   21.326687703
    1.237597106    0.000000000   18.836108040   45.217870024   23.210898630
    1.427996661    0.000000000   29.719086786   66.937954094   23.018745293
    1.618396215    0.000000000   43.402103237   74.106300073   21.004790243
    1.808795770    0.000000000   56.961329082   65.897111682   17.913891036
    1.999195325    0.000000000   67.730625872   45.611088710   14.602401112
    2.189594880    0.000000000   73.913596130   18.675200061   11.690168256
    2.379994435    0.000000000   74.783102964   -9.311774497    9.389985535
    2.570393989    0.000000000   70.606564345  -33.616575264    7.523785121
    2.760793544    0.000000000   62.449889769  -50.645341520    5.722812798
    2.951193099    0.000000000   51.945439179  -58.099835337    3.649956060

   -3.141592654    0.349065850   42.375936000  -59.096562603    0.690000493
   -2.951193099    0.349065850   32.036225153  -48.430293091   -1.095947976
   -2.760793544    0.349065850   24.258304408  -32.999680188   -2.764027829
   -2.570393989    0.349065850   19.431953017  -18.328658749   -4.244482012
   -2.379994435    0.349065850   16.917602605   -9.323172029   -5.594731434
   -2.189594880    0.349065850   15.396840824   -7.845514566   -6.950260256
   -1.999195325    0.349065850   13.585003273  -11.685670695   -8.373105076
   -1.808795770    0.349065850   10.938839376  -15.630508093   -9.681445259
   -1.618396215    0.349065850    7.971738453  -14.308973182  -10.429090442
   -1.427996661    0.349065850    5.993623880   -5.155637511  -10.092580547
   -1.237597106    0.349065850    6.411492049   10.255828326   -8.395527511
   -1.047197551    0.349065850    9.995863270   27.127333497   -5.547356112
   -0.856797996    0.349065850   16.481334298   39.821396806   -2.208776786
   -0.666398442    0.349065850   24.641978960   44.173904345    0.824642236
   -0.475998887    0.349065850   32.697316802   38.712237415    3.022666054
   -0.285599332    0.349065850   38.846178019   24.538436898    4.371934378
   -0.095199777    0.349065850   41.706030221    4.856149041    5.382804826
    0.095199777    0.349065850   40.662236377  -15.562738017    6.828710773
    0.285599332    0.349065850   36.109251563  -31.004901688    9.378183882
    0.475998887    0.349065850   29.526650768  -36.119875284   13.235229444
    0.666398442    0.349065850   23.231252240  -27.830200165   17.960695917
    0.856797996    0.349065850   19.751604167   -7.113904196   22.560773727
    1.047197551    0.349065850   20.992021786   20.548814601   25.862422013
    1.237597106    0.349065850   27.514899631   46.965627432   27.000852532
    1.427996661    0.349065850   38.318240307   64.461857363   25.761948306
    1.618396215    0.349065850   51.213123272   68.586749602   22.624545313
    1.808795770    0.349065850   63.575588988   59.165834076   18.499935777
    1.999195325    0.349065850   73.085705758   39.347407358   14.331885501
    2.189594880    0.349065850   78.203289145   13.836672072   10.764357052
    2.379994435    0.349065850   78.298843877  -12.665326572    8.013720300
    2.570393989    0.349065850   73.581178408  -36.081972180    5.922124359
    2.760793544    0.349065850   64.972894977  -53.056814200    4.167369899
    2.951193099    0.349065850   53.961133359  -61.077109830    2.461394359

   -3.141592654    0.698131701   43.810512917  -60.814189802   -0.729369648
   -2.951193099    0.698131701   33.133424348  -50.227073928   -1.207263486
   -2.760793544    0.698131701   25.009662380  -34.815230551   -1.412746566
   -2.570393989    0.698131701   19.835229899  -20.171299811   -1.477528600
   -2.379994435    0.698131701   16.959540217  -11.288058768   -1.577572500
   -2.189594880    0.698131701   15.046402871   -9.999382916   -1.867023068
   -1.999195325    0.698131701   12.816297882  -13.869104425   -2.396992240
   -1.808795770    0.698131701    9.788291335  -17.349255351   -3.045090625
   -1.618396215    0.698131701    6.592661374  -14.876653238   -3.536538065
   -1.427996661    0.698131701    4.659094354   -4.076843311   -3.563308976
   -1.237597106    0.698131701    5.437081674   12.881856112   -2.959543988
   -1.047197551    0.698131701    9.612694398   30.534367820   -1.813446457
   -0.856797996    0.698131701   16.735991273   42.938944706   -0.417223794
   -0.666398442    0.698131701   25.394926411   46.217713550    0.929811620
   -0.475998887    0.698131701   33.728498295   39.655634808    2.135509931
   -0.285599332    0.698131701   40.011683899   25.199626098    3.411241298
   -0.095199777    0.698131701   43.072896376    6.538784473    5.203864815
    0.095199777    0.698131701   42.546250513  -11.653349310    7.964685970
    0.285599332    0.698131701   38.996685379  -24.375891807   11.888720856
    0.475998887    0.698131701   33.896604576  -27.371394070   16.708702743
    0.666398442    0.698131701   29.344550866  -18.616091872   21.672865621
    0.856797996    0.698131701   27.492563899    0.394374589   25.739872697
    1.047197551    0.698131701   29.846088663   24.489659412   27.947951124
    1.237597106    0.698131701   36.702446704   46.503508488   27.788932156
    1.427996661    0.698131701   47.025760009   60.067119737   25.382940870
    1.618396215    0.698131701   58.822254914   61.745279374   21.388933976
    1.808795770    0.698131701   69.794711485   51.702366519   16.709785796
    1.999195325    0.698131701   77.947781901   32.745738583   12.167496450
    2.189594880    0.698131701   81.956569867    8.850215961    8.281263370
    2.379994435    0.698131701   81.261335918  -16.042673283    5.235710121
    2.570393989    0.698131701   76.017834297  -38.329404123    2.960626710
    2.760793544    0.698131701   67.040611603  -54.775323036    1.292736951
    2.951193099    0.698131701   55.714079331  -62.702053668    0.087441725

   -3.141592654    1.047197551   42.560494236  -61.496748954   -5.149892713
   -2.951193099    1.047197551   31.834491229  -50.066002148   -4.521393219
   -2.760793544    1.047197551   23.804154885  -34.036742430   -3.459240895
   -2.570393989    1.047197551   18.809312229  -19.122345088   -2.250572742
   -2.379994435    1.047197551   16.128816410  -10.336352564   -1.153668009
   -2.189594880    1.047197551   14.364718473   -9.416348550   -0.334187535
   -1.999195325    1.047197551   12.201810753  -13.743061550    0.135548213
   -1.808795770    1.047197551    9.161293973  -17.576878302    0.262101564
   -1.618396215    1.047197551    5.906448575  -15.230749943    0.104394288
   -1.427996661    1.047197551    3.912045877   -4.334177961   -0.233481622
   -1.237597106    1.047197551    4.659941473   12.818815592   -0.610857107
   -1.047197551    1.047197551    8.841601621   30.642994312   -0.868567727
   -0.856797996    1.047197551   16.000338448   43.207521752   -0.835911778
   -0.666398442    1.047197551   24.738551961   46.835826305   -0.330772904
   -0.475998887    1.047197551   33.260845648   41.123551596    0.848800140
   -0.285599332    1.047197551   39.959813733   28.222013548    2.914386470
   -0.095199777    1.047197551   43.795445455   11.724530244    6.032114832
    0.095199777    1.047197551   44.478821206   -4.159277745   10.203106100
    0.285599332    1.047197551   42.534114325  -15.184635379   15.144040780
    0.475998887    1.047197551   39.240339042  -17.876271711   20.216639190
    0.666398442    1.047197551   36.378070071  -10.682787971   24.519125492
    0.856797996    1.047197551   35.745961531    5.028732880   27.142192032
    1.047197551    1.047197551   38.582972097   24.861316994   27.486346845
    1.237597106    1.047197551   45.106513229   42.755089073   25.495708106
    1.427996661    1.047197551   54.406912340   53.317486560   21.654980626
    1.618396215    1.047197551   64.758164512   53.580776091   16.772120439
    1.808795770    1.047197551   74.160380542   43.578999286   11.668749465
    1.999195325    1.047197551   80.850437350   25.599819177    6.955205200
    2.189594880    1.047197551   83.623992356    3.039541233    2.945705710
    2.379994435    1.047197551   81.947022093  -20.575780666   -0.262672248
    2.570393989    1.047197551   75.946499795  -41.780278371   -2.675450989
    2.760793544    1.047197551   66.402506542  -57.286725999   -4.297081611
    2.951193099    1.047197551   54.682737156  -64.301741045   -5.116503105

   -3.141592654    1.396263402   37.718733078  -61.012842653  -10.286896694
   -2.951193099    1.396263402   27.276613517  -47.634044822   -9.266890747
   -2.760793544    1.396263402   19.846257291  -30.291433999   -7.683578098
   -2.570393989    1.396263402   15.624847238  -14.880154673   -5.868671291
   -2.379994435    1.396263402   13.738658500   -6.337914896   -4.075077021
   -2.189594880    1.396263402   12.668597849   -6.195671817   -2.420415366
   -1.999195325    1.396263402   11.017966169  -11.623506400   -0.955774287
   -1.808795770    1.396263402    8.261520176  -16.732905057    0.241688121
   -1.618396215    1.396263402    5.043550343  -15.677776140    1.032386705
   -1.427996661    1.396263402    2.856779648   -5.852423749    1.304034691
   -1.237597106    1.396263402    3.253725850   10.748572534    1.106011496
   -1.047197551    1.396263402    7.051394383   28.813311785    0.710247053
   -0.856797996    1.396263402   13.956560443   42.512790400    0.555213720
   -0.666398442    1.396263402   22.734810911   48.054447150    1.086776921
   -0.475998887    1.396263402   31.713967195   44.753106320    2.615903383
   -0.285599332    1.396263402   39.344071677   34.352035294    5.253100072
   -0.095199777    1.396263402   44.558354019   19.966736260    8.887004943
    0.095199777    1.396263402   46.944148535    5.288940143   13.173873728
    0.285599332    1.396263402   46.806017276   -5.921448293   17.541291270
    0.475998887    1.396263402   45.128554168  -10.439646209   21.228467435
    0.666398442    1.396263402   43.388073966   -6.530628342   23.454267334
    0.856797996    1.396263402   43.163550882    5.106979873   23.678131943
    1.047197551    1.396263402   45.634755556   21.052710531   21.805159478
    1.237597106    1.396263402   51.141423849   36.104325264   18.238215004
    1.427996661    1.396263402   59.018105320   45.247877495   13.700434235
    1.618396215    1.396263402   67.800370938   45.329022582    8.939843422
    1.808795770    1.396263402   75.674572275   35.846597501    4.479103229
    1.999195325    1.396263402   80.958782553   18.554859608    0.548096377
    2.189594880    1.396263402   82.449829677   -3.402565184   -2.841007296
    2.379994435    1.396263402   79.600404091  -26.428449424   -5.722389007
    2.570393989    1.396263402   72.560712800  -46.770606454   -8.055371754
    2.760793544    1.396263402   62.188455230  -60.890481460   -9.695055851
    2.951193099    1.396263402   49.956564516  -65.982681014  -10.467110090

   -3.141592654    1.745329252   31.645280071  -60.047912621  -15.949555190
   -2.951193099    1.745329252   21.573161418  -44.810424894  -15.045980145
   -2.760793544    1.745329252   14.800687254  -26.342901039  -13.306710232
   -2.570393989    1.745329252   11.375879625  -10.578706078  -11.030308947
   -2.379994435    1.745329252   10.296958641   -2.224650005   -8.462401478
   -2.189594880    1.745329252    9.967672330   -2.568654280   -5.716517034
   -1.999195325    1.745329252    8.943701128   -8.713258812   -2.858106751
   -1.808795770    1.745329252    6.648893396  -14.857304892   -0.036267005
   -1.618396215    1.745329252    3.665566801  -15.125813707    2.451533571
   -1.427996661    1.745329252    1.457856991   -6.580096646    4.278779479
   -1.237597106    1.745329252    1.639845247    9.354151192    5.304260979
   -1.047197551    1.745329252    5.195150539   27.858137268    5.707194648
   -0.856797996    1.745329252   12.056064953   43.170302468    5.944311389
   -0.666398442    1.745329252   21.179959301   51.094787870    6.531551675
   -0.475998887    1.745329252   30.979235709   50.286769508    7.815590272
   -0.285599332    1.745329252   39.860140395   41.817755096    9.865100388
   -0.095199777    1.745329252   46.599176324   28.303964636   12.453173196
    0.095199777    1.745329252   50.548522357   13.131724718   15.114746031
    0.285599332    1.745329252   51.740217443   -0.037813884   17.240060205
    0.475998887    1.745329252   50.895305476   -7.750137195   18.196531263
    0.666398442    1.745329252   49.307006499   -7.639881211   17.530712831
    0.856797996    1.745329252   48.525004629    0.495865445   15.175376491
    1.047197551    1.745329252   49.871976521   14.094969805   11.506286235
    1.237597106    1.745329252   53.953527726   28.339951143    7.219597223
    1.427996661    1.745329252   60.381738546   37.954901770    3.041671212
    1.618396215    1.745329252   67.872407042   39.075532621   -0.560447437
    1.808795770    1.745329252   74.646906902   30.478815972   -3.502894969
    1.999195325    1.745329252   78.952506186   13.550414918   -5.988686829
    2.189594880    1.745329252   79.489360985   -8.454196867   -8.306310608
    2.379994435    1.745329252   75.671239520  -31.495460980  -10.615370915
    2.570393989    1.745329252   67.704109186  -51.321962647  -12.839790237
    2.760793544    1.745329252   56.576782238  -64.126109984  -14.696306761
    2.951193099    1.745329252   43.908794536  -67.222723833  -15.822500208

   -3.141592654    2.094395102   25.012145373  -60.061013291  -17.815672443
   -2.951193099    2.094395102   15.118441582  -42.974741060  -16.843415474
   -2.760793544    2.094395102    8.841468744  -23.069197446  -14.981923100
   -2.570393989    2.094395102    6.135644240   -6.384854343  -12.521526545
   -2.379994435    2.094395102    5.914641790    2.558998074   -9.685336891
   -2.189594880    2.094395102    6.542403363    2.683024599   -6.533117309
   -1.999195325    2.094395102    6.553879466   -3.133056052   -3.052677822
   -1.808795770    2.094395102    5.321986130   -9.376685321    0.663000583
   -1.618396215    2.094395102    3.320353063  -10.417421095    4.300022565
   -1.427996661    2.094395102    1.888738513   -3.199342816    7.419441582
   -1.237597106    2.094395102    2.581782432   11.383513169    9.691954498
   -1.047197551    2.094395102    6.440890783   29.157579473   11.086043457
   -0.856797996    2.094395102   13.554555402   44.674715882   11.873939816
   -0.666398442    2.094395102   23.047467739   53.535673775   12.440711902
   -0.475998887    2.094395102   33.420328339   53.844043140   13.055957288
   -0.285599332    2.094395102   43.051431398   46.013831588   13.760611078
   -0.095199777    2.094395102   50.576935288   32.176548856   14.344861069
    0.095199777    2.094395102   55.139053070   15.492764559   14.428751175
    0.285599332    2.094395102   56.547772320   -0.282214558   13.589486967
    0.475998887    2.094395102   55.355344654  -11.205260972   11.511652104
    0.666398442    2.094395102   52.812661561  -14.080731165    8.170030881
    0.856797996    2.094395102   50.601095849   -7.820140543    3.941879418
    1.047197551    2.094395102   50.317665167    5.578714711   -0.482612100
    1.237597106    2.094395102   52.887702600   21.194625098   -4.348841817
    1.427996661    2.094395102   58.159625892   33.009514931   -7.156348573
    1.618396215    2.094395102   64.913026053   36.173673721   -8.859035555
    1.808795770    2.094395102   71.261692009   28.728871179   -9.827752158
    1.999195325    2.094395102   75.255490681   11.860999917  -10.613174337
    2.189594880    2.094395102   75.410340810  -10.851798406  -11.675325522
    2.379994435    2.094395102   71.049954626  -34.754055216  -13.188787087
    2.570393989    2.094395102   62.413257869  -54.973530524  -14.988174993
    2.760793544    2.094395102   50.619363723  -67.314183877  -16.662636267
    2.951193099    2.094395102   37.457674982  -69.079580844  -17.726000787

   -3.141592654    2.443460953   19.100654252  -59.830029490  -12.334985230
   -2.951193099    2.443460953    9.409332578  -41.125564749  -11.002860780
   -2.760793544    2.443460953    3.616077592  -19.916679551   -9.041029018
   -2.570393989    2.443460953    1.603755097   -2.313242069   -6.683643558
   -2.379994435    2.443460953    2.229548207    7.373792291   -4.056913462
   -2.189594880    2.443460953    3.849154081    8.302616388   -1.093535405
   -1.999195325    2.443460953    5.013724291    3.346132120    2.358360603
   -1.808795770    2.443460953    5.078774089   -2.322227804    6.311950168
   -1.618396215    2.443460953    4.423005948   -3.478806823   10.472304804
   -1.427996661    2.443460953    4.235160530    2.797995967   14.290061779
   -1.237597106    2.443460953    5.934665177   15.903160761   17.207030198
   -1.047197551    2.443460953   10.508997064   32.185709241   18.915507550
   -0.856797996    2.443460953   18.085676184   46.582562421   19.451799046
   -0.666398442    2.443460953   27.869512794   54.721434067   19.076919225
   -0.475998887    2.443460953   38.413476679   54.446174246   18.060239188
   -0.285599332    2.443460953   48.086572971   45.783416996   16.537155251
   -0.095199777    2.443460953   55.449228235   30.592452466   14.449403918
    0.095199777    2.443460953   59.534224905   11.977487396   11.623077790
    0.285599332    2.443460953   60.058986801   -6.085411922    7.902465508
    0.475998887    2.443460953   57.553235620  -19.119103363    3.312024592
    0.666398442    2.443460953   53.366143644  -23.222556582   -1.810700496
    0.856797996    2.443460953   49.408050699  -16.744856146   -6.806559905
    1.047197551    2.443460953   47.571035463   -1.578577629  -10.892367140
    1.237597106    2.443460953   49.033765964   16.823687816  -13.463220283
    1.427996661    2.443460953   53.750649421   31.478612252  -14.357096168
    1.618396215    2.443460953   60.418695577   36.608258280  -13.923322072
    1.808795770    2.443460953   66.930863598   29.788294489  -12.842081758
    1.999195325    2.443460953   71.085036805   12.328276647  -11.819535726
    2.189594880    2.443460953   71.213287108  -11.644093851  -11.326913109
    2.379994435    2.443460953   66.578180126  -36.779989997  -11.483576467
    2.570393989    2.443460953   57.481820620  -57.641673213  -12.074478530
    2.760793544    2.443460953   45.188177533  -69.739978952  -12.687234743
    2.951193099    2.443460953   31.655664064  -70.425102659  -12.877123732

   -3.141592654    2.792526803   16.054985503  -58.528416103    1.141365701
   -2.951193099    2.792526803    6.702208369  -38.912227727    3.317905436
   -2.760793544    2.792526803    1.402250879  -16.996868994    5.358248853
   -2.570393989    2.792526803    0.000000000    1.160685222    7.122493164
   -2.379994435    2.792526803    1.345543651   11.494779533    8.708388162
   -2.189594880    2.792526803    3.834933570   13.368651824   10.458508651
   -1.999195325    2.792526803    6.074271313    9.576122370   12.784549261
   -1.808795770    2.792526803    7.424197553    4.859780025   15.881602106
   -1.618396215    2.792526803    8.171120912    3.910482512   19.518648222
   -1.427996661    2.792526803    9.328063449    9.359442201   23.060622078
   -1.237597106    2.792526803   12.124063761   20.743704577   25.727464149
   -1.047197551    2.792526803   17.417293722   34.865371038   26.927364455
   -0.856797996    2.792526803   25.296567162   47.107224128   26.455244072
   -0.666398442    2.792526803   34.991883672   53.294643405   24.471283907
   -0.475998887    2.792526803   45.091548028   51.221922635   21.318395651
   -0.285599332    2.792526803   53.979372434   40.745932600   17.338195270
   -0.095199777    2.792526803   60.203986091   23.668433515   12.751024683
    0.095199777    2.792526803   62.793529025    3.226652019    7.679567550
    0.285599332    2.792526803   61.508080874  -16.246040637    2.240775912
    0.475998887    2.792526803   57.002679312  -29.772621810   -3.320084094
    0.666398442    2.792526803   50.844265700  -33.016822238   -8.548985101
    0.856797996    2.792526803   45.218164524  -24.235705144  -12.826198156
    1.047197551    2.792526803   42.261456886   -5.726847505  -15.571309353
    1.237597106    2.792526803   43.274969967   16.214579275  -16.492213401
    1.427996661    2.792526803   48.159779733   33.669530298  -15.733859174
    1.618396215    2.792526803   55.405722112   40.248236623  -13.827013887
    1.808795770    2.792526803   62.634355808   33.470617798  -11.450580275
    1.999195325    2.792526803   67.409368957   15.062057090   -9.164890262
    2.189594880    2.792526803   67.932369339  -10.237378184   -7.245492829
    2.379994435    2.792526803   63.449513809  -36.511677226   -5.680313673
    2.570393989    2.792526803   54.337350862  -57.969299560   -4.259747564
    2.760793544    2.792526803   41.978144221  -69.996806729   -2.733037602
    2.951193099    2.792526803   28.450360666  -70.046754792   -0.933183625
