#! FIELDS phi psi file.free der_phi der_psi
#! SET min_phi -pi
#! SET max_phi pi
#! SET nbins_phi  33
#! SET periodic_phi true
#! SET min_psi -pi
#! SET max_psi pi
#! SET nbins_psi  18
#! SET periodic_psi true
   -3.141592654   -3.141592654   18.108407800  -53.498088462   16.954043648
   -2.951193099   -3.141592654    9.654747997  -34.668063611   19.517182792
   -2.760793544   -3.141592654    5.031678301  -14.222559850   21.116309890
   -2.570393989   -3.141592654    4.007265088    2.393093032   21.856817277
   -2.379994435   -3.141592654    5.491398423   11.864451972   22.169095258
   -2.189594880   -3.141592654    8.062508448   14.059163496   22.691924932
   -1.999195325   -3.141592654   10.557741257   11.706470654   24.022467160
   -1.808795770   -3.141592654   12.498653530    8.943746280   26.409305759
   -1.618396215   -3.141592654   14.187059237    9.572012175   29.566482482
   -1.427996661   -3.141592654   16.490624758   15.514219918   32.721065043
   -1.237597106   -3.141592654   20.399717484   26.059176341   34.903963941
   -1.047197551   -3.141592654   26.535136399   38.243245829   35.331464608
   -0.856797996   -3.141592654   34.818650823   47.899529846   33.657524429
   -0.666398442   -3.141592654   44.396598390   51.245153795   30.004199490
   -0.475998887   -3.141592654   53.830068908   46.274849629   24.804786180
   -0.285599332   -3.141592654   61.503168969   32.945399817   18.599484258
   -0.095199777   -3.141592654   65.986995567   13.241840690   11.888842627
    0.095199777   -3.141592654   66.385845577   -9.227419063    5.114698134
    0.285599332   -3.141592654   62.621736229  -29.611559006   -1.312080939
    0.475998887   -3.141592654   55.608518226  -42.469993337   -6.951296003
    0.666398442   -3.141592654   47.233390985  -43.336219533  -11.339911719
    0.856797996   -3.141592654   39.982305682  -30.816638751  -14.078127409
    1.047197551   -3.141592654   36.180882934   -8.007116882  -14.980703505
    1.237597106   -3.141592654   37.144330489   17.824589722  -14.190939934
    1.427996661   -3.141592654   42.615722912   37.976120579  -12.152414446
    1.618396215   -3.141592654   50.818314837   45.743685429   -9.436657324
    1.808795770   -3.141592654   59.099415232   38.847662149   -6.507036616
    1.999195325   -3.141592654   64.823744598   19.596468733   -3.570150652
    2.189594880   -3.141592654   66.120947294   -6.597833599   -0.580047143
    2.379994435   -3.141592654   62.282677440  -33.274276816    2.618529918
    2.570393989   -3.141592654   53.804071585  -54.456211424    6.131187049
    2.760793544   -3.141592654   42.182418632  -65.742490343    9.886093240
    2.951193099   -3.141592654   29.537843221  -65.099244890   13.620930521

   -3.141592654   -2.792526803   25.902370038  -48.864842666   25.737437193
   -2.951193099   -2.792526803   18.131474208  -32.169931217   28.080082596
   -2.760793544   -2.792526803   13.786523354  -13.732519649   29.136952133
   -2.570393989   -2.792526803   12.716052517    1.580553440   29.198951512
   -2.379994435   -2.792526803   14.011484160   10.909286600   28.842217799
   -2.189594880   -2.792526803   16.490258886   14.244544351   28.746531419
   -1.999195325   -2.792526803   19.208280686   13.957712193   29.447172734
   -1.808795770   -2.792526803   21.790402780   13.362430062   31.083655362
   -1.618396215   -2.792526803   24.459881212   15.223577480   33.278119820
   -1.427996661   -2.792526803   27.820893532   20.642522402   35.207249653
   -1.237597106   -2.792526803   32.496354046   28.685185981   35.893996258
   -1.047197551   -2.792526803   38.766321344   36.864298513   34.587375862
   -0.856797996   -2.792526803   46.353851506   41.978828186   31.031992366
   -0.666398442   -2.792526803   54.402834844   41.272866921   25.514530384
   -0.475998887   -2.792526803   61.644272024   33.479376740   18.693139968
   -0.285599332   -2.792526803   66.733582978   18.868936843   11.335778916
   -0.095199777   -2.792526803   68.535356217   -0.609060663    4.121823739
    0.095199777   -2.792526803   66.419879605  -21.599755586   -2.415389355
    0.285599332   -2.792526803   60.518501634  -39.551229819   -7.876312750
    0.475998887   -2.792526803   51.897990682  -49.327137368  -11.938908044
    0.666398442   -2.792526803   42.538668797  -46.787942222  -14.370686794
    0.856797996   -2.792526803   34.950001921  -30.945663988  -15.091055945
    1.047197551   -2.792526803   31.398837965   -5.357735816  -14.240031604
    1.237597106   -2.792526803   33.060249147   22.357975245  -12.182306848
    1.427996661   -2.792526803   39.495065414   43.426485173   -9.393198027
    1.618396215   -2.792526803   48.763274853   51.418842633   -6.280645157
    1.808795770   -2.792526803   58.124937109   44.533114867   -3.038528754
    1.999195325   -2.792526803   64.946002125   25.490407909    0.373095923
    2.189594880   -2.792526803   67.412212157   -0.169392081    4.126212374
    2.379994435   -2.792526803   64.863284453  -26.166121719    8.348626653
    2.570393989   -2.792526803   57.787106207  -46.914761390   12.990046726
    2.760793544   -2.792526803   47.597096451  -58.382888295   17.756966139
    2.951193099   -2.792526803   36.273690576  -58.733998291   22.176751228

   -3.141592654   -2.443460953   34.742212058  -43.905376274   23.405674982
   -2.951193099   -2.443460953   27.700620225  -29.489348940   25.265252937
   -2.760793544   -2.443460953   23.663089635  -13.096713721   25.989376514
   -2.570393989   -2.443460953   22.577211021    0.946771606   25.868798061
   -2.379994435   -2.443460953   23.715394722   10.073113849   25.383743636
   -2.189594880   -2.443460953   26.096687855   14.194953518   25.028973886
   -1.999195325   -2.443460953   28.926576978   15.211109021   25.127811670
   -1.808795770   -2.443460953   31.858754085   15.681099577   25.678409541
   -1.618396215   -2.443460953   34.993952467   17.571114711   26.315531649
   -1.427996661   -2.443460953   38.682815850   21.471067574   26.397942144
   -1.237597106   -2.443460953   43.248401586   26.506355401   25.242410727
   -1.047197551   -2.443460953   48.741698553   30.838042153   22.406454432
   -0.856797996   -2.443460953   54.819289392   32.267280157   17.877186973
   -0.666398442   -2.443460953   60.747412829   28.958856095   12.080435037
   -0.475998887   -2.443460953   65.518249771   20.130387905    5.710906532
   -0.285599332   -2.443460953   68.092756387    6.045717672   -0.515656408
   -0.095199777   -2.443460953   67.601959690  -11.692690039   -6.043456869
    0.095199777   -2.443460953   63.604371105  -30.190704409  -10.523449028
    0.285599332   -2.443460953   56.335880339  -45.275393747  -13.782875303
    0.475998887   -2.443460953   46.906718383  -52.094907775  -15.743924560
    0.666398442   -2.443460953   37.291110386  -46.754188035  -16.401272231
    0.856797996   -2.443460953   29.942850527  -28.531745836  -15.839841719
    1.047197551   -2.443460953   27.023560712   -1.245190811  -14.254422359
    1.237597106   -2.443460953   29.566070987   27.385507735  -11.938020264
    1.427996661   -2.443460953   36.991599431   48.730790140   -9.195564105
    1.618396215   -2.443460953   47.270339651   56.723035196   -6.239515544
    1.808795770   -2.443460953   57.649458161   49.965248388   -3.129210234
    1.999195325   -2.443460953   65.546304013   31.424802457    0.205513536
    2.189594880   -2.443460953   69.219861441    6.608012602    3.878372784
    2.379994435   -2.443460953   68.050144510  -18.484466720    7.930101879
    2.570393989   -2.443460953   62.497445325  -38.698231642   12.252836675
    2.760793544   -2.443460953   53.866917050  -50.375744833   16.553636750
    2.951193099   -2.443460953   43.976553676  -51.860015537   20.414372138

   -3.141592654   -2.094395102   41.144175980  -39.941676252   14.193086723
   -2.951193099   -2.094395102   34.705923849  -27.127456180   15.245437959
   -2.760793544   -2.094395102   30.975900253  -12.171456087   15.636972673
   -2.570393989   -2.094395102   29.966527369    0.922129144   15.571508528
   -2.379994435   -2.094395102   31.057148359    9.689037945   15.287031867
   -2.189594880   -2.094395102   33.366816230   13.870960690   14.945188629
   -1.999195325   -2.094395102   36.146476729   14.971694896   14.564086155
   -1.808795770   -2.094395102   39.008413010   15.074372749   13.998549833
   -1.618396215   -2.094395102   41.928736943   15.766662583   12.988729264
   -1.427996661   -2.094395102   45.086011125   17.559026886   11.238547930
   -1.237597106   -2.094395102   48.655881768   19.924483981    8.539593568
   -1.047197551   -2.094395102   52.644118695   21.709443619    4.891167655
   -0.856797996   -2.094395102   56.806603082   21.491692878    0.549218632
   -0.666398442   -2.094395102   60.635245345   17.944288119   -4.027919659
   -0.475998887   -2.094395102   63.399569265   10.288655342   -8.324870964
   -0.285599332   -2.094395102   64.294059416   -1.643430233  -11.939031363
   -0.095199777   -2.094395102   62.576683800  -16.868648428  -14.674744742
    0.095199777   -2.094395102   57.822191924  -33.019474804  -16.527888071
    0.285599332   -2.094395102   50.205770906  -46.164967804  -17.610770277
    0.475998887   -2.094395102   40.757566765  -51.457307260  -18.037318585
    0.666398442   -2.094395102   31.383853117  -44.888981927  -17.871767434
    0.856797996   -2.094395102   24.489005359  -25.656183335  -17.128877456
    1.047197551   -2.094395102   22.194863734    2.418771656  -15.805507033
    1.237597106   -2.094395102   25.491428585   31.607610077  -13.930552405
    1.427996661   -2.094395102   33.758814279   53.324445801  -11.575551367
    1.618396215   -2.094395102   44.940117736   61.601287615   -8.839078736
    1.808795770   -2.094395102   56.276964167   55.150680564   -5.828122214
    1.999195325   -2.094395102   65.197467623   36.997997909   -2.643135655
    2.189594880   -2.094395102   69.975211893   12.622564821    0.629956298
    2.379994435   -2.094395102   69.990087689  -12.085115432    3.903608443
    2.570393989   -2.094395102   65.674677225  -32.166325960    7.071599329
    2.760793544   -2.094395102   58.266993006  -44.158231062    9.973885796
    2.951193099   -2.094395102   49.487205410  -46.526225833   12.411886277

   -3.141592654   -1.745329252   43.741584078  -38.251152180    5.090590079
   -2.951193099   -1.745329252   37.549829561  -26.221140045    5.690293074
   -2.760793544   -1.745329252   33.927642005  -11.922490517    6.030781411
   -2.570393989   -1.745329252   32.915539746    0.658804585    6.129117059
   -2.379994435   -1.745329252   33.911151348    8.941271180    5.939625730
   -2.189594880   -1.745329252   36.020970036   12.480601414    5.334663257
   -1.999195325   -1.745329252   38.450848804   12.630513083    4.145627619
   -1.808795770   -1.745329252   40.749407617   11.451130043    2.235711082
   -1.618396215   -1.745329252   42.838806385   10.643428245   -0.421318738
   -1.427996661   -1.745329252   44.877254448   10.962098478   -3.712326510
   -1.237597106   -1.745329252   47.077794055   12.237822949   -7.389040886
   -1.047197551   -1.745329252   49.554927066   13.682510703  -11.098824865
   -0.856797996   -1.745329252   52.235002517   14.125883936  -14.442210954
   -0.666398442   -1.745329252   54.803371256   12.219610458  -17.050538396
   -0.475998887   -1.745329252   56.687115412    6.829072753  -18.676752736
   -0.285599332   -1.745329252   57.148414643   -2.769801844  -19.280189471
   -0.095199777   -1.745329252   55.404324227  -16.133154344  -19.046862744
    0.095199777   -1.745329252   50.905512670  -31.210013132  -18.328474236
    0.285599332   -1.745329252   43.671485983  -44.063031611  -17.521599620
    0.475998887   -1.745329252   34.606891507  -49.577484273  -16.901556772
    0.666398442   -1.745329252   25.558464992  -43.339885362  -16.526399349
    0.856797996   -1.745329252   18.945077075  -24.181135832  -16.230631971
    1.047197551   -1.745329252   16.958433174    4.251462179  -15.710697875
    1.237597106   -1.745329252   20.671923729   34.198783008  -14.681057047
    1.427996661   -1.745329252   29.523827587   56.872724851  -12.996574257
    1.618396215   -1.745329252   41.467782866   66.013517248  -10.707940348
    1.808795770   -1.745329252   53.702886193   60.097243572   -8.032978771
    1.999195325   -1.745329252   63.582960547   42.053797212   -5.268682935
    2.189594880   -1.745329252   69.305579328   17.431634054   -2.676718741
    2.379994435   -1.745329252   70.196097210   -7.723799333   -0.415949791
    2.570393989   -1.745329252   66.660682491  -28.348396503    1.470391035
    2.760793544   -1.745329252   59.922790767  -40.956247815    3.000419501
    2.951193099   -1.745329252   51.687292613  -44.045490749    4.204225065

   -3.141592654   -1.396263402   42.211732031  -38.211050509    1.695462413
   -2.951193099   -1.396263402   36.053278575  -25.907434537    1.543855781
   -2.760793544   -1.396263402   32.515693470  -11.382755628    1.241789765
   -2.570393989   -1.396263402   31.607421052    1.133359950    0.779043445
   -2.379994435   -1.396263402   32.647193799    8.823894165    0.031068330
   -2.189594880   -1.396263402   34.626478512   11.120929886   -1.237962459
   -1.999195325   -1.396263402   36.632638163    9.467456631   -3.275473652
   -1.808795770   -1.396263402   38.136517315    6.271780590   -6.196166551
   -1.618396215   -1.396263402   39.067648734    3.753957269   -9.864817026
   -1.427996661   -1.396263402   39.694933333    3.205637349  -13.889608379
   -1.237597106   -1.396263402   40.432076067    4.842267455  -17.720402710
   -1.047197551   -1.396263402   41.639049519    7.941678204  -20.795632225
   -0.856797996   -1.396263402   43.468206477   11.058357275  -22.680561239
   -0.666398442   -1.396263402   45.749473778   12.292625620  -23.155464776
   -0.475998887   -1.396263402   47.934094353    9.820451353  -22.252126803
   -0.285599332   -1.396263402   49.179268386    2.284826202  -20.257946215
   -0.095199777   -1.396263402   48.493662558  -10.304767238  -17.664831340
    0.095199777   -1.396263402   45.066508683  -26.007071826  -15.059631752
    0.285599332   -1.396263402   38.670138963  -40.605966426  -12.967265319
    0.475998887   -1.396263402   30.051064231  -48.369561418  -11.675668901
    0.666398442   -1.396263402   21.036516882  -44.081550963  -11.148638926
    0.856797996   -1.396263402   14.171574181  -25.878147510  -11.062933368
    1.047197551   -1.396263402   11.873746649    2.883565603  -10.952574951
    1.237597106   -1.396263402   15.448990683   34.237226850  -10.415620700
    1.427996661   -1.396263402   24.486095651   58.777825327   -9.258809324
    1.618396215   -1.396263402   36.954153390   69.498888696   -7.537075017
    1.808795770   -1.396263402   49.940128801   64.324376458   -5.494749958
    1.999195325   -1.396263402   60.617192807   46.038640006   -3.446985230
    2.189594880   -1.396263402   67.015335008   20.448538684   -1.654150491
    2.379994435   -1.396263402   68.364557080   -5.926515967   -0.255737562
    2.570393989   -1.396263402   65.066339525  -27.595055238    0.728305320
    2.760793544   -1.396263402   58.403912163  -40.836236039    1.343664590
    2.951193099   -1.396263402   50.166411186  -44.132743847    1.650432077

   -3.141592654   -1.047197551   39.469284534  -40.222756570    2.591051833
   -2.951193099   -1.047197551   32.951905752  -27.623528684    1.503671829
   -2.760793544   -1.047197551   29.130258293  -12.652746061    0.278914968
   -2.570393989   -1.047197551   28.011971977    0.132494318   -1.039645309
   -2.379994435   -1.047197551   28.845938254    7.544240976   -2.568181949
   -2.189594880   -1.047197551   30.496054015    8.822003275   -4.577437171
   -1.999195325   -1.047197551   31.918225348    5.572184315   -7.349172231
   -1.808795770   -1.047197551   32.520049246    0.741894257  -10.965782124
   -1.618396215   -1.047197551   32.290222083   -2.745279993  -15.151731154
   -1.427996661   -1.047197551   31.682406542   -3.037869686  -19.290578526
   -1.237597106   -1.047197551   31.367472126    0.255563997  -22.620657783
   -1.047197551   -1.047197551   31.951021792    6.122015261  -24.498340081
   -0.856797996   -1.047197551   33.741373284   12.487131259  -24.603008916
   -0.666398442   -1.047197551   36.590037693   16.718251087  -23.000269014
   -0.475998887   -1.047197551   39.836147031   16.348751000  -20.079299968
   -0.285599332   -1.047197551   42.423514634    9.614264727  -16.440747524
   -0.095199777   -1.047197551   43.098021197   -3.575419362  -12.741479895
    0.095199777   -1.047197551   40.799213350  -21.044534562   -9.553307191
    0.285599332   -1.047197551   35.124709841  -38.030978335   -7.227952297
    0.475998887   -1.047197551   26.770624836  -48.083071763   -5.815329399
    0.666398442   -1.047197551   17.650308413  -45.315786031   -5.089905166
    0.856797996   -1.047197551   10.496575648  -27.488251755   -4.677377160
    1.047197551   -1.047197551    7.945897350    1.978333628   -4.208333835
    1.237597106   -1.047197551   11.473775484   34.688669536   -3.451639718
    1.427996661   -1.047197551   20.736252521   60.640054613   -2.355452826
    1.618396215   -1.047197551   33.658894612   72.291822061   -1.009134149
    1.808795770   -1.047197551   47.206232290   67.286047217    0.421433216
    1.999195325   -1.047197551   58.403754732   48.433381972    1.754977347
    2.189594880   -1.047197551   65.163953749   21.803290511    2.844186892
    2.379994435   -1.047197551   66.659200971   -5.743429282    3.593329674
    2.570393989   -1.047197551   63.293559048  -28.441898973    3.948884754
    2.760793544   -1.047197551   56.393534183  -42.425242381    3.890117279
    2.951193099   -1.047197551   47.810647272  -46.120117003    3.422633502

   -3.141592654   -0.698131701   38.650904847  -43.791833235    2.846847643
   -2.951193099   -0.698131701   31.450414603  -31.166800410    0.515769093
   -2.760793544   -0.698131701   26.979173618  -15.912624480   -1.951168808
   -2.570393989   -0.698131701   25.263101536   -2.934849874   -4.361469343
   -2.379994435   -0.698131701   25.495942011    4.192759024   -6.730876025
   -2.189594880   -0.698131701   26.429636878    4.553141058   -9.292297854
   -1.999195325   -0.698131701   26.918129286    0.023813965  -12.314005704
   -1.808795770   -0.698131701   26.360864583   -5.762435358  -15.828788063
   -1.618396215   -0.698131701   24.882890424   -9.116273735  -19.454404305
   -1.427996661   -0.698131701   23.194144017   -7.764550124  -22.454577301
   -1.237597106   -0.698131701   22.245204905   -1.502635766  -24.036895572
   -1.047197551   -0.698131701   22.831005230    7.927112270  -23.708735645
   -0.856797996   -0.698131701   25.285401344   17.529592814  -21.490304015
   -0.666398442   -0.698131701   29.321567750   23.927615915  -17.880775726
   -0.475998887   -0.698131701   34.033609983   24.280014386  -13.634146140
   -0.285599332   -0.698131701   38.086488161   16.857325548   -9.498562322
   -0.095199777   -0.698131701   39.985740191    1.904304130   -5.988804192
    0.095199777   -0.698131701   38.517028529  -17.839758583   -3.291143835
    0.285599332   -0.698131701   33.242877703  -36.949619024   -1.272729716
    0.475998887   -0.698131701   24.946941932  -48.393606235    0.386550951
    0.666398442   -0.698131701   15.718106767  -45.979505514    1.996084883
    0.856797996   -0.698131701    8.485203611  -27.538400285    3.673987913
    1.047197551   -0.698131701    6.032631846    3.091202971    5.309300175
    1.237597106   -0.698131701    9.889117662   36.973644780    6.663073112
    1.427996661   -0.698131701   19.668272091   63.680765904    7.542232545
    1.618396215   -0.698131701   33.194477732   75.483419570    7.925269645
    1.808795770   -0.698131701   47.317999585   70.058321707    7.952592196
    1.999195325   -0.698131701   58.969459939   50.375392199    7.815213487
    2.189594880   -0.698131701   66.000707804   22.685224152    7.636527724
    2.379994435   -0.698131701   67.554856306   -6.012824955    7.405795458
    2.570393989   -0.698131701   64.028495992  -29.843288463    6.977612272
    2.760793544   -0.698131701   56.761880578  -44.840960117    6.154308541
    2.951193099   -0.698131701   47.641467786  -49.302523135    4.781628608

   -3.141592654   -0.349065850   39.331749362  -49.109187344    2.779674948
   -2.951193099   -0.349065850   31.063588775  -36.940495281   -0.436840575
   -2.760793544   -0.349065850   25.500461465  -21.513426535   -3.671901064
   -2.570393989   -0.349065850   22.762186894   -8.054665105   -6.669865233
   -2.379994435   -0.349065850   22.055438616   -0.620191250   -9.416443032
   -2.189594880   -0.349065850   22.066201027   -0.400830586  -12.121195417
   -1.999195325   -0.349065850   21.574247893   -5.310533924  -14.997953871
   -1.808795770   -0.349065850   19.992955060  -11.043431984  -17.973309853
   -1.618396215   -0.349065850   17.602052678  -13.184291947  -20.541504791
   -1.427996661   -0.349065850   15.368523291   -9.195077812  -21.910130302
   -1.237597106   -0.349065850   14.480271101    0.652467820  -21.394753338
   -1.047197551   -0.349065850   15.820414790   13.586132910  -18.815894057
   -0.856797996   -0.349065850   19.601224377   25.539673411  -14.645624364
   -0.666398442   -0.349065850   25.247899806   32.526072329   -9.812702417
   -0.475998887   -0.349065850   31.514521042   31.754404289   -5.302542059
   -0.285599332   -0.349065850   36.791745700   22.129819103   -1.787450916
   -0.095199777   -0.349065850   39.463949739    4.790675866    0.590541269
    0.095199777   -0.349065850   38.365962405  -16.666760239    2.179435805
    0.285599332   -0.349065850   33.244230038  -36.309879874    3.609167174
    0.475998887   -0.349065850   25.114134989  -47.130230953    5.464286328
    0.666398442   -0.349065850   16.241397839  -43.479255907    7.985836757
    0.856797996   -0.349065850    9.597384001  -23.963176293   10.926324675
    1.047197551   -0.349065850    7.869920159    6.959564561   13.676534965
    1.237597106   -0.349065850   12.416291601   40.204479558   15.582783441
    1.427996661   -0.349065850   22.699415033   65.689154899   16.274984226
    1.618396215   -0.349065850   36.485043452   76.240070189   15.824272271
    1.808795770   -0.349065850   50.662060330   69.946114894   14.645209609
    1.999195325   -0.349065850   62.246511542   49.850263170   13.234262961
    2.189594880   -0.349065850   69.158418908   21.969682465   11.920945455
    2.379994435   -0.349065850   70.549658106   -7.062386642   10.748220195
    2.570393989   -0.349065850   66.760491695  -31.627813477    9.499300875
    2.760793544   -0.349065850   59.048988909  -47.786150218    7.866491971
    2.951193099   -0.349065850   49.241984646  -53.564461195    5.626326006

   -3.141592654    0.000000000   40.426762839  -54.720262655    2.182842546
   -2.951193099    0.000000000   31.040978964  -42.942011028   -0.971572993
   -2.760793544    0.000000000   24.346442247  -27.301515233   -4.015130745
   -2.570393989    0.000000000   20.552477396  -13.335500899   -6.733672415
   -2.379994435    0.000000000   18.880816705   -5.520389472   -9.130235317
   -2.189594880    0.000000000   17.970141066   -5.217296852  -11.382484399
   -1.999195325    0.000000000   16.564670061  -10.032641396  -13.632722215
   -1.808795770    0.000000000   14.142225368  -14.977438113  -15.731137238
   -1.618396215    0.000000000   11.175984425  -15.054167106  -17.152485940
   -1.427996661    0.000000000    8.885764982   -7.755475312  -17.190009464
   -1.237597106    0.000000000    8.628868402    5.816334686  -15.365127337
   -1.047197551    0.000000000   11.250114489   21.634400265  -11.783957246
   -0.856797996    0.000000000   16.695356472   34.615798940   -7.185050600
   -0.666398442    0.000000000   23.998735404   40.531812100   -2.628061712
   -0.475998887    0.000000000   31.562897688   37.208372509    0.985211042
   -0.285599332    0.000000000   37.601049173   24.715464950    3.278611650
   -0.095199777    0.000000000   40.553011723    5.361865471    4.526166691
    0.095199777    0.000000000   39.497238480  -16.500922877    5.465025617
    0.285599332    0.000000000   34.503668639  -34.891328237    6.946526352
    0.475998887    0.000000000   26.848820961  -43.484317550    9.526277367
    0.666398442    0.000000000   18.879304455  -37.784560166   13.179754475
    0.856797996    0.000000000   13.422839708  -17.481674834   17.257269534
    1.047197551    0.000000000   12.866223158   12.476625644   20.759603259
    1.237597106    0.000000000   18.252668080   43.343988807   22.791633887
    1.427996661    0.000000000   28.861790331   65.994558562   22.951542686
    1.618396215    0.000000000   42.474180149   74.285168032   21.460349945
    1.808795770    0.000000000   56.153030304   66.875547336   18.981103013
    1.999195325    0.000000000   67.134732620   46.735268119   16.256423804
    2.189594880    0.000000000   73.495617581   19.331602246   13.787745699
    2.379994435    0.000000000   74.422580077   -9.378444656   11.694132577
    2.570393989    0.000000000   70.178210770  -34.206084274    9.761264282
    2.760793544    0.000000000   61.899307282  -51.254056863    7.655086991
    2.951193099    0.000000000   51.320555696  -58.206360442    5.131307031

   -3.141592654    0.349065850   42.170401377  -59.486751749    1.495726795
   -2.951193099    0.349065850   31.841941907  -47.971850286   -0.683746866
   -2.760793544    0.349065850   24.203264540  -32.102487795   -2.644315543
   -2.570393989    0.349065850   19.541231558  -17.622425585   -4.329974415
   -2.379994435    0.349065850   17.100789683   -9.329562038   -5.823663048
   -2.189594880    0.349065850   15.495734103   -8.720704646   -7.278515883
   -1.999195325    0.349065850   13.454111881  -13.152857606   -8.757897151
   -1.808795770    0.349065850   10.517504479  -17.109185356  -10.069194130
   -1.618396215    0.349065850    7.317609829  -15.199162086  -10.758364096
   -1.427996661    0.349065850    5.258352367   -5.098128026  -10.307668972
   -1.237597106    0.349065850    5.779418441   11.231721458   -8.467302328
   -1.047197551    0.349065850    9.611570984   28.664035366   -5.492192278
   -0.856797996    0.349065850   16.405007074   41.424997638   -2.088887302
   -0.666398442    0.349065850   24.844749042   45.440783801    0.922213193
   -0.475998887    0.349065850   33.094583359   39.474011505    3.022114924
   -0.285599332    0.349065850   39.344789883   24.859365235    4.240445200
   -0.095199777    0.349065850   42.238656778    4.912432269    5.135422575
    0.095199777    0.349065850   41.192210267  -15.649476949    6.507427239
    0.285599332    0.349065850   36.607541514  -31.282534535    9.025033809
    0.475998887    0.349065850   29.941036566  -36.767871602   12.881878144
    0.666398442    0.349065850   23.475694348  -28.992192356   17.644231768
    0.856797996    0.349065850   19.733112428   -8.682720934   22.348934925
    1.047197551    0.349065850   20.669377686   19.009657789   25.863873299
    1.237597106    0.349065850   26.951944169   46.074247279   27.346248683
    1.427996661    0.349065850   37.689640758   64.703363794   26.564967133
    1.618396215    0.349065850   50.746982996   70.002262509   23.942877850
    1.808795770    0.349065850   63.455459566   61.254779047   20.312209563
    1.999195325    0.349065850   73.363436280   41.281654590   16.532247221
    2.189594880    0.349065850   78.772907431   14.860229524   13.175589106
    2.379994435    0.349065850   78.947315460  -12.878488888   10.413879287
    2.570393989    0.349065850   74.086636793  -37.300211725    8.089568362
    2.760793544    0.349065850   65.200732887  -54.638717583    5.931356268
    2.951193099    0.349065850   53.912528588  -62.298571312    3.739890642

   -3.141592654    0.698131701   43.857487214  -62.038672239    0.242654914
   -2.951193099    0.698131701   33.052624935  -50.387678201   -0.490078566
   -2.760793544    0.698131701   24.971673904  -34.316406591   -0.891521194
   -2.570393989    0.698131701   19.903182207  -19.686757263   -1.103063564
   -2.379994435    0.698131701   17.072054606  -11.386308349   -1.305457093
   -2.189594880    0.698131701   15.067502435  -10.858864003   -1.651195001
   -1.999195325    0.698131701   12.620466534  -15.215549860   -2.189814196
   -1.808795770    0.698131701    9.334219174  -18.612895783   -2.807720306
   -1.618396215    0.698131701    5.952610811  -15.499082029   -3.256224736
   -1.427996661    0.698131701    3.987516902   -3.780197799   -3.264343268
   -1.237597106    0.698131701    4.902984338   13.960781908   -2.702539945
   -1.047197551    0.698131701    9.325329939   31.945297716   -1.680832737
   -0.856797996    0.698131701   16.707587500   44.155109543   -0.483357912
   -0.666398442    0.698131701   25.550986506   46.894775722    0.633050657
   -0.475998887    0.698131701   33.958329721   39.767822917    1.642961093
   -0.285599332    0.698131701   40.227239257   24.982789476    2.824421103
   -0.095199777    0.698131701   43.241858091    6.300764266    4.658829230
    0.095199777    0.698131701   42.684109509  -11.744850461    7.583947706
    0.285599332    0.698131701   39.127479913  -24.401051779   11.745071695
    0.475998887    0.698131701   34.011027025  -27.573273449   16.820122728
    0.666398442    0.698131701   29.388273317  -19.187115649   22.029803914
    0.856797996    0.698131701   27.398074297   -0.456279874   26.340767824
    1.047197551    0.698131701   29.595621199   23.786286414   28.817462710
    1.237597106    0.698131701   36.379703896   46.533764581   28.967537061
    1.427996661    0.698131701   46.815882666   61.249162584   26.899232269
    1.618396215    0.698131701   58.948358507   64.026968793   23.233212818
    1.808795770    0.698131701   70.416613281   54.479956792   18.823101461
    1.999195325    0.698131701   79.073873220   35.091506845   14.444653827
    2.189594880    0.698131701   83.419763966    9.924261795   10.586903141
    2.379994435    0.698131701   82.775267382  -16.602251074    7.425005773
    2.570393989    0.698131701   77.287697633  -40.247461211    4.908137508
    2.760793544    0.698131701   67.875875843  -57.278465962    2.918730732
    2.951193099    0.698131701   56.090875033  -64.883295505    1.371217359

   -3.141592654    1.047197551   42.781216334  -63.011353247   -4.479883300
   -2.951193099    1.047197551   31.879104585  -50.449166585   -3.772324811
   -2.760793544    1.047197551   23.853192118  -33.721572204   -2.652957261
   -2.570393989    1.047197551   18.932536372  -18.782840140   -1.427151563
   -2.379994435    1.047197551   16.274758369  -10.512523596   -0.341530846
   -2.189594880    1.047197551   14.413174639  -10.259303056    0.461907517
   -1.999195325    1.047197551   12.044729852  -14.992724945    0.924293225
   -1.808795770    1.047197551    8.766606877  -18.736488813    1.037516455
   -1.618396215    1.047197551    5.337520106  -15.852826217    0.820321479
   -1.427996661    1.047197551    3.293213780   -4.243858580    0.331677460
   -1.237597106    1.047197551    4.115324709   13.438280483   -0.309916498
   -1.047197551    1.047197551    8.434913085   31.386092801   -0.924239231
   -0.856797996    1.047197551   15.715687715   43.682929936   -1.272471537
   -0.666398442    1.047197551   24.505552332   46.892193955   -1.074464406
   -0.475998887    1.047197551   33.010040030   40.921466956   -0.034911633
   -0.285599332    1.047197551   39.673530566   28.104803753    2.110683279
   -0.095199777    1.047197551   43.520710949   11.983251913    5.516340554
    0.095199777    1.047197551   44.295610810   -3.488806160   10.110775547
    0.285599332    1.047197551   42.499609189  -14.367149752   15.510573968
    0.475998887    1.047197551   39.344628021  -17.310703049   20.990676496
    0.666398442    1.047197551   36.543932904  -10.635331488   25.605718685
    0.856797996    1.047197551   35.877586560    4.659355646   28.446028265
    1.047197551    1.047197551   38.641492990   24.556935023   28.932896010
    1.237597106    1.047197551   45.164818566   43.147954799   27.026525584
    1.427996661    1.047197551   54.644542132   54.831845997   23.212493249
    1.618396215    1.047197551   65.389710758   56.130484757   18.289967981
    1.808795770    1.047197551   75.328487557   46.505198287   13.077066672
    1.999195325    1.047197551   82.535839124   27.927379475    8.194097647
    2.189594880    1.047197551   85.625398397    3.909050274    3.982885810
    2.379994435    1.047197551   83.944267527  -21.498721506    0.577230926
    2.570393989    1.047197551   77.620677592  -44.149632313   -1.988731852
    2.760793544    1.047197551   67.554893118  -60.239601476   -3.689742685
    2.951193099    1.047197551   55.296928316  -66.862498874   -4.507698000

   -3.141592654    1.396263402   37.826461159  -61.942393617   -9.840039943
   -2.951193099    1.396263402   27.317172178  -47.479938233   -8.552334773
   -2.760793544    1.396263402   19.979865969  -29.593634917   -6.811989720
   -2.570393989    1.396263402   15.888002636  -14.337863579   -4.956775564
   -2.379994435    1.396263402   14.048768791   -6.453390969   -3.194927068
   -2.189594880    1.396263402   12.883347300   -7.070779938   -1.587779185
   -1.999195325    1.396263402   11.013311875  -12.991634298   -0.156969347
   -1.808795770    1.396263402    7.985064755  -18.145138770    1.000375106
   -1.618396215    1.396263402    4.526168956  -16.759638088    1.691168802
   -1.427996661    1.396263402    2.178899085   -6.464791211    1.753427654
   -1.237597106    1.396263402    2.496618282   10.476051902    1.231347851
   -1.047197551    1.396263402    6.256319888   28.634206241    0.455549099
   -0.856797996    1.396263402   13.122945378   42.264742886   -0.027354512
   -0.666398442    1.396263402   21.852246729   47.810171450    0.346260922
   -0.475998887    1.396263402   30.808163489   44.806084898    1.964917526
   -0.285599332    1.396263402   38.504319439   35.029972674    4.942548835
   -0.095199777    1.396263402   43.920627808   21.392782589    9.091850673
    0.095199777    1.396263402   46.635225243    7.238117710   13.942877842
    0.285599332    1.396263402   46.878690393   -3.975638674   18.796334948
    0.475998887    1.396263402   45.525264873   -9.076391142   22.807415756
    0.666398442    1.396263402   43.960693201   -6.079777095   25.173723580
    0.856797996    1.396263402   43.743442770    4.782743057   25.382555713
    1.047197551    1.396263402   46.122810266   20.521317833   23.384654382
    1.237597106    1.396263402   51.567385812   36.086217924   19.618536474
    1.427996661    1.396263402   59.533059498   46.231434732   14.825256112
    1.618396215    1.396263402   68.600361264   47.270843739    9.761409129
    1.808795770    1.396263402   76.891306009   38.126796079    4.966143586
    1.999195325    1.396263402   82.570598008   20.255458009    0.702497298
    2.189594880    1.396263402   84.266344898   -3.060474434   -2.964708614
    2.379994435    1.396263402   81.329464748  -27.682544714   -6.012451125
    2.570393989    1.396263402   73.928951748  -49.194564888   -8.356076753
    2.760793544    1.396263402   63.053155286  -63.598935098   -9.842568173
    2.951193099    1.396263402   50.353741708  -68.061686383  -10.338351778

   -3.141592654    1.745329252   31.588109006  -60.018819927  -16.047588447
   -2.951193099    1.745329252   21.612054656  -43.926117362  -14.798711076
   -2.760793544    1.745329252   15.041230213  -25.238325617  -12.862185084
   -2.570393989    1.745329252   11.794923981   -9.912050602  -10.530822548
   -2.379994435    1.745329252   10.769004276   -2.380759110   -7.991235167
   -2.189594880    1.745329252   10.329521898   -3.547840958   -5.291209892
   -1.999195325    1.745329252    9.062424284  -10.234694516   -2.463747208
   -1.808795770    1.745329252    6.457052097  -16.540504269    0.322480816
   -1.618396215    1.745329252    3.162758616  -16.684839038    2.723762118
   -1.427996661    1.745329252    0.681973053   -7.892963684    4.382036353
   -1.237597106    1.745329252    0.637966728    8.269119504    5.176954490
   -1.047197551    1.745329252    4.007262372   26.979449783    5.368337624
   -0.856797996    1.745329252   10.727860569   42.593952243    5.522171809
   -0.666398442    1.745329252   19.791281425   51.078104773    6.241732317
   -0.475998887    1.745329252   29.666972648   51.148454776    7.892417289
   -0.285599332    1.745329252   38.812227582   43.730547358   10.476331998
   -0.095199777    1.745329252   46.006859168   31.105140585   13.635947010
    0.095199777    1.745329252   50.534957004   16.282771669   16.761332305
    0.285599332    1.745329252   52.300921654    2.701217216   19.138348338
    0.475998887    1.745329252   51.883411655   -6.096672634   20.102409820
    0.666398442    1.745329252   50.480617055   -7.361638417   19.238705400
    0.856797996    1.745329252   49.637991043   -0.346143309   16.555289481
    1.047197551    1.745329252   50.771893492   12.825038961   12.499108543
    1.237597106    1.745329252   54.637367413   27.452610569    7.807863095
    1.427996661    1.745329252   60.981115617   37.990716379    3.220959792
    1.618396215    1.745329252   68.572314550   40.034439459   -0.792595372
    1.808795770    1.745329252   75.578239164   31.807622690   -4.135919689
    1.999195325    1.745329252   80.109191595   14.441448964   -6.977664919
    2.189594880    1.745329252   80.720948250   -8.641622692   -9.550614735
    2.379994435    1.745329252   76.751645675  -32.870901307  -11.955338636
    2.570393989    1.745329252   68.444762233  -53.400936711  -14.077874996
    2.760793544    1.745329252   56.920175729  -66.082897831  -15.643145303
    2.951193099    1.745329252   43.952794633  -68.324114573  -16.354155604

   -3.141592654    2.094395102   24.716903279  -59.158013950  -18.452561567
   -2.951193099    2.094395102   15.061507190  -41.490188309  -17.164094143
   -2.760793544    2.094395102    9.068818805  -21.694876684  -15.138501623
   -2.570393989    2.094395102    6.566232922   -5.708239816  -12.644643157
   -2.379994435    2.094395102    6.385873525    2.283871185   -9.841830191
   -2.189594880    2.094395102    6.877442427    1.561230713   -6.728397171
   -1.999195325    2.094395102    6.619129734   -4.797893248   -3.263922249
   -1.808795770    2.094395102    5.046353709  -11.246182362    0.445710442
   -1.618396215    2.094395102    2.690235916  -12.252186349    4.061712416
   -1.427996661    2.094395102    0.925859841   -4.852263318    7.142480018
   -1.237597106    2.094395102    1.331376403   10.019849293    9.399034249
   -1.047197551    2.094395102    4.972218075   28.250850493   10.874757513
   -0.856797996    2.094395102   11.977604344   44.483323157   11.911233641
   -0.666398442    2.094395102   21.527286562   54.360524158   12.912196926
   -0.475998887    2.094395102   32.171714485   55.880521709   14.088315675
   -0.285599332    2.094395102   42.302568317   49.173071079   15.353590234
   -0.095199777    2.094395102   50.502978683   35.985247303   16.348756937
    0.095199777    2.094395102   55.792662254   19.169925355   16.580951849
    0.285599332    2.094395102   57.821419139    2.410702646   15.595620470
    0.475998887    2.094395102   56.998040056  -10.093668961   13.133518881
    0.666398442    2.094395102   54.504506256  -14.657440245    9.281295772
    0.856797996    2.094395102   52.055474989   -9.636035891    4.528490622
    1.047197551    2.094395102   51.373250944    3.344299957   -0.367226204
    1.237597106    2.094395102   53.548565526   19.394479126   -4.642328684
    1.427996661    2.094395102   58.566422394   32.171463090   -7.824632161
    1.618396215    2.094395102   65.256538132   36.286478637   -9.898065205
    1.808795770    2.094395102   71.680491545   29.274180582  -11.234160663
    1.999195325    2.094395102   75.763480650   12.126357770  -12.345736598
    2.189594880    2.094395102   75.899153705  -11.378136153  -13.627102006
    2.379994435    2.094395102   71.359443698  -36.071042074  -15.187364254
    2.570393989    2.094395102   62.435119425  -56.565847220  -16.828828726
    2.760793544    2.094395102   50.371231938  -68.445345805  -18.164269295
    2.951193099    2.094395102   37.084556642  -69.212733550  -18.789243308

   -3.141592654    2.443460953   18.611421987  -58.358089213  -13.023500373
   -2.951193099    2.443460953    9.239630694  -39.362952937  -11.532238098
   -2.760793544    2.443460953    3.756530599  -18.536824977   -9.517386939
   -2.570393989    2.443460953    1.930962594   -1.793351778   -7.178407450
   -2.379994435    2.443460953    2.562963434    6.911799335   -4.588137859
   -2.189594880    2.443460953    4.015554831    7.052186958   -1.638051543
   -1.999195325    2.443460953    4.893387742    1.627481991    1.840413858
   -1.808795770    2.443460953    4.612783232   -4.194254581    5.857521254
   -1.618396215    2.443460953    3.605845071   -5.274155738   10.119419265
   -1.427996661    2.443460953    3.100164299    1.274969680   14.097644789
   -1.237597106    2.443460953    4.553537249   14.863913907   17.273260972
   -1.047197551    2.443460953    8.998484937   31.901159817   19.375466966
   -0.856797996    2.443460953   16.616401904   47.333826997   20.440461508
   -0.666398442    2.443460953   26.659136080   56.697258537   20.666838214
   -0.475998887    2.443460953   37.695240240   57.600570512   20.201318330
   -0.285599332    2.443460953   48.054367920   49.733326712   19.030871285
   -0.095199777    2.443460953   56.191506418   34.627472034   16.982034540
    0.095199777    2.443460953   60.985466577   15.235056752   13.851792167
    0.285599332    2.443460953   61.995989891   -4.351853074    9.560879107
    0.475998887    2.443460953   59.643976500  -19.262506514    4.287902193
    0.666398442    2.443460953   55.260945204  -25.076453801   -1.461588334
    0.856797996    2.443460953   50.836668201  -19.663963622   -6.915706665
    1.047197551    2.443460953   48.413814034   -4.675320243  -11.271785877
    1.237597106    2.443460953   49.338046686   14.362250611  -13.988628317
    1.427996661    2.443460953   53.687719764   30.100166270  -15.002378987
    1.618396215    2.443460953   60.196533324   36.250565729  -14.738650198
    1.808795770    2.443460953   66.701464233   29.946258839  -13.894516663
    1.999195325    2.443460953   70.884245732   12.361806294  -13.130161397
    2.189594880    2.443460953   70.971230512  -12.153542072  -12.835692180
    2.379994435    2.443460953   66.188795384  -37.771956609  -13.055418946
    2.570393989    2.443460953   56.895042473  -58.621950286  -13.544713892
    2.760793544    2.443460953   44.466512966  -70.091036252  -13.922000610
    2.951193099    2.443460953   30.959133095  -69.794331385  -13.821448304

   -3.141592654    2.792526803   15.232700099  -56.910168987    1.138148251
   -2.951193099    2.792526803    6.214776529  -37.128317659    3.338523979
   -2.760793544    2.792526803    1.222019986  -15.655698451    5.338512760
   -2.570393989    2.792526803    0.000000000    1.661749917    7.041919004
   -2.379994435    2.792526803    1.354415194   11.083129237    8.586975191
   -2.189594880    2.792526803    3.693905463   12.246478245   10.339983628
   -1.999195325    2.792526803    5.677798288    8.055596724   12.724293903
   -1.808795770    2.792526803    6.727450028    3.270699257   15.947332051
   -1.618396215    2.792526803    7.189227822    2.537777704   19.800800212
   -1.427996661    2.792526803    8.128371325    8.477043222   23.677207262
   -1.237597106    2.792526803   10.825776245   20.617799345   26.809033414
   -1.047197551    2.792526803   16.188188516   35.739298656   28.581039300
   -0.856797996    2.792526803   24.341801711   49.112845629   28.712383699
   -0.666398442    2.792526803   34.523921937   56.360312306   27.239028125
   -0.475998887    2.792526803   45.283366123   54.997847295   24.360730581
   -0.285599332    2.792526803   54.911379775   44.615617731   20.305542411
   -0.095199777    2.792526803   61.822151854   26.865201575   15.265058413
    0.095199777    2.792526803   64.900713045    5.058526207    9.446858397
    0.285599332    2.792526803   63.800579441  -16.175318544    3.150048124
    0.475998887    2.792526803   59.141989340  -31.414582063   -3.163650342
    0.666398442    2.792526803   52.543021745  -35.907842767   -8.873136251
    0.856797996    2.792526803   46.306148577  -27.641336589  -13.304804626
    1.047197551    2.792526803   42.715000364   -8.882771744  -15.948969549
    1.237597106    2.792526803   43.200323745   13.876545277  -16.664094205
    1.427996661    2.792526803   47.739275583   32.360275361  -15.749880609
    1.618396215    2.792526803   54.822840578   39.781228179  -13.829432610
    1.808795770    2.792526803   62.006931728   33.363307250  -11.582521037
    1.999195325    2.792526803   66.754704416   14.802628312   -9.493351134
    2.189594880    2.792526803   67.190029010  -10.916716615   -7.734150671
    2.379994435    2.792526803   62.546829480  -37.463566526   -6.214754575
    2.570393989    2.792526803   53.264291154  -58.717847744   -4.710284480
    2.760793544    2.792526803   40.824642152  -70.030978611   -3.016791294
    2.951193099    2.792526803   27.380067187  -69.143391630   -1.045907257
