#! FIELDS phi psi file.free der_phi der_psi
#! SET min_phi -pi
#! SET max_phi pi
#! SET nbins_phi  33
#! SET periodic_phi true
#! SET min_psi -pi
#! SET max_psi pi
#! SET nbins_psi  18
#! SET periodic_psi true
   -3.141592654   -3.141592654   21.385268670  -32.854863079    6.967020982
   -2.951193099   -3.141592654   15.492540640  -28.088933938    9.343360831
   -2.760793544   -3.141592654   11.016495490  -18.293916949   11.564062526
   -2.570393989   -3.141592654    8.660204836   -6.419033171   13.408948192
   -2.379994435   -3.141592654    8.472858426    3.932360383   14.829763418
   -2.189594880   -3.141592654    9.898876718   10.286084842   15.941696563
   -1.999195325   -3.141592654   12.114805612   12.376952496   16.892120503
   -1.808795770   -3.141592654   14.447671658   11.902305080   17.690981744
   -1.618396215   -3.141592654   16.637449004   11.247297176   18.132341128
   -1.427996661   -3.141592654   18.826838916   12.058729742   17.880428258
   -1.237597106   -3.141592654   21.333156925   14.482288372   16.674057343
   -1.047197551   -3.141592654   24.370665670   17.376549926   14.508351736
   -0.856797996   -3.141592654   27.877834395   19.134728804   11.669847366
   -0.666398442   -3.141592654   31.515674725   18.560911904    8.603702287
   -0.475998887   -3.141592654   34.791025456   15.365225803    5.707354561
   -0.285599332   -3.141592654   37.235634181    9.977598519    3.170745109
   -0.095199777   -3.141592654   38.517394117    3.327414085    0.936472092
    0.095199777   -3.141592654   38.507484475   -3.346084974   -1.203158924
    0.285599332   -3.141592654   37.334094520   -8.649312913   -3.443913804
    0.475998887   -3.141592654   35.396717572  -11.171123347   -5.798085920
    0.666398442   -3.141592654   33.324969923   -9.966935655   -8.018686352
    0.856797996   -3.141592654   31.834196772   -5.230160371   -9.673391859
    1.047197551   -3.141592654   31.470877399    1.540848287  -10.347878595
    1.237597106   -3.141592654   32.402843813    7.991311694   -9.870735929
    1.427996661   -3.141592654   34.357062813   12.010576539   -8.411542892
    1.618396215   -3.141592654   36.755635950   12.611882164   -6.401041172
    1.808795770   -3.141592654   38.955442603   10.040507907   -4.325040162
    1.999195325   -3.141592654   40.430380579    5.146576851   -2.521534613
    2.189594880   -3.141592654   40.813942000   -1.342245979   -1.082555622
    2.379994435   -3.141592654   39.839630651   -9.070550398    0.123125897
    2.570393989   -3.141592654   37.305604292  -17.615811301    1.347017071
    2.760793544   -3.141592654   33.148584286  -25.840553227    2.837257122
    2.951193099   -3.141592654   27.615095999  -31.686027541    4.726400527

   -3.141592654   -2.792526803   24.469623922  -27.852752966    9.829731676
   -2.951193099   -2.792526803   19.508765080  -23.440571624   12.724894361
   -2.760793544   -2.792526803   15.829160768  -14.671819992   15.173794472
   -2.570393989   -2.792526803   14.034836504   -4.153400786   16.881458519
   -2.379994435   -2.792526803   14.157945325    4.988546737   17.798019885
   -2.189594880   -2.792526803   15.706815754   10.610580300   18.099079255
   -1.999195325   -2.792526803   17.953625828   12.433445549   18.034666346
   -1.808795770   -2.792526803   20.285564600   11.820560881   17.746083332
   -1.618396215   -2.792526803   22.426425165   10.739627971   17.176651705
   -1.427996661   -2.792526803   24.438768318   10.625664288   16.134122739
   -1.237597106   -2.792526803   26.552782174   11.765740278   14.457907467
   -1.047197551   -2.792526803   28.950272290   13.418189844   12.166478496
   -0.856797996   -2.792526803   31.618659212   14.384741652    9.485924456
   -0.666398442   -2.792526803   34.325658540   13.641843054    6.740326096
   -0.475998887   -2.792526803   36.688167699   10.760429730    4.184873810
   -0.285599332   -2.792526803   38.299641336    5.828679240    1.879874409
   -0.095199777   -2.792526803   38.820874969   -0.555322793   -0.319947266
    0.095199777   -2.792526803   38.070265955   -7.289805929   -2.652377853
    0.285599332   -2.792526803   36.124757073  -12.810263224   -5.275853563
    0.475998887   -2.792526803   33.389300148  -15.309652910   -8.103387948
    0.666398442   -2.792526803   30.579624469  -13.442774144  -10.750063123
    0.856797996   -2.792526803   28.552202434   -7.258813376  -12.652730412
    1.047197551   -2.792526803   27.985061429    1.481276035  -13.314667240
    1.237597106   -2.792526803   29.095618974    9.873288456  -12.558554306
    1.427996661   -2.792526803   31.549957626   15.250189027  -10.621934538
    1.618396215   -2.792526803   34.627103782   16.355980344   -8.041781870
    1.808795770   -2.792526803   37.527369898   13.558639856   -5.401592892
    1.999195325   -2.792526803   39.620618936    8.105733319   -3.091976235
    2.189594880   -2.792526803   40.520635599    1.175100537   -1.198543406
    2.379994435   -2.792526803   40.016563610   -6.563272118    0.462677364
    2.570393989   -2.792526803   38.000063155  -14.609764168    2.208350959
    2.760793544   -2.792526803   34.492182004  -22.000802100    4.322314614
    2.951193099   -2.792526803   29.770788436  -27.044238544    6.911402185

   -3.141592654   -2.443460953   28.014606546  -22.443060231    9.724799326
   -2.951193099   -2.443460953   24.038339726  -18.663352508   12.308907750
   -2.760793544   -2.443460953   21.147763082  -11.264193062   14.296109282
   -2.570393989   -2.443460953   19.841192787   -2.450377153   15.412380049
   -2.379994435   -2.443460953   20.136155246    5.155150577   15.637821387
   -2.189594880   -2.443460953   21.608805609    9.735954649   15.171384016
   -1.999195325   -2.443460953   23.630517290   11.008234622   14.286670566
   -1.808795770   -2.443460953   25.659117177   10.068455140   13.176487870
   -1.618396215   -2.443460953   27.430536230    8.579358170   11.887942119
   -1.427996661   -2.443460953   28.975718427    7.849945154   10.373462997
   -1.237597106   -2.443460953   30.494058571    8.293885039    8.605209436
   -1.047197551   -2.443460953   32.176167882    9.431100303    6.655014615
   -0.856797996   -2.443460953   34.065587639   10.263554882    4.687167069
   -0.666398442   -2.443460953   36.004394699    9.749308020    2.863904056
   -0.475998887   -2.443460953   37.658469969    7.213368378    1.233535157
   -0.285599332   -2.443460953   38.612646161    2.417826306   -0.332238435
   -0.095199777   -2.443460953   38.463680398   -4.254410219   -2.100345964
    0.095199777   -2.443460953   36.948785389  -11.656716695   -4.343598700
    0.285599332   -2.443460953   34.102211468  -17.864350925   -7.167501573
    0.475998887   -2.443460953   30.375930918  -20.521140571  -10.364677720
    0.666398442   -2.443460953   26.635160949  -17.817875020  -13.394569026
    0.856797996   -2.443460953   23.942122204   -9.705026669  -15.547635966
    1.047197551   -2.443460953   23.151923248    1.646483155  -16.229369620
    1.237597106   -2.443460953   24.543847774   12.584414575  -15.239559580
    1.427996661   -2.443460953   27.699009025   19.723477011  -12.867466349
    1.618396215   -2.443460953   31.706654568   21.466947053   -9.748698024
    1.808795770   -2.443460953   35.560937025   18.342663683   -6.571490993
    1.999195325   -2.443460953   38.493330390   12.109043210   -3.802657729
    2.189594880   -2.443460953   40.086912450    4.517693272   -1.560420510
    2.379994435   -2.443460953   40.195662198   -3.367041549    0.342018862
    2.570393989   -2.443460953   38.822348668  -10.960911814    2.237137910
    2.760793544   -2.443460953   36.084955833  -17.529706825    4.414939843
    2.951193099   -2.443460953   32.291944171  -21.830454142    6.969117219

   -3.141592654   -2.094395102   31.105530930  -17.974419512    7.274817992
   -2.951193099   -2.094395102   27.922533563  -14.935898873    8.988416133
   -2.760793544   -2.094395102   25.620696558   -8.893330621   10.141504338
   -2.570393989   -2.094395102   24.612968714   -1.687749312   10.557392332
   -2.379994435   -2.094395102   24.910155907    4.470755528   10.251212739
   -2.189594880   -2.094395102   26.146028349    8.005767218    9.381481642
   -1.999195325   -2.094395102   27.770306728    8.615143864    8.143194753
   -1.808795770   -2.094395102   29.298498259    7.225783897    6.679712939
   -1.618396215   -2.094395102   30.492481542    5.366225718    5.071468759
   -1.427996661   -2.094395102   31.396909166    4.360293717    3.386505896
   -1.237597106   -2.094395102   32.241314551    4.757623884    1.737125590
   -1.047197551   -2.094395102   33.271885810    6.186163986    0.279327632
   -0.856797996   -2.094395102   34.595073012    7.598163645   -0.847201914
   -0.666398442   -2.094395102   36.086823661    7.706094717   -1.612535875
   -0.475998887   -2.094395102   37.388296778    5.481468924   -2.161210509
   -0.285599332   -2.094395102   37.995947796    0.400703418   -2.808495764
   -0.095199777   -2.094395102   37.382071832   -7.215325348   -3.948416001
    0.095199777   -2.094395102   35.176859301  -15.975073524   -5.895642419
    0.285599332   -2.094395102   31.383662337  -23.407208022   -8.712006310
    0.475998887   -2.094395102   26.544127185  -26.476815570  -12.084688137
    0.666398442   -2.094395102   21.732640497  -22.863824294  -15.340142250
    0.856797996   -2.094395102   18.276568820  -12.469845352  -17.646101151
    1.047197551   -2.094395102   17.249604856    1.992930281  -18.327364520
    1.237597106   -2.094395102   19.004919138   15.955826217  -17.161537887
    1.427996661   -2.094395102   23.020430780   25.174605209  -14.474096559
    1.618396215   -2.094395102   28.157168889   27.647679107  -10.973412750
    1.808795770   -2.094395102   33.161075329   24.083326910   -7.428992923
    1.999195325   -2.094395102   37.092888260   16.825362074   -4.375903327
    2.189594880   -2.094395102   39.488053865    8.278502865   -1.979615686
    2.379994435   -2.094395102   40.260632327   -0.051910002   -0.086215534
    2.570393989   -2.094395102   39.525178038   -7.485676047    1.609669318
    2.760793544   -2.094395102   37.497746269  -13.519203760    3.376803357
    2.951193099   -2.094395102   34.519416788  -17.346859232    5.309991358

   -3.141592654   -1.745329252   32.769998062  -15.914398646    4.880461924
   -2.951193099   -1.745329252   29.921137801  -13.564965929    5.833419271
   -2.760793544   -1.745329252   27.790246593   -8.510660429    6.283331812
   -2.570393989   -1.745329252   26.753347591   -2.370270925    6.116700864
   -2.379994435   -1.745329252   26.828510712    2.855644864    5.354996169
   -2.189594880   -1.745329252   27.686238455    5.688218849    4.111858391
   -1.999195325   -1.745329252   28.819981543    5.812853618    2.528501048
   -1.808795770   -1.745329252   29.783562352    4.129896263    0.739407301
   -1.618396215   -1.745329252   30.377662409    2.206316665   -1.110380563
   -1.427996661   -1.745329252   30.698680135    1.455732280   -2.835026000
   -1.237597106   -1.745329252   31.044323034    2.487672996   -4.212126823
   -1.047197551   -1.745329252   31.728325741    4.856459568   -5.048571877
   -0.856797996   -1.745329252   32.895702219    7.279409888   -5.270172360
   -0.666398442   -1.745329252   34.403338291    8.117973884   -4.992680365
   -0.475998887   -1.745329252   35.804269283    5.990155104   -4.528275597
   -0.285599332   -1.745329252   36.451679943    0.167989268   -4.321762326
   -0.095199777   -1.745329252   35.659168878   -8.967368554   -4.823969084
    0.095199777   -1.745329252   32.939440962  -19.645595509   -6.338673956
    0.285599332   -1.745329252   28.278190894  -28.748070863   -8.876274896
    0.475998887   -1.745329252   22.335353265  -32.501067483  -12.066504976
    0.666398442   -1.745329252   16.429762226  -28.062006385  -15.196519993
    0.856797996   -1.745329252   12.186920774  -15.316499162  -17.417841121
    1.047197551   -1.745329252   10.922413142    2.418360729  -18.054795392
    1.237597106   -1.745329252   13.073206892   19.578499453  -16.886109499
    1.427996661   -1.745329252   18.009623234   30.995748225  -14.232238180
    1.618396215   -1.745329252   24.350032443   34.223939535  -10.790456611
    1.808795770   -1.745329252   30.572750298   30.138663113   -7.320063350
    1.999195325   -1.745329252   35.547811422   21.670838485   -4.357262009
    2.189594880   -1.745329252   38.743155297   11.877339981   -2.085100218
    2.379994435   -1.745329252   40.111962141    2.696488836   -0.384764274
    2.570393989   -1.745329252   39.859144538   -5.088532015    1.005019260
    2.760793544   -1.745329252   38.282760455  -11.149160934    2.317160430
    2.951193099   -1.745329252   35.757556666  -14.997836301    3.640675668

   -3.141592654   -1.396263402   33.370514454  -15.432565981    2.823622389
   -2.951193099   -1.396263402   30.569601957  -13.578635372    3.067265239
   -2.760793544   -1.396263402   28.381423630   -9.113892213    2.816680460
   -2.570393989   -1.396263402   27.173408589   -3.556354324    2.011226129
   -2.379994435   -1.396263402   26.972850729    1.159939519    0.691023083
   -2.189594880   -1.396263402   27.465552805    3.560436845   -1.043966204
   -1.999195325   -1.396263402   28.157788957    3.314094852   -3.069734632
   -1.808795770   -1.396263402   28.618074010    1.369805349   -5.233021394
   -1.618396215   -1.396263402   28.680509176   -0.560146412   -7.315716894
   -1.427996661   -1.396263402   28.506553793   -0.893354053   -9.027247019
   -1.237597106   -1.396263402   28.483620814    1.042717921  -10.064191390
   -1.047197551   -1.396263402   29.007079286    4.650456664  -10.226410844
   -0.856797996   -1.396263402   30.255007322    8.296330802   -9.519880736
   -0.666398442   -1.396263402   32.040130022    9.909945717   -8.193803487
   -0.475998887   -1.396263402   33.794687123    7.762834205   -6.687662862
   -0.285599332   -1.396263402   34.705033682    1.010803616   -5.518310336
   -0.095199777   -1.396263402   33.922636578   -9.803315332   -5.137573117
    0.095199777   -1.396263402   30.854577224  -22.474120065   -5.804215585
    0.285599332   -1.396263402   25.483842970  -33.263478211   -7.485460796
    0.475998887   -1.396263402   18.592073630  -37.744473882   -9.822707610
    0.666398442   -1.396263402   11.728517728  -32.634774674  -12.188580172
    0.856797996   -1.396263402    6.792070862  -17.832228317  -13.869453448
    1.047197551   -1.396263402    5.317606448    2.793516763  -14.310497665
    1.237597106   -1.396263402    7.818479016   22.786145267  -13.334130518
    1.427996661   -1.396263402   13.570383906   36.149701465  -11.199137797
    1.618396215   -1.396263402   20.975618181   40.035172568   -8.462190349
    1.808795770   -1.396263402   28.272472274   35.454009152   -5.723722012
    1.999195325   -1.396263402   34.156151441   25.841285670   -3.405365841
    2.189594880   -1.396263402   38.025678640   14.812023791   -1.651511200
    2.379994435   -1.396263402   39.856077351    4.672550591   -0.375495175
    2.570393989   -1.396263402   39.918338678   -3.695997490    0.611577514
    2.760793544   -1.396263402   38.574069684  -10.075010142    1.467915500
    2.951193099   -1.396263402   36.231021174  -14.175827123    2.236452866

   -3.141592654   -1.047197551   33.125817736  -16.393274460    1.707850114
   -2.951193099   -1.047197551   30.096186502  -15.021892951    1.493004607
   -2.760793544   -1.047197551   27.592452778  -10.974133253    0.765551729
   -2.570393989   -1.047197551   25.998433080   -5.736213989   -0.506949806
   -2.379994435   -1.047197551   25.357445749   -1.283239193   -2.273747717
   -2.189594880   -1.047197551   25.359487746    0.845289008   -4.437069040
   -1.999195325   -1.047197551   25.508542073    0.333971897   -6.864062206
   -1.808795770   -1.047197551   25.388039104   -1.700402548   -9.352950678
   -1.618396215   -1.047197551   24.889981237   -3.283619739  -11.594010658
   -1.427996661   -1.047197551   24.278985465   -2.652122678  -13.197621576
   -1.237597106   -1.047197551   24.058885966    0.803077385  -13.813759228
   -1.047197551   -1.047197551   24.701502010    6.139462373  -13.286552100
   -0.856797996   -1.047197551   26.378644271   11.227841217  -11.746435934
   -0.666398442   -1.047197551   28.804139406   13.558267619   -9.583901728
   -0.475998887   -1.047197551   31.246585601   11.178559131   -7.321545158
   -0.285599332   -1.047197551   32.713030086    3.304174499   -5.461055129
   -0.095199777   -1.047197551   32.210979962   -9.220888043   -4.348580551
    0.095199777   -1.047197551   29.076677928  -23.733027726   -4.113027439
    0.285599332   -1.047197551   23.317173689  -35.984554604   -4.649506861
    0.475998887   -1.047197551   15.831663535  -41.091842967   -5.657772300
    0.666398442   -1.047197551    8.357034278  -35.527428620   -6.717190515
    0.856797996   -1.047197551    2.995274954  -19.277577983   -7.411728365
    1.047197551   -1.047197551    1.432210852    3.339854308   -7.454930084
    1.237597106   -1.047197551    4.224569423   25.223940564   -6.785197404
    1.427996661   -1.047197551   10.572145229   39.821198299   -5.570232794
    1.618396215   -1.047197551   18.722594965   44.042431639   -4.111601122
    1.808795770   -1.047197551   26.750495474   39.022999579   -2.705358539
    1.999195325   -1.047197551   33.235198995   28.548413284   -1.537094786
    2.189594880   -1.047197551   37.530837209   16.594198891   -0.645504556
    2.379994435   -1.047197551   39.623945968    5.683658311    0.037703506
    2.570393989   -1.047197551   39.820859676   -3.263831711    0.609716233
    2.760793544   -1.047197551   38.513614751  -10.106891444    1.120650317
    2.951193099   -1.047197551   36.122695480  -14.658113101    1.530038414

   -3.141592654   -0.698131701   33.047896595  -17.375626741   -0.134050983
   -2.951193099   -0.698131701   29.764072877  -16.722391424   -0.954263697
   -2.760793544   -0.698131701   26.866301121  -13.404337895   -2.234151840
   -2.570393989   -0.698131701   24.746785504   -8.805931620   -3.967896673
   -2.379994435   -0.698131701   23.470326680   -4.867942046   -6.103581513
   -2.189594880   -0.698131701   22.751051633   -3.121258750   -8.559681281
   -1.999195325   -0.698131701   22.124770105   -3.791930109  -11.195985742
   -1.808795770   -0.698131701   21.236250213   -5.546497079  -13.748644292
   -1.618396215   -0.698131701   20.084817497   -6.175128913  -15.806091334
   -1.427996661   -0.698131701   19.072488199   -3.868883109  -16.899278137
   -1.237597106   -0.698131701   18.818724219    1.700835452  -16.693037320
   -1.047197551   -0.698131701   19.830901415    9.059649279  -15.161951535
   -0.856797996   -0.698131701   22.209479372   15.534622675  -12.631940828
   -0.666398442   -0.698131701   25.512280245   18.303871522   -9.651747808
   -0.475998887   -0.698131701   28.824187181   15.424519644   -6.775932061
   -0.285599332   -0.698131701   30.996746029    6.395309004   -4.386861804
   -0.095199777   -0.698131701   30.949611263   -7.549717686   -2.610357936
    0.095199777   -0.698131701   28.005151214  -23.366505077   -1.357721556
    0.285599332   -0.698131701   22.221120352  -36.526388096   -0.425930359
    0.475998887   -0.698131701   14.589122671  -41.991642316    0.374566007
    0.666398442   -0.698131701    6.954378310  -36.234481240    1.134564167
    0.856797996   -0.698131701    1.511628358  -19.384186481    1.814997141
    1.047197551   -0.698131701    0.000000000    3.978630084    2.301367803
    1.237597106   -0.698131701    2.976586215   26.471684793    2.488073071
    1.427996661   -0.698131701    9.595498307   41.359174370    2.349230442
    1.618396215   -0.698131701   18.038955314   45.531978031    1.960633871
    1.808795770   -0.698131701   26.326465745   40.236509253    1.465418314
    1.999195325   -0.698131701   33.009371800   29.419531698    1.007145724
    2.189594880   -0.698131701   37.442189213   17.179075655    0.681730009
    2.379994435   -0.698131701   39.626728885    6.072098491    0.515313439
    2.570393989   -0.698131701   39.882247031   -3.036865777    0.466370627
    2.760793544   -0.698131701   38.598125648  -10.108945388    0.436518607
    2.951193099   -0.698131701   36.172592636  -15.052716312    0.287099045

   -3.141592654   -0.349065850   32.754595005  -18.872688484   -1.537916548
   -2.951193099   -0.349065850   29.113809822  -18.977062274   -2.720729437
   -2.760793544   -0.349065850   25.713153094  -16.418109693   -4.264958624
   -2.570393989   -0.349065850   22.954255427  -12.488611684   -6.140181524
   -2.379994435   -0.349065850   20.923195170   -9.086682731   -8.302758566
   -2.189594880   -0.349065850   19.364377157   -7.676989775  -10.690076144
   -1.999195325   -0.349065850   17.867017373   -8.299384918  -13.158108414
   -1.808795770   -0.349065850   16.175674473   -9.338133650  -15.401534657
   -1.618396215   -0.349065850   14.438145967   -8.396200069  -16.956484156
   -1.427996661   -0.349065850   13.212547812   -3.803090354  -17.346816310
   -1.237597106   -0.349065850   13.209921433    4.247436034  -16.320283577
   -1.047197551   -0.349065850   14.909481926   13.597247807  -14.012340035
   -0.856797996   -0.349065850   18.265139998   21.074671111  -10.917878320
   -0.666398442   -0.349065850   22.632004678   23.784779432   -7.668846139
   -0.475998887   -0.349065850   26.919951217   20.112703745   -4.758955637
   -0.285599332   -0.349065850   29.889361905   10.083080314   -2.376968947
   -0.095199777   -0.349065850   30.466215923   -4.622285749   -0.393524345
    0.095199777   -0.349065850   28.042678151  -20.748447678    1.493644230
    0.285599332   -0.349065850   22.758511656  -33.856531409    3.560266602
    0.475998887   -0.349065850   15.646988123  -39.219145425    5.867981952
    0.666398442   -0.349065850    8.528127941  -33.678879272    8.184235150
    0.856797996   -0.349065850    3.511096674  -17.574240590   10.045132844
    1.047197551   -0.349065850    2.235112183    4.580898153   10.970862341
    1.237597106   -0.349065850    5.197212736   25.725897476   10.705996681
    1.427996661   -0.349065850   11.564509882   39.535473525    9.351035194
    1.618396215   -0.349065850   19.600987224   43.184203684    7.316963255
    1.808795770   -0.349065850   27.438984754   37.950238513    5.134384554
    1.999195325   -0.349065850   33.726357389   27.598172453    3.235881082
    2.189594880   -0.349065850   37.869675686   15.960942713    1.834999912
    2.379994435   -0.349065850   39.873593876    5.362454772    0.921942888
    2.570393989   -0.349065850   40.023425238   -3.484458570    0.338695418
    2.760793544   -0.349065850   38.653829548  -10.610196814   -0.133444811
    2.951193099   -0.349065850   36.101812883  -15.923504520   -0.705875119

   -3.141592654    0.000000000   32.319139585  -20.427743865   -2.070902334
   -2.951193099    0.000000000   28.325784272  -21.119510702   -3.254317296
   -2.760793544    0.000000000   24.458320589  -19.169489617   -4.687087214
   -2.570393989    0.000000000   21.119384193  -15.823154297   -6.345626862
   -2.379994435    0.000000000   18.402363929  -12.941436696   -8.211709192
   -2.189594880    0.000000000   16.072901864  -11.868506302  -10.244585753
   -1.999195325    0.000000000   13.778699282  -12.373798302  -12.301079641
   -1.808795770    0.000000000   11.382585159  -12.514898441  -14.061679627
   -1.618396215    0.000000000    9.199258493   -9.757547106  -15.063920464
   -1.427996661    0.000000000    7.943004715   -2.705529040  -14.880934695
   -1.237597106    0.000000000    8.387734069    7.777007637  -13.362869450
   -1.047197551    0.000000000   10.935161365   18.792171540  -10.765828640
   -0.856797996    0.000000000   15.345865253   26.759933575   -7.663649100
   -0.666398442    0.000000000   20.755815305   28.924629919   -4.672819207
   -0.475998887    0.000000000   25.928252246   24.240942808   -2.162075422
   -0.285599332    0.000000000   29.600011521   13.413736429   -0.116443182
   -0.095199777    0.000000000   30.786214499   -1.428067810    1.810042806
    0.095199777    0.000000000   29.015724327  -16.989161169    4.074586365
    0.285599332    0.000000000   24.531296788  -29.213961447    6.975164426
    0.475998887    0.000000000   18.367082415  -34.026672541   10.429867707
    0.666398442    0.000000000   12.217707316  -28.897788722   13.913384364
    0.856797996    0.000000000    7.976174450  -14.419500756   16.609372053
    1.047197551    0.000000000    7.068625907    5.190974395   17.758435452
    1.237597106    0.000000000    9.883615089   23.615976378   17.017058578
    1.427996661    0.000000000   15.636738971   35.362683707   14.620304304
    1.618396215    0.000000000   22.773439898   38.117030141   11.263565101
    1.808795770    0.000000000   29.656057477   33.149085424    7.779490630
    1.999195325    0.000000000   35.117778794   23.806746062    4.808410490
    2.189594880    0.000000000   38.655627073   13.385972415    2.635127997
    2.379994435    0.000000000   40.270481648    3.792204682    1.212125618
    2.570393989    0.000000000   40.184124212   -4.470164418    0.296687782
    2.760793544    0.000000000   38.646219816  -11.458449404   -0.405798336
    2.951193099    0.000000000   35.914765165  -17.000619187   -1.143514004

   -3.141592654    0.349065850   31.873643671  -21.755327976   -2.508969896
   -2.951193099    0.349065850   27.589003122  -22.842395356   -3.543696413
   -2.760793544    0.349065850   23.351892183  -21.324096567   -4.648404275
   -2.570393989    0.349065850   19.560035705  -18.427917067   -5.801586315
   -2.379994435    0.349065850   16.304555568  -15.984230164   -7.017046218
   -2.189594880    0.349065850   13.363861221  -15.201958391   -8.302561256
   -1.999195325    0.349065850   10.438623214  -15.569356983   -9.573134571
   -1.808795770    0.349065850    7.503726770  -14.838486425  -10.584855617
   -1.618396215    0.349065850    5.027210604  -10.390689786  -10.976670515
   -1.427996661    0.349065850    3.855569043   -1.152149253  -10.435832975
   -1.237597106    0.349065850    4.796988088   11.348737141   -8.899474542
   -1.047197551    0.349065850    8.155336923   23.556578357   -6.638803249
   -0.856797996    0.349065850   13.499270001   31.620107156   -4.151048177
   -0.666398442    0.349065850   19.773943274   33.060913738   -1.904495926
   -0.475998887    0.349065850   25.646083506   27.485336289   -0.095460520
   -0.285599332    0.349065850   29.887175174   16.276166516    1.440558565
   -0.095199777    0.349065850   31.651013509    1.928798167    3.138961478
    0.095199777    0.349065850   30.630853661  -12.375032360    5.474474769
    0.285599332    0.349065850   27.165669996  -23.160753917    8.686263694
    0.475998887    0.349065850   22.244615946  -27.208155851   12.571642476
    0.666398442    0.349065850   17.357729215  -22.745673008   16.448374879
    0.856797996    0.349065850   14.091851851  -10.592997372   19.355230454
    1.047197551    0.349065850   13.592612156    5.535472021   20.447512006
    1.237597106    0.349065850   16.123556313   20.372212460   19.386684769
    1.427996661    0.349065850   20.988604347   29.517328289   16.494293234
    1.618396215    0.349065850   26.889779590   31.264576748   12.589349082
    1.808795770    0.349065850   32.495060556   26.795068634    8.610075654
    1.999195325    0.349065850   36.872283499   18.860790654    5.251448154
    2.189594880    0.349065850   39.623544557   10.052311123    2.798037208
    2.379994435    0.349065850   40.735468407    1.766486792    1.169505326
    2.570393989    0.349065850   40.347052974   -5.706286945    0.088188930
    2.760793544    0.349065850   38.608004038  -12.405562224   -0.753333627
    2.951193099    0.349065850   35.692061858  -18.026540444   -1.583350777

   -3.141592654    0.698131701   31.494045931  -22.664619753   -2.908736528
   -2.951193099    0.698131701   27.021743416  -23.891565494   -3.755677941
   -2.760793544    0.698131701   22.568713508  -22.540355851   -4.464642150
   -2.570393989    0.698131701   18.525879310  -19.856409358   -4.998260598
   -2.379994435    0.698131701   14.974859277  -17.661208722   -5.387782515
   -2.189594880    0.698131701   11.695411513  -17.055477022   -5.692481806
   -1.999195325    0.698131701    8.421551727  -17.308587469   -5.922522125
   -1.808795770    0.698131701    5.205504827  -15.957179181   -5.985672561
   -1.618396215    0.698131701    2.618836552  -10.352847871   -5.715453629
   -1.427996661    0.698131701    1.589742716    0.312962239   -4.976864404
   -1.237597106    0.698131701    2.933686614   14.031820800   -3.782688544
   -1.047197551    0.698131701    6.871043704   26.823479469   -2.325617719
   -0.856797996    0.698131701   12.832856803   34.731555963   -0.892266583
   -0.666398442    0.698131701   19.646264662   35.578379926    0.303011102
   -0.475998887    0.698131701   25.945476407   29.517385294    1.260757305
   -0.285599332    0.698131701   30.573693377   18.442903692    2.232237148
   -0.095199777    0.698131701   32.828831023    5.057776090    3.630576374
    0.095199777    0.698131701   32.547889785   -7.682509476    5.841722432
    0.285599332    0.698131701   30.129184461  -16.935200994    8.998045390
    0.475998887    0.698131701   26.476621414  -20.324263981   12.811293043
    0.666398442    0.698131701   22.843620781  -16.756351848   16.554614739
    0.856797996    0.698131701   20.498775019   -7.163135066   19.273051712
    1.047197551    0.698131701   20.317336724    5.351972290   20.164362638
    1.237597106    0.698131701   22.463213167   16.620609167   18.944740031
    1.427996661    0.698131701   26.355591525   23.306249334   15.976455232
    1.618396215    0.698131701   30.969193622   24.229861132   12.086313536
    1.808795770    0.698131701   35.277508942   20.406767487    8.184795040
    1.999195325    0.698131701   38.572195166   13.956704225    4.921559321
    2.189594880    0.698131701   40.546768319    6.772301944    2.536504860
    2.379994435    0.698131701   41.164401913   -0.223294825    0.921470130
    2.570393989    0.698131701   40.480010033   -6.909158112   -0.204155930
    2.760793544    0.698131701   38.549998923  -13.268558928   -1.122909111
    2.951193099    0.698131701   35.476448875  -18.840120455   -2.011939870

   -3.141592654    1.047197551   30.242626567  -24.382141502   -4.552643994
   -2.951193099    1.047197551   25.477049222  -25.195097710   -5.542534279
   -2.760793544    1.047197551   20.831264065  -23.238637464   -6.108727970
   -2.570393989    1.047197551   16.715051127  -19.945098935   -6.146694750
   -2.379994435    1.047197551   13.192764125  -17.306392747   -5.685238680
   -2.189594880    1.047197551   10.006708277  -16.456427487   -4.852229140
   -1.999195325    1.047197551    6.862016127  -16.551459716   -3.802827928
   -1.808795770    1.047197551    3.809505553  -14.976291283   -2.663692361
   -1.618396215    1.047197551    1.440892342   -9.027140868   -1.525063053
   -1.427996661    1.047197551    0.700470266    2.006123814   -0.463902575
   -1.237597106    1.047197551    2.390382348   15.926115767    0.437543503
   -1.047197551    1.047197551    6.684406461   28.618210523    1.105725809
   -0.856797996    1.047197551   12.956724568   36.166800034    1.515596277
   -0.666398442    1.047197551   20.005337608   36.632800195    1.738220208
   -0.475998887    1.047197551   26.492124162   30.510866951    1.965626645
   -0.285599332    1.047197551   31.349469311   19.967969312    2.497232784
   -0.095199777    1.047197551   33.998079142    7.764516090    3.668513453
    0.095199777    1.047197551   34.379968558   -3.400921401    5.727293180
    0.285599332    1.047197551   32.918475583  -11.251032588    8.678923944
    0.475998887    1.047197551   30.416433218  -14.132990155   12.169574252
    0.666398442    1.047197551   27.897982632  -11.507667063   15.491879344
    0.856797996    1.047197551   26.341287828   -4.352488007   17.789541001
    1.047197551    1.047197551   26.384905992    4.837738349   18.385673700
    1.237597106    1.047197551   28.118412031   12.919131284   17.087722895
    1.427996661    1.047197551   31.082849947   17.500361067   14.273090132
    1.618396215    1.047197551   34.509669927   17.818743922   10.702336272
    1.808795770    1.047197551   37.645106355   14.664591832    7.172891613
    1.999195325    1.047197551   39.966876316    9.527944858    4.224415575
    2.189594880    1.047197551   41.226642189    3.647217194    2.019536332
    2.379994435    1.047197551   41.341654973   -2.463231235    0.414045902
    2.570393989    1.047197551   40.274266024   -8.768995975   -0.872628567
    2.760793544    1.047197551   37.996829736  -15.092476637   -2.088643022
    2.951193099    1.047197551   34.570778975  -20.697222080   -3.339426130

   -3.141592654    1.396263402   27.961535249  -27.320451415   -6.360587390
   -2.951193099    1.396263402   22.711810919  -27.224927988   -7.540036091
   -2.760793544    1.396263402   17.809840186  -23.831463504   -8.022988722
   -2.570393989    1.396263402   13.735523818  -18.915583045   -7.642132848
   -2.379994435    1.396263402   10.549794175  -14.863939129   -6.423131733
   -2.189594880    1.396263402    7.926104306  -13.085572432   -4.552274578
   -1.999195325    1.396263402    5.465545109  -12.832657239   -2.308480922
   -1.808795770    1.396263402    3.110313427  -11.454471572   -0.008831605
   -1.618396215    1.396263402    1.357461193   -6.143820881    2.026659026
   -1.427996661    1.396263402    1.080975769    3.961673838    3.522794272
   -1.237597106    1.396263402    3.046554203   16.868225240    4.317605395
   -1.047197551    1.396263402    7.433593202   28.692721393    4.419890100
   -0.856797996    1.396263402   13.664008362   35.719410387    4.011823791
   -0.666398442    1.396263402   20.615304157   36.132993088    3.395390381
   -0.475998887    1.396263402   27.043005352   30.467685939    2.916118079
   -0.285599332    1.396263402   31.972850588   20.838925022    2.906243183
   -0.095199777    1.396263402   34.901363691    9.869512565    3.626781688
    0.095199777    1.396263402   35.809306946    0.000411819    5.202830175
    0.285599332    1.396263402   35.096364805   -6.883818748    7.543462049
    0.475998887    1.396263402   33.459583404   -9.579678434   10.282860931
    0.666398442    1.396263402   31.740815243   -7.846339229   12.811823458
    0.856797996    1.396263402   30.711762781   -2.609898573   14.457877426
    1.047197551    1.396263402   30.856377358    4.127522453   14.728072828
    1.237597106    1.396263402   32.231271307    9.961218297   13.523936005
    1.427996661    1.396263402   34.481239896   13.130309993   11.181483443
    1.618396215    1.396263402   37.026728336   13.102077800    8.305157240
    1.808795770    1.396263402   39.301486280   10.445214222    5.495048630
    1.999195325    1.396263402   40.899399642    6.157668657    3.128568857
    2.189594880    1.396263402   41.590256970    0.986235425    1.277275585
    2.379994435    1.396263402   41.232688595   -4.847315927   -0.226641850
    2.570393989    1.396263402   39.701064681  -11.324200015   -1.641057588
    2.760793544    1.396263402   36.900588329  -18.039900849   -3.157905493
    2.951193099    1.396263402   32.883966733  -23.888087415   -4.794765910

   -3.141592654    1.745329252   25.310724529  -30.465816477   -7.565127092
   -2.951193099    1.745329252   19.559529892  -29.219549019   -8.877649560
   -2.760793544    1.745329252   14.436427263  -24.086406988   -9.282189858
   -2.570393989    1.745329252   10.499048547  -17.224815783   -8.540730220
   -2.379994435    1.745329252    7.805853360  -11.450186751   -6.658592775
   -2.189594880    1.745329252    5.953890686   -8.506475973   -3.857416700
   -1.999195325    1.745329252    4.417058115   -7.844470001   -0.508741570
   -1.808795770    1.745329252    2.985044796   -6.880342451    2.920440371
   -1.618396215    1.745329252    2.003985800   -2.715364223    5.917197325
   -1.427996661    1.745329252    2.233045529    5.802202021    8.013969541
   -1.237597106    1.745329252    4.394181298   17.118950858    8.923859952
   -1.047197551    1.745329252    8.709168365   27.783136629    8.651904619
   -0.856797996    1.745329252   14.709051505   34.322352329    7.501609536
   -0.666398442    1.745329252   21.403258891   34.920508015    5.964040555
   -0.475998887    1.745329252   27.660427106   29.951000555    4.553932262
   -0.285599332    1.745329252   32.583226857   21.311755546    3.687455559
   -0.095199777    1.745329252   35.704911445   11.421256489    3.604823859
    0.095199777    1.745329252   37.003135040    2.505677618    4.345798088
    0.285599332    1.745329252   36.829638485   -3.811845786    5.746473100
    0.475998887    1.745329252   35.783107022   -6.580014480    7.453359524
    0.666398442    1.745329252   34.568492363   -5.664330322    8.987739353
    0.856797996    1.745329252   33.824790467   -1.863928282    9.890097662
    1.047197551    1.745329252   33.952776040    3.210364944    9.864654084
    1.237597106    1.745329252   35.011776590    7.640732977    8.893663748
    1.427996661    1.745329252   36.732964200   10.016252093    7.234369211
    1.618396215    1.745329252   38.664657512    9.871350174    5.287418248
    1.808795770    1.745329252   40.352859665    7.566365225    3.416776661
    1.999195325    1.745329252   41.448374115    3.748009759    1.818231131
    2.189594880    1.745329252   41.710270513   -1.165282271    0.474291257
    2.379994435    1.745329252   40.937307049   -7.125677574   -0.790596543
    2.570393989    1.745329252   38.931715523  -14.066137819   -2.195001559
    2.760793544    1.745329252   35.555861874  -21.327302936   -3.869419486
    2.951193099    1.745329252   30.881318643  -27.421054502   -5.754478662

   -3.141592654    2.094395102   22.600115073  -33.479711337   -6.783642450
   -2.951193099    2.094395102   16.393606932  -30.852095808   -7.822851710
   -2.760793544    2.094395102   11.146050206  -23.681778175   -7.966537679
   -2.570393989    2.094395102    7.501154204  -14.560538618   -6.981062782
   -2.379994435    2.094395102    5.514358472   -6.769047184   -4.856457647
   -2.189594880    2.094395102    4.699933184   -2.413094713   -1.791445037
   -1.999195325    2.094395102    4.391968850   -1.186227306    1.849722783
   -1.808795770    2.094395102    4.202960486   -0.654921722    5.571730769
   -1.618396215    2.094395102    4.285320120    2.073390205    8.797525646
   -1.427996661    2.094395102    5.226198629    8.400364238   10.982840165
   -1.237597106    2.094395102    7.650221468   17.296341471   11.786762480
   -1.047197551    2.094395102   11.795747027   25.939733781   11.208361004
   -0.856797996    2.094395102   17.319409622   31.326952174    9.593588499
   -0.666398442    2.094395102   23.414711655   31.771637148    7.496970085
   -0.475998887    2.094395102   29.125942909   27.468688115    5.478453094
   -0.285599332    2.094395102   33.678787167   19.949060918    3.951291729
   -0.095199777    2.094395102   36.656287103   11.251369323    3.102860593
    0.095199777    2.094395102   38.018948929    3.291802030    2.905065572
    0.285599332    2.094395102   38.051702663   -2.520113998    3.171100051
    0.475998887    2.094395102   37.257161182   -5.320318990    3.627060257
    0.666398442    2.094395102   36.239905153   -4.906885113    3.993512094
    0.856797996    2.094395102   35.566535865   -1.898284272    4.074730892
    1.047197551    2.094395102   35.608322439    2.361245412    3.795079167
    1.237597106    2.094395102   36.443407305    6.192609377    3.206959108
    1.427996661    2.094395102   37.857314760    8.296986685    2.449850074
    1.618396215    2.094395102   39.459994553    8.173909752    1.673113094
    1.808795770    2.094395102   40.839901711    6.033729543    0.968374497
    1.999195325    2.094395102   41.656431225    2.323623282    0.338484163
    2.189594880    2.094395102   41.639865756   -2.714983900   -0.304474062
    2.379994435    2.094395102   40.534851389   -9.114542605   -1.102794075
    2.570393989    2.094395102   38.088988026  -16.725540552   -2.189769813
    2.760793544    2.094395102   34.142625214  -24.628359165   -3.608330394
    2.951193099    2.094395102   28.807525537  -30.952494049   -5.240686546

   -3.141592654    2.443460953   20.509571079  -35.662313975   -3.475040133
   -2.951193099    2.443460953   13.989192242  -31.856021008   -3.612117893
   -2.760793544    2.443460953    8.709140617  -22.951492989   -3.053015548
   -2.570393989    2.443460953    5.388804039  -11.876964707   -1.664605480
   -2.379994435    2.443460953    4.089541748   -2.284332613    0.548023342
   -2.189594880    2.443460953    4.265713779    3.407724266    3.448768610
   -1.999195325    2.443460953    5.138044517    5.252230631    6.770439382
   -1.808795770    2.443460953    6.161623805    5.476916883   10.099934070
   -1.618396215    2.443460953    7.301958278    6.891502344   12.900502470
   -1.427996661    2.443460953    8.966163669   11.072908465   14.629403985
   -1.237597106    2.443460953   11.661814693   17.469772569   14.931736910
   -1.047197551    2.443460953   15.619673472   23.892836297   13.801484498
   -0.856797996    2.443460953   20.603056872   27.857449916   11.597414509
   -0.666398442    2.443460953   25.982261529   27.872606706    8.894274254
   -0.475998887    2.443460953   30.980631815   23.989476969    6.255907151
   -0.285599332    2.443460953   34.952414489   17.367568041    4.062854333
   -0.095199777    2.443460953   37.532643406    9.639928064    2.434741540
    0.095199777    2.443460953   38.664353281    2.423140854    1.279088660
    0.285599332    2.443460953   38.573909601   -3.009493891    0.399130584
    0.475998887    2.443460953   37.695977333   -5.753933847   -0.380710573
    0.666398442    2.443460953   36.586115562   -5.447402002   -1.128953470
    0.856797996    2.443460953   35.797906000   -2.539357109   -1.783180995
    1.047197551    2.443460953   35.716966609    1.742916114   -2.219197553
    1.237597106    2.443460953   36.447068712    5.731828032   -2.341860339
    1.427996661    2.443460953   37.792737425    8.045374247   -2.149634736
    1.618396215    2.443460953   39.363595615    8.074316282   -1.746453550
    1.808795770    2.443460953   40.728217619    5.944380041   -1.294063732
    1.999195325    2.443460953   41.513968148    2.054681332   -0.948713128
    2.189594880    2.443460953   41.412412001   -3.373157817   -0.825542005
    2.379994435    2.443460953   40.129529140  -10.351216058   -0.987480979
    2.570393989    2.443460953   37.384677096  -18.632681699   -1.442083180
    2.760793544    2.443460953   33.018074215  -27.098102166   -2.125834970
    2.951193099    2.443460953   27.187685173  -33.596861451   -2.885055274

   -3.141592654    2.792526803   19.919114883  -35.666591575    1.658433746
   -2.951193099    2.792526803   13.469984084  -31.063223037    2.776079384
   -2.760793544    2.792526803    8.434641566  -21.152085914    4.187002673
   -2.570393989    2.792526803    5.558870064   -9.008514682    5.856564236
   -2.379994435    2.792526803    4.902064231    1.569598372    7.761225095
   -2.189594880    2.792526803    5.888033511    8.003688569    9.887410105
   -1.999195325    2.792526803    7.671790023   10.133042776   12.167500464
   -1.808795770    2.792526803    9.597824165    9.940782648   14.388725155
   -1.618396215    2.792526803   11.481376523   10.094371945   16.163893907
   -1.427996661    2.792526803   13.575721443   12.296975003   17.031567822
   -1.237597106    2.792526803   16.288861789   16.431500259   16.658043269
   -1.047197551    2.792526803   19.852915847   20.891659511   15.017285837
   -0.856797996    2.792526803   24.136123312   23.653073176   12.425858500
   -0.666398442    2.792526803   28.672592109   23.362591231    9.405943437
   -0.475998887    2.792526803   32.842017069   19.880578132    6.463061146
   -0.285599332    2.792526803   36.098158564   13.977019308    3.907569276
   -0.095199777    2.792526803   38.098961011    6.912496657    1.786174625
    0.095199777    2.792526803   38.753489519    0.089191095   -0.047094242
    0.285599332    2.792526803   38.234922549   -5.202225641   -1.789833156
    0.475998887    2.792526803   36.947065506   -7.852529355   -3.531402658
    0.666398442    2.792526803   35.460808441   -7.239809682   -5.165939370
    0.856797996    2.792526803   34.386896495   -3.678333074   -6.420733488
    1.047197551    2.792526803   34.174070545    1.530427900   -7.004596543
    1.237597106    2.792526803   34.955465905    6.465599113   -6.778114592
    1.427996661    2.792526803   36.510916866    9.453401889   -5.841470238
    1.618396215    2.792526803   38.379466244    9.717201946   -4.493577448
    1.808795770    2.792526803   40.045116959    7.403183873   -3.092052325
    1.999195325    2.792526803   41.068236524    3.058181912   -1.908098722
    2.189594880    2.792526803   41.105340763   -2.923603534   -1.054764326
    2.379994435    2.792526803   39.857435421  -10.419069344   -0.495500248
    2.570393989    2.792526803   37.060523686  -19.083899436   -0.100094678
    2.760793544    2.792526803   32.588428822  -27.714720468    0.296568521
    2.951193099    2.792526803   26.648355167  -34.079088270    0.846778598
