#! FIELDS phi psi file.free der_phi der_psi
#! SET min_phi -pi
#! SET max_phi pi
#! SET nbins_phi  33
#! SET periodic_phi true
#! SET min_psi -pi
#! SET max_psi pi
#! SET nbins_psi  18
#! SET periodic_psi true
   -3.141592654   -3.141592654   18.583124181  -54.411046516   16.398559161
   -2.951193099   -3.141592654    9.967404179  -35.411374956   19.085863545
   -2.760793544   -3.141592654    5.234750134  -14.595713265   20.816032658
   -2.570393989   -3.141592654    4.181401086    2.472536403   21.643386342
   -2.379994435   -3.141592654    5.720171465   12.358564867   21.972306948
   -2.189594880   -3.141592654    8.413272996   14.824445579   22.440461596
   -1.999195325   -3.141592654   11.063404099   12.546144842   23.653414229
   -1.808795770   -3.141592654   13.151317946    9.612378432   25.858673121
   -1.618396215   -3.141592654   14.930756182    9.829914746   28.757516803
   -1.427996661   -3.141592654   17.226635937   15.157967133   31.567054700
   -1.237597106   -3.141592654   20.998743568   24.976344103   33.335860764
   -1.047197551   -3.141592654   26.857305957   36.439268986   33.340296895
   -0.856797996   -3.141592654   34.738785669   45.526266332   31.333553819
   -0.666398442   -3.141592654   43.833511648   48.615691684   27.550253632
   -0.475998887   -3.141592654   52.777773129   43.862504294   22.508816794
   -0.285599332   -3.141592654   60.055411296   31.302194471   16.767815475
   -0.095199777   -3.141592654   64.337691592   12.836833815   10.755139479
    0.095199777   -3.141592654   64.793654989   -8.214485248    4.759859008
    0.285599332   -3.141592654   61.342952294  -27.390799061   -0.994558713
    0.475998887   -3.141592654   54.825133320  -39.589738095   -6.223213967
    0.666398442   -3.141592654   47.006919105  -40.462800258  -10.528733837
    0.856797996   -3.141592654   40.255924549  -28.495513745  -13.468483345
    1.047197551   -3.141592654   36.819662573   -6.499049770  -14.732403896
    1.237597106   -3.141592654   37.992932087   18.553625909  -14.315673034
    1.427996661   -3.141592654   43.545432968   38.157151944  -12.548456433
    1.618396215   -3.141592654   51.752045980   45.657456576   -9.958038316
    1.808795770   -3.141592654   60.009754900   38.727000316   -7.031859977
    1.999195325   -3.141592654   65.717565453   19.555381433   -4.044635798
    2.189594880   -3.141592654   67.013900084   -6.576073132   -1.021293666
    2.379994435   -3.141592654   63.175763534  -33.316615643    2.153112764
    2.570393989   -3.141592654   54.669670150  -54.721902346    5.594285683
    2.760793544   -3.141592654   42.967219267  -66.321308057    9.279137271
    2.951193099   -3.141592654   30.184700535  -65.941084310   12.999884236

   -3.141592654   -2.792526803   26.211267749  -49.363058956   25.060095622
   -2.951193099   -2.792526803   18.356426079  -32.525529857   27.601692685
   -2.760793544   -2.792526803   13.965374557  -13.839415517   28.808562970
   -2.570393989   -2.792526803   12.900804387    1.757549589   28.925258757
   -2.379994435   -2.792526803   14.253597767   11.337289207   28.516913632
   -2.189594880   -2.792526803   16.828478570   14.807201294   28.277846927
   -1.999195325   -2.792526803   19.650856639   14.466919767   28.766092117
   -1.808795770   -2.792526803   22.303452494   13.552799897   30.134608504
   -1.618396215   -2.792526803   24.956850417   14.833065676   32.012654427
   -1.427996661   -2.792526803   28.172101659   19.493936180   33.592135682
   -1.237597106   -2.792526803   32.554358237   26.779326218   33.936785067
   -1.047197551   -2.792526803   38.403001275   34.403605535   32.366792665
   -0.856797996   -2.792526803   45.497780358   39.347549264   28.714117987
   -0.666398442   -2.792526803   53.067949692   38.970400292   23.340499135
   -0.475998887   -2.792526803   59.943681901   32.032404752   16.932394218
   -0.285599332   -2.792526803   64.872934637   18.694576778   10.214526128
   -0.095199777   -2.792526803   66.777158677    0.647600575    3.746342739
    0.095199777   -2.792526803   65.021938839  -19.131588769   -2.107312366
    0.285599332   -2.792526803   59.662592671  -36.431360316   -7.110257420
    0.475998887   -2.792526803   51.640027403  -46.278466763  -11.037976233
    0.666398442   -2.792526803   42.802582960  -44.423543848  -13.651474482
    0.856797996   -2.792526803   35.570602280  -29.572099572  -14.768545615
    1.047197551   -2.792526803   32.187310871   -4.924247190  -14.380696394
    1.237597106   -2.792526803   33.863868852   22.151066648  -12.721557870
    1.427996661   -2.792526803   40.227565370   42.955212679  -10.196039734
    1.618396215   -2.792526803   49.404885119   50.980002896   -7.211397486
    1.808795770   -2.792526803   58.699206683   44.283813597   -4.006309582
    1.999195325   -2.792526803   65.492226381   25.439907501   -0.599291266
    2.189594880   -2.792526803   67.960328015   -0.117995405    3.142250797
    2.379994435   -2.792526803   65.418804318  -26.158022736    7.339139249
    2.570393989   -2.792526803   58.329256645  -47.071591921   11.967998477
    2.760793544   -2.792526803   48.088846920  -58.742268561   16.775847595
    2.951193099   -2.792526803   36.681264521  -59.232683951   21.314919025

   -3.141592654   -2.443460953   34.869696856  -43.928413051   23.318400820
   -2.951193099   -2.443460953   27.827426138  -29.466547469   25.330712459
   -2.760793544   -2.443460953   23.798209572  -13.022578615   26.113311315
   -2.570393989   -2.443460953   22.730503517    1.073150246   25.937880358
   -2.379994435   -2.443460953   23.896371857   10.247184679   25.298905613
   -2.189594880   -2.443460953   26.310846205   14.359853451   24.721705705
   -1.999195325   -2.443460953   29.160079655   15.230770963   24.562151877
   -1.808795770   -2.443460953   32.063795193   15.326996510   24.841335627
   -1.618396215   -2.443460953   35.076863002   16.618667494   25.213576454
   -1.427996661   -2.443460953   38.516571092   19.812586230   25.064256399
   -1.237597106   -2.443460953   42.705633001   24.256648425   23.751751771
   -1.047197551   -2.443460953   47.739019408   28.339241014   20.886589835
   -0.856797996   -2.443460953   53.355422124   30.020840100   16.503572793
   -0.666398442   -2.443460953   58.922093048   27.501302175   11.048903912
   -0.475998887   -2.443460953   63.525854795   19.899249515    5.190700605
   -0.285599332   -2.443460953   66.190350752    7.235590827   -0.436839859
   -0.095199777   -2.443460953   66.051770111   -9.230298868   -5.404406890
    0.095199777   -2.443460953   62.604886598  -26.970188234   -9.499406639
    0.285599332   -2.443460953   55.963445065  -42.029458259  -12.646740416
    0.475998887   -2.443460953   47.096542931  -49.526867528  -14.785010255
    0.666398442   -2.443460953   37.868233199  -45.278744000  -15.832416983
    0.856797996   -2.443460953   30.691344954  -28.167627570  -15.738613409
    1.047197551   -2.443460953   27.757271771   -1.688609804  -14.563769442
    1.237597106   -2.443460953   30.172327757   26.566306723  -12.521800281
    1.427996661   -2.443460953   37.436085958   47.908222032   -9.911161370
    1.618396215   -2.443460953   47.575351779   56.106975634   -6.990351177
    1.808795770   -2.443460953   57.861997297   49.613302345   -3.875167002
    1.999195325   -2.443460953   65.713354314   31.290063985   -0.532196126
    2.189594880   -2.443460953   69.374134916    6.595594042    3.149561696
    2.379994435   -2.443460953   68.205303142  -18.468477723    7.231032088
    2.570393989   -2.443460953   62.652580364  -38.711441375   11.631954234
    2.760793544   -2.443460953   54.014758809  -50.424156678   16.074152411
    2.951193099   -2.443460953   44.113159400  -51.914949786   20.126542452

   -3.141592654   -2.094395102   41.423966401  -39.695570414   14.848554909
   -2.951193099   -2.094395102   35.018314091  -27.033608218   15.915015969
   -2.760793544   -2.094395102   31.288915439  -12.248375153   16.211059229
   -2.570393989   -2.094395102   30.250172298    0.711427245   15.959094270
   -2.379994435   -2.094395102   31.292134048    9.410027285   15.437979937
   -2.189594880   -2.094395102   33.543803302   13.541872348   14.850982844
   -1.999195325   -2.094395102   36.249712136   14.514138417   14.249108170
   -1.808795770   -2.094395102   38.997636234   14.305654864   13.507806125
   -1.618396215   -2.094395102   41.726552023   14.510365458   12.384006138
   -1.427996661   -2.094395102   44.592347113   15.771142349   10.601343264
   -1.237597106   -2.094395102   47.783412701   17.792096154    7.973842998
   -1.047197551   -2.094395102   51.362059148   19.628488102    4.518116405
   -0.856797996   -2.094395102   55.172093131   19.964877949    0.488822750
   -0.666398442   -2.094395102   58.799721235   17.433303647   -3.686946788
   -0.475998887   -2.094395102   61.586828059   11.073336753   -7.558333578
   -0.285599332   -2.094395102   62.754300341    0.413933242  -10.812944137
   -0.095199777   -2.094395102   61.522211711  -13.909530854  -13.349963162
    0.095199777   -2.094395102   57.364851415  -29.822880332  -15.231675012
    0.285599332   -2.094395102   50.319556497  -43.470307241  -16.575881771
    0.475998887   -2.094395102   41.289888885  -49.809022406  -17.427842783
    0.666398442   -2.094395102   32.114308120  -44.432383131  -17.726739137
    0.856797996   -2.094395102   25.209558964  -26.139227528  -17.356571430
    1.047197551   -2.094395102   22.769778329    1.460417386  -16.232434839
    1.237597106   -2.094395102   25.874155991   30.611303750  -14.381098864
    1.427996661   -2.094395102   33.969797013   52.549267354  -11.936934710
    1.618396215   -2.094395102   45.030497960   61.115471422   -9.081779413
    1.808795770   -2.094395102   56.299748237   54.920851592   -5.977550880
    1.999195325   -2.094395102   65.195866532   36.968787303   -2.732582346
    2.189594880   -2.094395102   69.982770736   12.746406686    0.597444006
    2.379994435   -2.094395102   70.031965137  -11.845123532    3.961120071
    2.570393989   -2.094395102   65.769452299  -31.846858414    7.269203881
    2.760793544   -2.094395102   58.425615118  -43.802549429   10.347375822
    2.951193099   -2.094395102   49.711729582  -46.192211415   12.955065788

   -3.141592654   -1.745329252   44.377102697  -38.160212919    6.009288530
   -2.951193099   -1.745329252   38.169872408  -26.469442605    6.478920866
   -2.760793544   -1.745329252   34.470589471  -12.459481692    6.604984442
   -2.570393989   -1.745329252   33.337325163   -0.039636313    6.452433395
   -2.379994435   -1.745329252   34.195127185    8.223436901    6.030284171
   -2.189594880   -1.745329252   36.172287607   11.811396876    5.249931580
   -1.999195325   -1.745329252   38.475495250   11.960095165    3.962231709
   -1.808795770   -1.745329252   40.633845054   10.625369998    2.033952786
   -1.618396215   -1.745329252   42.538755839    9.524842850   -0.562302057
   -1.427996661   -1.745329252   44.333775702    9.547258252   -3.714365066
   -1.237597106   -1.745329252   46.250256769   10.726871867   -7.176880873
   -1.047197551   -1.745329252   48.456555405   12.425352910  -10.608826089
   -0.856797996   -1.745329252   50.951251429   13.505127070  -13.638125686
   -0.666398442   -1.745329252   53.485169020   12.519885920  -15.943548549
   -0.475998887   -1.745329252   55.521525748    8.135176142  -17.342177804
   -0.285599332   -1.745329252   56.314456991   -0.638189954  -17.862766809
   -0.095199777   -1.745329252   55.021111671  -13.612240063  -17.743177422
    0.095199777   -1.745329252   50.991188396  -28.900142069  -17.341336651
    0.285599332   -1.745329252   44.131399554  -42.508775307  -16.995137916
    0.475998887   -1.745329252   35.266030867  -49.043421907  -16.863947038
    0.666398442   -1.745329252   26.228278109  -43.699569425  -16.869529990
    0.856797996   -1.745329252   19.492170975  -25.019700643  -16.745681297
    1.047197551   -1.745329252   17.336944562    3.391136220  -16.166547667
    1.237597106   -1.745329252   20.908587801   33.599094034  -14.909121435
    1.427996661   -1.745329252   29.675681304   56.580900637  -12.938302413
    1.618396215   -1.745329252   41.585755051   65.939225357  -10.406562539
    1.808795770   -1.745329252   53.820159050   60.161219581   -7.579068058
    1.999195325   -1.745329252   63.724024254   42.251785889   -4.738565425
    2.189594880   -1.745329252   69.498810822   17.791856646   -2.095129294
    2.379994435   -1.745329252   70.472716119   -7.203880397    0.238850255
    2.570393989   -1.745329252   67.045267837  -27.740567640    2.232153934
    2.760793544   -1.745329252   60.420431401  -40.388215529    3.875028781
    2.951193099   -1.745329252   52.277072782  -43.660713587    5.146121483

   -3.141592654   -1.396263402   43.228303604  -38.518655537    2.330090906
   -2.951193099   -1.396263402   36.966531913  -26.666075107    1.972629756
   -2.760793544   -1.396263402   33.251423313  -12.446712006    1.414061640
   -2.570393989   -1.396263402   32.127808404   -0.011592226    0.703658971
   -2.379994435   -1.396263402   32.957915197    7.805539507   -0.227923077
   -2.189594880   -1.396263402   34.763790818   10.326058877   -1.584181201
   -1.999195325   -1.396263402   36.636637423    8.852748052   -3.604022363
   -1.808795770   -1.396263402   38.028337551    5.685229635   -6.411922459
   -1.618396215   -1.396263402   38.837985612    3.057930350   -9.888844446
   -1.427996661   -1.396263402   39.318521728    2.379250536  -13.661561877
   -1.237597106   -1.396263402   39.895231397    4.029282474  -17.201702567
   -1.047197551   -1.396263402   40.966793632    7.389806183  -19.976938605
   -0.856797996   -1.396263402   42.734683974   11.011771553  -21.593263921
   -0.666398442   -1.396263402   45.066790828   12.891615903  -21.883799862
   -0.475998887   -1.396263402   47.425098279   11.034028565  -20.937558979
   -0.285599332   -1.396263402   48.942571239    3.885159707  -19.087360768
   -0.095199777   -1.396263402   48.568280498   -8.698670839  -16.833961329
    0.095199777   -1.396263402   45.412162163  -24.822892706  -14.716710055
    0.285599332   -1.396263402   39.176104413  -40.125657718  -13.155640361
    0.475998887   -1.396263402   30.579186878  -48.579409680  -12.305310104
    0.666398442   -1.396263402   21.481555869  -44.662548190  -12.015661550
    0.856797996   -1.396263402   14.505293571  -26.386742387  -11.915837854
    1.047197551   -1.396263402   12.143659569    2.756839942  -11.577085120
    1.237597106   -1.396263402   15.735135221   34.519604774  -10.699800505
    1.427996661   -1.396263402   24.848871779   59.265453420   -9.208681354
    1.618396215   -1.396263402   37.408802048   69.954878908   -7.241596886
    1.808795770   -1.396263402   50.469585841   64.660927563   -5.061890155
    1.999195325   -1.396263402   61.204493932   46.342194866   -2.949103457
    2.189594880   -1.396263402   67.667731153   20.855068346   -1.107848629
    2.379994435   -1.396263402   69.108494027   -5.364241042    0.358652314
    2.570393989   -1.396263402   65.924829336  -26.969322338    1.426165873
    2.760793544   -1.396263402   59.371288418  -40.343872491    2.101827120
    2.951193099   -1.396263402   51.197433446  -43.979579066    2.397070830

   -3.141592654   -1.047197551   40.835296640  -40.968987623    2.603751097
   -2.951193099   -1.047197551   34.122303795  -28.896326915    1.388453071
   -2.760793544   -1.047197551   30.026241449  -14.201372046   -0.005232852
   -2.570393989   -1.047197551   28.611305469   -1.366399522   -1.486097039
   -2.379994435   -1.047197551   29.186169501    6.367614433   -3.122350550
   -2.189594880   -1.047197551   30.653232301    8.083894888   -5.155180637
   -1.999195325   -1.047197551   31.972161600    5.210567806   -7.858892394
   -1.808795770   -1.047197551   32.525590335    0.564521495  -11.327295454
   -1.618396215   -1.047197551   32.262710995   -2.930944140  -15.303910193
   -1.427996661   -1.047197551   31.609569647   -3.320593444  -19.195870313
   -1.237597106   -1.047197551   31.234316950   -0.063218412  -22.269565606
   -1.047197551   -1.047197551   31.764540556    5.923400474  -23.915694083
   -0.856797996   -1.047197551   33.540120033   12.561566023  -23.855632121
   -0.666398442   -1.047197551   36.434427890   17.131453635  -22.200034935
   -0.475998887   -1.047197551   39.786339593   17.032917915  -19.375303531
   -0.285599332   -1.047197551   42.514327763   10.372910948  -15.995320698
   -0.095199777   -1.047197551   43.319195140   -3.000222119  -12.688175577
    0.095199777   -1.047197551   41.093464529  -20.868339379   -9.949129772
    0.285599332   -1.047197551   35.409452021  -38.286700007   -8.019878229
    0.475998887   -1.047197551   26.980005364  -48.557073399   -6.843564157
    0.666398442   -1.047197551   17.777955763  -45.620672724   -6.132603337
    0.856797996   -1.047197551   10.610584106  -27.275054919   -5.522276046
    1.047197551   -1.047197551    8.159090745    2.799516011   -4.720453509
    1.237597106   -1.047197551   11.884726848   35.891249944   -3.608921799
    1.427996661   -1.047197551   21.380273098   61.829071085   -2.239028313
    1.618396215   -1.047197551   34.500963360   73.162226425   -0.757169684
    1.808795770   -1.047197551   48.177897592   67.800388481    0.675448941
    1.999195325   -1.047197551   59.453208376   48.788644991    1.930749796
    2.189594880   -1.047197551   66.284314710   22.230856403    2.930998084
    2.379994435   -1.047197551   67.875156377   -5.161826378    3.632033343
    2.570393989   -1.047197551   64.624924675  -27.838027766    3.991055535
    2.760793544   -1.047197551   57.820280493  -42.065717786    3.959034371
    2.951193099   -1.047197551   49.261123523  -46.257732252    3.494097058

   -3.141592654   -0.698131701   40.105163892  -44.618761069    2.482463742
   -2.951193099   -0.698131701   32.683568144  -32.618991864    0.148922707
   -2.760793544   -0.698131701   27.898990578  -17.676638051   -2.357170416
   -2.570393989   -0.698131701   25.848909389   -4.595565594   -4.809678723
   -2.379994435   -0.698131701   25.803110363    2.982318955   -7.188072423
   -2.189594880   -0.698131701   26.562462303    3.942092622   -9.703632709
   -1.999195325   -0.698131701   26.986345003   -0.066460729  -12.623179504
   -1.808795770   -0.698131701   26.442168745   -5.576299558  -15.995920186
   -1.618396215   -0.698131701   25.003419609   -8.918915353  -19.462221182
   -1.427996661   -0.698131701   23.338111517   -7.720321398  -22.309796947
   -1.237597106   -0.698131701   22.380281311   -1.617549378  -23.769067676
   -1.047197551   -0.698131701   22.935642546    7.758320962  -23.368314516
   -0.856797996   -0.698131701   25.361772527   17.429618700  -21.148357237
   -0.666398442   -0.698131701   29.390332847   23.957613103  -17.624461136
   -0.475998887   -0.698131701   34.117386901   24.401547762  -13.555527777
   -0.285599332   -0.698131701   38.192362638   16.950480050   -9.674448791
   -0.095199777   -0.698131701   40.095174116    1.837274264   -6.452168466
    0.095199777   -0.698131701   38.591897350  -18.126182503   -4.006727564
    0.285599332   -0.698131701   33.248471961  -37.353099177   -2.131349878
    0.475998887   -0.698131701   24.884306706  -48.644505315   -0.456444643
    0.666398442   -0.698131701   15.647912540  -45.746839574    1.327618466
    0.856797996   -0.698131701    8.521894227  -26.627866254    3.284418797
    1.047197551   -0.698131701    6.300978809    4.574964112    5.213374203
    1.237597106   -0.698131701   10.464395346   38.639574811    6.784703026
    1.427996661   -0.698131701   20.538525553   65.051548759    7.745666874
    1.618396215   -0.698131701   34.271197473   76.271408516    8.063275989
    1.808795770   -0.698131701   48.490645824   70.322783352    7.914687326
    1.999195325   -0.698131701   60.166770410   50.444436226    7.559636487
    2.189594880   -0.698131701   67.220446513   22.904782388    7.194877131
    2.379994435   -0.698131701   68.843050061   -5.506435750    6.862112863
    2.570393989   -0.698131701   65.429534606  -29.201117224    6.427509950
    2.760793544   -0.698131701   58.270736049  -44.405319699    5.665107053
    2.951193099   -0.698131701   49.184969333  -49.414670165    4.369596197

   -3.141592654   -0.349065850   40.687178169  -49.709992079    2.153692599
   -2.951193099   -0.349065850   32.233683387  -38.243580675   -0.891515941
   -2.760793544   -0.349065850   26.378843803  -23.193409521   -4.012413006
   -2.570393989   -0.349065850   23.320014659   -9.649452888   -6.931104411
   -2.379994435   -0.349065850   22.349386325   -1.734885099   -9.601130263
   -2.189594880   -0.349065850   22.208825738   -0.864321923  -12.210129967
   -1.999195325   -0.349065850   21.684482189   -5.216296400  -14.970816929
   -1.808795770   -0.349065850   20.151935637  -10.675436215  -17.828805422
   -1.618396215   -0.349065850   17.830631328  -12.858616598  -20.305378478
   -1.427996661   -0.349065850   15.636425338   -9.119140043  -21.632375600
   -1.237597106   -0.349065850   14.733972940    0.448205435  -21.139524937
   -1.047197551   -0.349065850   16.014831837   13.204682870  -18.646870827
   -0.856797996   -0.349065850   19.716618128   25.124180380  -14.615685421
   -0.666398442   -0.349065850   25.288800241   32.177532782   -9.955724258
   -0.475998887   -0.349065850   31.496879732   31.492663866   -5.629106048
   -0.285599332   -0.349065850   36.728868318   21.913152062   -2.281276704
   -0.095199777   -0.349065850   39.359612932    4.575089904   -0.021358093
    0.095199777   -0.349065850   38.220329742  -16.866097122    1.533834882
    0.285599332   -0.349065850   33.070695758  -36.368031017    3.040122867
    0.475998887   -0.349065850   24.958778043  -46.835058711    5.080915120
    0.666398442   -0.349065850   16.191479575  -42.632134146    7.857264198
    0.856797996   -0.349065850    9.764656237  -22.535283801   11.047804988
    1.047197551   -0.349065850    8.346674747    8.725797246   13.959733770
    1.237597106   -0.349065850   13.225485870   41.852528215   15.877427317
    1.427996661   -0.349065850   23.772417815   66.759666021   16.412424963
    1.618396215   -0.349065850   37.686865455   76.530642714   15.664967306
    1.808795770   -0.349065850   51.855868319   69.638414735   14.115396709
    1.999195325   -0.349065850   63.359247670   49.400611097   12.344638924
    2.189594880   -0.349065850   70.208768412   21.831429628   10.762358065
    2.379994435   -0.349065850   71.620811878   -6.695389486    9.467923631
    2.570393989   -0.349065850   67.938799646  -30.913635499    8.257554325
    2.760793544   -0.349065850   60.364020190  -47.133932194    6.790601857
    2.951193099   -0.349065850   50.638918641  -53.412533876    4.778376939

   -3.141592654    0.000000000   41.586725070  -54.785712750    1.373428304
   -2.951193099    0.000000000   32.108391888  -43.811417084   -1.479228338
   -2.760793544    0.000000000   25.193773376  -28.659003751   -4.290993560
   -2.570393989    0.000000000   21.133200529  -14.678118646   -6.838664451
   -2.379994435    0.000000000   19.243050894   -6.403892831   -9.103935383
   -2.189594880    0.000000000   18.224913868   -5.451119881  -11.247683522
   -1.999195325    0.000000000   16.828799898   -9.738766770  -13.409775966
   -1.808795770    0.000000000   14.485590580  -14.502135021  -15.451860590
   -1.618396215    0.000000000   11.595280596  -14.779865893  -16.864946284
   -1.427996661    0.000000000    9.316449611   -7.924625203  -16.954530639
   -1.237597106    0.000000000    8.981420028    5.194433939  -15.242808943
   -1.047197551    0.000000000   11.453266460   20.739921417  -11.820113391
   -0.856797996    0.000000000   16.721716397   33.706727420   -7.396984997
   -0.666398442    0.000000000   23.867832023   39.825687135   -2.999036939
   -0.475998887    0.000000000   31.325482031   36.810355536    0.501971994
   -0.285599332    0.000000000   37.316789794   24.619446800    2.749596479
   -0.095199777    0.000000000   40.273625502    5.505393433    4.029058581
    0.095199777    0.000000000   39.262904505  -16.165823821    5.081207978
    0.285599332    0.000000000   34.352338631  -34.337018696    6.749890724
    0.475998887    0.000000000   26.830165316  -42.619350771    9.562690454
    0.666398442    0.000000000   19.060426877  -36.535901097   13.439966717
    0.856797996    0.000000000   13.873016157  -15.923694765   17.658737498
    1.047197551    0.000000000   13.620395971   14.053036552   21.152697746
    1.237597106    0.000000000   19.273841271   44.503822781   22.995014830
    1.427996661    0.000000000   30.031599958   66.360235275   22.801323662
    1.618396215    0.000000000   43.627139359   73.770110231   20.852873384
    1.808795770    0.000000000   57.144931413   65.786485516   17.895432597
    1.999195325    0.000000000   67.908748367   45.647887901   14.757779379
    2.189594880    0.000000000   74.107971381   18.803427660   12.013730428
    2.379994435    0.000000000   75.010611274   -9.090322223    9.830012934
    2.570393989    0.000000000   70.888418600  -33.262352526    7.999539711
    2.760793544    0.000000000   62.813589932  -50.142480912    6.151438766
    2.951193099    0.000000000   52.415978171  -57.493629190    3.970908659

   -3.141592654    0.349065850   43.009775445  -58.758800086    0.591743604
   -2.951193099    0.349065850   32.727340168  -48.187367701   -1.304229350
   -2.760793544    0.349065850   24.977280419  -32.971611163   -3.039187645
   -2.570393989    0.349065850   20.127403030  -18.622090652   -4.547845411
   -2.379994435    0.349065850   17.522771929   -9.980858158   -5.899586508
   -2.189594880    0.349065850   15.845754323   -8.812048358   -7.239397549
   -1.999195325    0.349065850   13.832027413  -12.810512997   -8.632797942
   -1.808795770    0.349065850   10.973587647  -16.698914071   -9.896292903
   -1.618396215    0.349065850    7.825117923  -15.119980681  -10.584250431
   -1.427996661    0.349065850    5.728377836   -5.581989533  -10.179548137
   -1.237597106    0.349065850    6.103911746   10.228814676   -8.420830382
   -1.047197551    0.349065850    9.714865466   27.412439501   -5.538802246
   -0.856797996    0.349065850   16.274049052   40.285338308   -2.212115287
   -0.666398442    0.349065850   24.530962535   44.705945772    0.760286475
   -0.475998887    0.349065850   32.690157244   39.269437017    2.866076885
   -0.285599332    0.349065850   38.948895076   25.141310987    4.126516479
   -0.095199777    0.349065850   41.931127384    5.541104595    5.087074687
    0.095199777    0.349065850   41.025098380  -14.812490011    6.538951522
    0.285599332    0.349065850   36.613371172  -30.299384842    9.143664446
    0.475998887    0.349065850   30.147125127  -35.636524623   13.079017023
    0.666398442    0.349065850   23.909835282  -27.726118852   17.876270979
    0.856797996    0.349065850   20.410199981   -7.424195860   22.524156834
    1.047197551    0.349065850   21.561427797   19.953636726   25.850786184
    1.237597106    0.349065850   27.962834717   46.325526627   27.008264657
    1.427996661    0.349065850   38.659413151   64.008312201   25.803638683
    1.618396215    0.349065850   51.496043425   68.432557618   22.729382583
    1.808795770    0.349065850   63.855747349   59.272826838   18.693406071
    1.999195325    0.349065850   73.401607609   39.589444236   14.618362299
    2.189594880    0.349065850   78.568734261   14.099913277   11.117060132
    2.379994435    0.349065850   78.712594293  -12.425052561    8.377529564
    2.570393989    0.349065850   74.040378353  -35.839248781    6.228899371
    2.760793544    0.349065850   65.481965046  -52.771352010    4.358120625
    2.951193099    0.349065850   54.529618601  -60.741481870    2.505376078

   -3.141592654    0.698131701   44.372254526  -60.707757316   -0.989282047
   -2.951193099    0.698131701   33.717117670  -50.120594760   -1.529258139
   -2.760793544    0.698131701   25.604725257  -34.826259535   -1.752089197
   -2.570393989    0.698131701   20.406821951  -20.429978862   -1.800405340
   -2.379994435    0.698131701   17.452196188  -11.865262475   -1.863126204
   -2.189594880    0.698131701   15.400962961  -10.857122775   -2.102056819
   -1.999195325    0.698131701   12.991863706  -14.861306985   -2.570999198
   -1.808795770    0.698131701    9.778888868  -18.264655018   -3.149394976
   -1.618396215    0.698131701    6.432050230  -15.527432822   -3.570570602
   -1.427996661    0.698131701    4.408636122   -4.367103864   -3.540317561
   -1.237597106    0.698131701    5.164359941   12.921806407   -2.909328116
   -1.047197551    0.698131701    9.369401638   30.776842291   -1.779364481
   -0.856797996    0.698131701   16.546511578   43.237079400   -0.445033926
   -0.666398442    0.698131701   25.260475907   46.490859612    0.808072330
   -0.475998887    0.698131701   33.645153942   39.931778613    1.916880040
   -0.285599332    0.698131701   39.989504784   25.585464076    3.128434630
   -0.095199777    0.698131701   43.143322320    7.134901919    4.916129290
    0.095199777    0.698131701   42.751353707  -10.848477589    7.735829331
    0.285599332    0.698131701   39.364700194  -23.506676179   11.763983901
    0.475998887    0.698131701   34.417738359  -26.676774477   16.701213390
    0.666398442    0.698131701   29.963793185  -18.310861794   21.765853603
    0.856797996    0.698131701   28.126386392    0.243560163   25.900967090
    1.047197551    0.698131701   30.416885711   24.012432763   28.145912663
    1.237597106    0.698131701   37.171891264   45.961289553   28.005763977
    1.427996661    0.698131701   47.407189193   59.716732815   25.616119501
    1.618396215    0.698131701   59.166566328   61.710228321   21.645145060
    1.808795770    0.698131701   70.159693685   51.931497040   16.992432772
    1.999195325    0.698131701   78.369489655   33.078170589   12.465022854
    2.189594880    0.698131701   82.438503719    9.127777549    8.562813891
    2.379994435    0.698131701   81.784238930  -15.897224312    5.456350365
    2.570393989    0.698131701   76.557302688  -38.292395891    3.075485936
    2.760793544    0.698131701   67.582935341  -54.768884854    1.273519989
    2.951193099    0.698131701   56.260757857  -62.653960370   -0.066024746

   -3.141592654    1.047197551   42.980451383  -61.486226586   -5.658174553
   -2.951193099    1.047197551   32.267105898  -49.963298158   -5.012037980
   -2.760793544    1.047197551   24.254576812  -33.981331176   -3.890079543
   -2.570393989    1.047197551   19.253207332  -19.273970647   -2.598115259
   -2.379994435    1.047197551   16.516211391  -10.787174799   -1.410075455
   -2.189594880    1.047197551   14.639039344  -10.138467617   -0.500231657
   -1.999195325    1.047197551   12.323237688  -14.597270631    0.054176446
   -1.808795770    1.047197551    9.123082101  -18.367969795    0.253662216
   -1.618396215    1.047197551    5.737427985  -15.796674336    0.146088993
   -1.427996661    1.047197551    3.663188513   -4.608181656   -0.176286263
   -1.237597106    1.047197551    4.383702435   12.786739352   -0.579441560
   -1.047197551    1.047197551    8.572764155   30.728449986   -0.901497063
   -0.856797996    1.047197551   15.749592173   43.294592798   -0.957188001
   -0.666398442    1.047197551   24.501755862   46.898770529   -0.540646055
   -0.475998887    1.047197551   33.040318369   41.254396362    0.577234476
   -0.285599332    1.047197551   39.783185477   28.577543884    2.630822109
   -0.095199777    1.047197551   43.718088939   12.419309053    5.794800392
    0.095199777    1.047197551   44.565172387   -3.155986663   10.059649517
    0.285599332    1.047197551   42.826133138  -14.075802302   15.116453709
    0.475998887    1.047197551   39.730039462  -16.962444196   20.297047958
    0.666398442    1.047197551   37.002150484  -10.219555185   24.677833396
    0.856797996    1.047197551   36.407888798    4.965633064   27.342711824
    1.047197551    1.047197551   39.193177948   24.419926230   27.698104478
    1.237597106    1.047197551   45.619719327   42.227552655   25.700365955
    1.427996661    1.047197551   54.835013701   52.986129469   21.844540514
    1.618396215    1.047197551   65.153680657   53.573100580   16.941864502
    1.808795770    1.047197551   74.581175894   43.823342736   11.807732542
    1.999195325    1.047197551   81.327081678   25.901284404    7.040448934
    2.189594880    1.047197551   84.148133676    3.210691292    2.944858466
    2.379994435    1.047197551   82.484036825  -20.616835795   -0.381522997
    2.570393989    1.047197551   76.458885919  -41.982314565   -2.929228896
    2.760793544    1.047197551   66.871275737  -57.519722831   -4.677264397
    2.951193099    1.047197551   55.114695430  -64.438542089   -5.587383409

   -3.141592654    1.396263402   37.910228857  -60.925671269  -10.860416715
   -2.951193099    1.396263402   27.503040442  -47.380823158   -9.782355400
   -2.760793544    1.396263402   20.122798134  -30.054212711   -8.110215872
   -2.570393989    1.396263402   15.929492261  -14.854403202   -6.194904108
   -2.379994435    1.396263402   14.018510495   -6.634473959   -4.300423616
   -2.189594880    1.396263402   12.861954524   -6.793233576   -2.548101768
   -1.999195325    1.396263402   11.078876126  -12.388415615   -0.992955297
   -1.808795770    1.396263402    8.175463456  -17.483146155    0.277726681
   -1.618396215    1.396263402    4.828643857  -16.266667859    1.108149545
   -1.427996661    1.396263402    2.550961256   -6.219239788    1.373667027
   -1.237597106    1.396263402    2.897113215   10.566605934    1.124937050
   -1.047197551    1.396263402    6.670861252   28.726085915    0.651868103
   -0.856797996    1.396263402   13.562689151   42.450260704    0.422566172
   -0.666398442    1.396263402   22.332280394   48.036131150    0.912439167
   -0.475998887    1.396263402   31.321437812   44.903372889    2.450624408
   -0.285599332    1.396263402   39.009681817   34.836579777    5.149433819
   -0.095199777    1.396263402   44.356823018   20.879049707    8.882167476
    0.095199777    1.396263402   46.952541580    6.551005145   13.277957764
    0.285599332    1.396263402   47.068702662   -4.569999186   17.735575632
    0.475998887    1.396263402   45.629719964   -9.345903592   21.473420301
    0.666398442    1.396263402   44.049921438   -5.971659059   23.703984629
    0.856797996    1.396263402   43.873673332    5.060588926   23.894821096
    1.047197551    1.396263402   46.290499337   20.570761670   21.967272548
    1.237597106    1.396263402   51.689038722   35.503353218   18.341282910
    1.427996661    1.396263402   59.464826886   44.825399843   13.751287124
    1.618396215    1.396263402   68.195488496   45.211341804    8.946920456
    1.808795770    1.396263402   76.071283479   35.948916777    4.441119391
    1.999195325    1.396263402   81.380264181   18.670395111    0.447899285
    2.189594880    1.396263402   82.879294096   -3.458646830   -3.031706206
    2.379994435    1.396263402   79.997428918  -26.711480742   -6.029625883
    2.570393989    1.396263402   72.889085177  -47.184606661   -8.485369304
    2.760793544    1.396263402   62.439554172  -61.257992110  -10.224903150
    2.951193099    1.396263402   50.155157349  -66.147372387  -11.048154534

   -3.141592654    1.745329252   31.571198889  -59.745058705  -16.448873608
   -2.951193099    1.745329252   21.580284960  -44.296937723  -15.490408251
   -2.760793544    1.745329252   14.907411158  -25.853332332  -13.675364555
   -2.570393989    1.745329252   11.555494520  -10.337514183  -11.320053260
   -2.379994435    1.745329252   10.488762404   -2.347628879   -8.677337437
   -2.189594880    1.745329252   10.102246079   -3.032099254   -5.860183586
   -1.999195325    1.745329252    8.967223047   -9.389882782   -2.935144118
   -1.808795770    1.745329252    6.536454437  -15.584151769   -0.059975617
   -1.618396215    1.745329252    3.421120601  -15.773039923    2.454023590
   -1.427996661    1.745329252    1.103857385   -7.080893612    4.272965661
   -1.237597106    1.745329252    1.205369642    9.002834014    5.263974203
   -1.047197551    1.745329252    4.706323962   27.631654279    5.629659671
   -0.856797996    1.745329252   11.535439172   43.062030042    5.855779655
   -0.666398442    1.745329252   20.653924661   51.158760740    6.477712646
   -0.475998887    1.745329252   30.490779071   50.639995711    7.842316194
   -0.285599332    1.745329252   39.476650972   42.581204636   10.000279027
   -0.095199777    1.745329252   46.403694701   29.504640089   12.696002408
    0.095199777    1.745329252   50.613368549   14.625004851   15.435735437
    0.285599332    1.745329252   52.093969450    1.440510675   17.590742940
    0.475998887    1.745329252   51.500214224   -6.649899563   18.523851562
    0.666398442    1.745329252   50.063260003   -7.180200469   17.791199907
    0.856797996    1.745329252   49.303201488    0.279258296   15.344676402
    1.047197551    1.745329252   50.559835747   13.411329168   11.581219419
    1.237597106    1.745329252   54.494498577   27.536346816    7.214388850
    1.427996661    1.745329252   60.784326829   37.341356589    2.980236124
    1.618396215    1.745329252   68.187548763   38.769605440   -0.654718612
    1.808795770    1.745329252   74.926496869   30.375349354   -3.619215951
    1.999195325    1.745329252   79.214850012   13.430003903   -6.136370193
    2.189594880    1.745329252   79.712584409   -8.764600007   -8.511470196
    2.379994435    1.745329252   75.814988440  -32.008432269  -10.907153767
    2.570393989    1.745329252   67.742284766  -51.884097685  -13.230457420
    2.760793544    1.745329252   56.521084515  -64.514719410  -15.169217754
    2.951193099    1.745329252   43.809654911  -67.273401018  -16.334728487

   -3.141592654    2.094395102   24.756772385  -59.681853120  -18.251477865
   -2.951193099    2.094395102   14.964003385  -42.337408671  -17.214751234
   -2.760793544    2.094395102    8.811666400  -22.445741504  -15.280333378
   -2.570393989    2.094395102    6.203408842   -6.020137774  -12.753739043
   -2.379994435    2.094395102    6.016936269    2.547779788   -9.861381479
   -2.189594880    2.094395102    6.607816377    2.321384400   -6.659016380
   -1.999195325    2.094395102    6.526034508   -3.727174848   -3.132577271
   -1.808795770    2.094395102    5.170386351  -10.061747771    0.619840411
   -1.618396215    2.094395102    3.039466304  -11.078530011    4.276250681
   -1.427996661    2.094395102    1.490956829   -3.758422741    7.397148916
   -1.237597106    2.094395102    2.091551168   10.973121025    9.666870001
   -1.047197551    2.094395102    5.889848645   28.931414621   11.077942509
   -0.856797996    2.094395102   12.981171103   44.669911144   11.924996164
   -0.666398442    2.094395102   22.498742628   53.808580752   12.598401508
   -0.475998887    2.094395102   32.955881750   54.469037411   13.349561108
   -0.285599332    2.094395102   42.744284765   47.042675141   14.184774816
   -0.095199777    2.094395102   50.502135931   33.567186322   14.857673929
    0.095199777    2.094395102   55.349743774   17.055748933   14.964539152
    0.285599332    2.094395102   57.048204812    1.136757966   14.079561508
    0.475998887    2.094395102   56.085138679  -10.268067551   11.903520722
    0.666398442    2.094395102   53.656383107  -13.841813237    8.438143433
    0.856797996    2.094395102   51.423216319   -8.265197974    4.087766447
    1.047197551    2.094395102   51.008551319    4.698846587   -0.438650978
    1.237597106    2.094395102   53.399480938   20.250191831   -4.378998966
    1.427996661    2.094395102   58.511940688   32.314047789   -7.234754959
    1.618396215    2.094395102   65.166584653   35.826227945   -8.968521370
    1.808795770    2.094395102   71.472911844   28.588964328   -9.965273068
    1.999195325    2.094395102   75.439906253   11.671654368  -10.791046865
    2.189594880    2.094395102   75.537569317  -11.283737976  -11.915313436
    2.379994435    2.094395102   71.070345499  -35.426897020  -13.509594110
    2.570393989    2.094395102   62.297330789  -55.689352790  -15.390135646
    2.760793544    2.094395102   50.385134191  -67.797903804  -17.120635421
    2.951193099    2.094395102   37.170183193  -69.136318321  -18.195822546

   -3.141592654    2.443460953   18.757732642  -59.380814157  -12.534781227
   -2.951193099    2.443460953    9.182389985  -40.406372710  -11.172174829
   -2.760793544    2.443460953    3.528044252  -19.228523158   -9.180218208
   -2.570393989    2.443460953    1.623209556   -1.908557494   -6.800954040
   -2.379994435    2.443460953    2.289702178    7.390362238   -4.157923062
   -2.189594880    2.443460953    3.877867294    7.972310619   -1.175698858
   -1.999195325    2.443460953    4.955941511    2.791057813    2.303198460
   -1.808795770    2.443460953    4.904707225   -2.970018549    6.290866696
   -1.618396215    2.443460953    4.125820097   -4.112281953   10.488159114
   -1.427996661    2.443460953    3.826036497    2.267398656   14.346238480
   -1.237597106    2.443460953    5.441187382   15.555323295   17.316811448
   -1.047197551    2.443460953    9.973174687   32.096272593   19.107316696
   -0.856797996    2.443460953   17.562226798   46.805506845   19.763864369
   -0.666398442    2.443460953   27.420991348   55.286697607   19.539202882
   -0.475998887    2.443460953   38.106021909   55.362358022   18.673391747
   -0.285599332    2.443460953   47.985410849   47.023122254   17.261315443
   -0.095199777    2.443460953   55.607909298   32.054105870   15.210498392
    0.095199777    2.443460953   59.976924443   13.455167952   12.335068540
    0.285599332    2.443460953   60.762365100   -4.878446490    8.495272455
    0.475998887    2.443460953   58.438187804  -18.460504274    3.752667914
    0.666398442    2.443460953   54.310793603  -23.264179970   -1.512627538
    0.856797996    2.443460953   50.281511253  -17.424040722   -6.610237287
    1.047197551    2.443460953   48.275113617   -2.623885915  -10.747052913
    1.237597106    2.443460953   49.533951211   15.782189315  -13.329186836
    1.427996661    2.443460953   54.078302489   30.739500789  -14.216961216
    1.618396215    2.443460953   60.642456154   36.246001151  -13.782353375
    1.808795770    2.443460953   67.109878477   29.633430976  -12.721356096
    1.999195325    2.443460953   71.232215875   12.098430576  -11.745938251
    2.189594880    2.443460953   71.292094063  -12.152443412  -11.323390446
    2.379994435    2.443460953   66.533084977  -37.550685879  -11.560892082
    2.570393989    2.443460953   57.282325307  -58.442812846  -12.225376808
    2.760793544    2.443460953   44.858227217  -70.261285728  -12.886995632
    2.951193099    2.443460953   31.271202894  -70.457707530  -13.091851168

   -3.141592654    2.792526803   15.685139722  -58.055133861    1.177666325
   -2.951193099    2.792526803    6.452902567  -38.172240588    3.365455878
   -2.760793544    2.792526803    1.294523612  -16.301906827    5.411400548
   -2.570393989    2.792526803    0.000000000    1.562937013    7.175010884
   -2.379994435    2.792526803    1.386121384   11.515329806    8.760509320
   -2.189594880    2.792526803    3.846680048   13.063687484   10.519449569
   -1.999195325    2.792526803    6.006965912    9.073784448   12.870577661
   -1.808795770    2.792526803    7.253128804    4.290121297   16.011588082
   -1.618396215    2.792526803    7.894015914    3.379079366   19.711241028
   -1.427996661    2.792526803    8.961192626    8.961972824   23.334286322
   -1.237597106    2.792526803   11.702386167   20.575091984   26.102396004
   -1.047197551    2.792526803   16.992712798   35.011060161   27.425118332
   -0.856797996    2.792526803   24.933498879   47.606151915   27.092438847
   -0.666398442    2.792526803   34.756563400   54.128357086   25.246332506
   -0.475998887    2.792526803   45.042157383   52.328570552   22.198470080
   -0.285599332    2.792526803   54.159823015   42.033965496   18.255809971
   -0.095199777    2.792526803   60.637383603   25.009093962   13.617385371
    0.095199777    2.792526803   63.473460964    4.440116525    8.412009911
    0.285599332    2.792526803   62.390199622  -15.375052775    2.792415268
    0.475998887    2.792526803   58.002675286  -29.432510650   -2.942310640
    0.666398442    2.792526803   51.850928909  -33.287620733   -8.287769149
    0.856797996    2.792526803   46.121296682  -25.024265764  -12.598235981
    1.047197551    2.792526803   42.984829950   -6.778066908  -15.301403772
    1.237597106    2.792526803   43.799559680   15.223342189  -16.142062475
    1.427996661    2.792526803   48.522445711   32.983549182  -15.312346023
    1.618396215    2.792526803   55.671653936   39.903764273  -13.380064103
    1.808795770    2.792526803   62.854213032   33.284359426  -11.037261463
    1.999195325    2.792526803   67.587089761   14.758807602   -8.832363935
    2.189594880    2.792526803   68.025228702  -10.841006158   -7.014297669
    2.379994435    2.792526803   63.400241219  -37.374160241   -5.543161224
    2.570393989    2.792526803   54.118370245  -58.836139423   -4.190208633
    2.760793544    2.792526803   41.619755913  -70.545725008   -2.698284619
    2.951193099    2.792526803   28.035691014  -70.072570704   -0.905476710
