#! FIELDS phi psi file.free der_phi der_psi
#! SET min_phi -pi
#! SET max_phi pi
#! SET nbins_phi  33
#! SET periodic_phi true
#! SET min_psi -pi
#! SET max_psi pi
#! SET nbins_psi  18
#! SET periodic_psi true
   -3.141592654   -3.141592654   20.042790326  -55.052154572   13.229560403
   -2.951193099   -3.141592654   11.069279236  -38.264347696   16.172120149
   -2.760793544   -3.141592654    5.712576439  -17.971411146   18.408139976
   -2.570393989   -3.141592654    4.096046143    0.176818531   19.839918246
   -2.379994435   -3.141592654    5.372370513   11.961945763   20.707630799
   -2.189594880   -3.141592654    8.164224771   16.169777169   21.510531387
   -1.999195325   -3.141592654   11.168187457   14.734729481   22.752492208
   -1.808795770   -3.141592654   13.661491969   11.515416473   24.626792086
   -1.618396215   -3.141592654   15.695960734   10.492071398   26.838202523
   -1.427996661   -3.141592654   17.953646904   14.057633062   28.685207109
   -1.237597106   -3.141592654   21.336244364   22.036890488   29.375383133
   -1.047197551   -3.141592654   26.473941061   31.893913288   28.396212952
   -0.856797996   -3.141592654   33.370933626   39.840831320   25.716636968
   -0.666398442   -3.141592654   41.322953937   42.433145586   21.738151288
   -0.475998887   -3.141592654   49.103032248   37.969694213   17.049017138
   -0.285599332   -3.141592654   55.356878489   26.609855226   12.155334658
   -0.095199777   -3.141592654   58.931586015   10.260991592    7.309781029
    0.095199777   -3.141592654   59.157795950   -7.941916921    2.541607083
    0.285599332   -3.141592654   56.054946055  -23.996035749   -2.193062376
    0.475998887   -3.141592654   50.450974615  -33.504865538   -6.796332191
    0.666398442   -3.141592654   43.952813246  -32.935164399  -10.910598101
    0.856797996   -3.141592654   38.625011145  -21.397324198  -13.979667654
    1.047197551   -3.141592654   36.340445769   -1.773729186  -15.485935620
    1.237597106   -3.141592654   38.077168917   19.653745806  -15.225248049
    1.427996661   -3.141592654   43.483967732   35.678650241  -13.429903119
    1.618396215   -3.141592654   50.984381817   41.075624324  -10.667711717
    1.808795770   -3.141592654   58.352762319   34.397304221   -7.571674905
    1.999195325   -3.141592654   63.441940496   17.699836082   -4.583914583
    2.189594880   -3.141592654   64.720262875   -4.846673746   -1.833010628
    2.379994435   -3.141592654   61.527107838  -28.474916108    0.806512503
    2.570393989   -3.141592654   54.102120291  -48.571246877    3.569113350
    2.760793544   -3.141592654   43.511766728  -61.146491442    6.615372739
    2.951193099   -3.141592654   31.475400612  -63.458137464    9.916998176

   -3.141592654   -2.792526803   26.309999089  -49.098486840   20.012216124
   -2.951193099   -2.792526803   18.321305967  -33.986076761   23.109439194
   -2.760793544   -2.792526803   13.590273966  -15.684660424   25.101609462
   -2.570393989   -2.792526803   12.240038721    0.795291865   26.021105262
   -2.379994435   -2.792526803   13.544894172   11.828598074   26.243271697
   -2.189594880   -2.792526803   16.331805067   16.434340631   26.336652556
   -1.999195325   -2.792526803   19.496255322   16.242085577   26.795700372
   -1.808795770   -2.792526803   22.407672747   14.333983921   27.772109939
   -1.618396215   -2.792526803   25.043063474   13.779614717   28.954755881
   -1.427996661   -2.792526803   27.858157073   16.366431164   29.673090259
   -1.237597106   -2.792526803   31.469177059   21.934558441   29.196700501
   -1.047197551   -2.792526803   36.285362544   28.566974708   27.078652708
   -0.856797996   -2.792526803   42.241872440   33.389278859   23.346145892
   -0.666398442   -2.792526803   48.730839570   33.711761524   18.452510531
   -0.475998887   -2.792526803   54.725157470   28.139724497   13.033466513
   -0.285599332   -2.792526803   59.082898863   16.664206932    7.627479818
   -0.095199777   -2.792526803   60.802254674    0.791324493    2.514662852
    0.095199777   -2.792526803   59.290459506  -16.701980317   -2.239439494
    0.285599332   -2.792526803   54.598759304  -31.883869333   -6.627312992
    0.475998887   -2.792526803   47.601195116  -40.166692220  -10.509788541
    0.666398442   -2.792526803   39.997235928  -37.767543713  -13.556773539
    0.856797996   -2.792526803   33.973455426  -23.771766967  -15.353061853
    1.047197551   -2.792526803   31.496089085   -1.407982105  -15.609887526
    1.237597106   -2.792526803   33.544017267   22.472707062  -14.353351142
    1.427996661   -2.792526803   39.660953103   40.170917462  -11.941148520
    1.618396215   -2.792526803   48.101721273   46.325426115   -8.902430789
    1.808795770   -2.792526803   56.486339424   39.750045711   -5.694629208
    1.999195325   -2.792526803   62.585885944   22.970352204   -2.534246426
    2.189594880   -2.792526803   64.874561792    0.547908242    0.632327921
    2.379994435   -2.792526803   62.748592773  -22.605357538    4.003872183
    2.570393989   -2.792526803   56.503424491  -42.046666705    7.755616220
    2.760793544   -2.792526803   47.207276794  -54.149458721   11.876051952
    2.951193099   -2.792526803   36.505525846  -56.572725147   16.110535833

   -3.141592654   -2.443460953   33.331358482  -42.896234011   18.927913901
   -2.951193099   -2.443460953   26.352538550  -29.676326301   21.444754975
   -2.760793544   -2.443460953   22.240184130  -13.482332016   22.882236526
   -2.570393989   -2.443460953   21.135952487    1.290241027   23.334050457
   -2.379994435   -2.443460953   22.438532469   11.470985407   23.152602962
   -2.189594880   -2.443460953   25.151445387   16.150903824   22.789309461
   -1.999195325   -2.443460953   28.318053558   16.589919269   22.584043206
   -1.808795770   -2.443460953   31.352440709   15.198183077   22.594175495
   -1.618396215   -2.443460953   34.142902189   14.369821361   22.552364702
   -1.427996661   -2.443460953   36.953430296   15.538274271   21.975684494
   -1.237597106   -2.443460953   40.190268030   18.722957076   20.394345700
   -1.047197551   -2.443460953   44.134527124   22.643757671   17.589587255
   -0.856797996   -2.443460953   48.735741801   25.222775061   13.707773894
   -0.666398442   -2.443460953   53.534213612   24.328082767    9.189390458
   -0.475998887   -2.443460953   57.713955150   18.642936120    4.559283481
   -0.285599332   -2.443460953   60.317063080    7.825425858    0.202832434
   -0.095199777   -2.443460953   60.443139035   -7.078575343   -3.735506864
    0.095199777   -2.443460953   57.526229937  -23.592082049   -7.277595282
    0.285599332   -2.443460953   51.616925017  -37.750702847  -10.452730878
    0.475998887   -2.443460953   43.620069611  -44.714804438  -13.138780388
    0.666398442   -2.443460953   35.315219914  -40.484829793  -15.045265419
    0.856797996   -2.443460953   28.985019340  -24.208570795  -15.838572410
    1.047197551   -2.443460953   26.648355210    0.485455688  -15.328737625
    1.237597106   -2.443460953   29.245044311   26.236430956  -13.610424756
    1.427996661   -2.443460953   36.194829697   45.017602797  -11.037086276
    1.618396215   -2.443460953   45.599732065   51.506063425   -8.058104565
    1.808795770   -2.443460953   54.968080084   44.874476654   -5.018004361
    1.999195325   -2.443460953   62.040397717   28.106375490   -2.037215300
    2.189594880   -2.443460953   65.336741245    6.062110232    0.982421220
    2.379994435   -2.443460953   64.328549572  -16.331509279    4.227903998
    2.570393989   -2.443460953   59.360994661  -34.923339995    7.822956020
    2.760793544   -2.443460953   51.478662949  -46.525562828   11.693147801
    2.951193099   -2.443460953   42.220020106  -49.204180056   15.542596798

   -3.141592654   -2.094395102   38.754032419  -38.242310664   12.200265381
   -2.951193099   -2.094395102   32.525250503  -26.511945035   13.533696540
   -2.760793544   -2.094395102   28.862915421  -11.901564468   14.167805048
   -2.570393989   -2.094395102   27.931021789    1.597325337   14.225114459
   -2.379994435   -2.094395102   29.212756986   11.036696313   13.917694244
   -2.189594880   -2.094395102   31.810882516   15.435494476   13.433033822
   -1.999195325   -2.094395102   34.828556998   15.727385963   12.842896905
   -1.808795770   -2.094395102   37.664932312   13.901956315   12.071763752
   -1.618396215   -2.094395102   40.121856575   12.055290434   10.937915280
   -1.427996661   -2.094395102   42.345924874   11.617185691    9.243396951
   -1.237597106   -2.094395102   44.660030815   12.963711662    6.887412601
   -1.047197551   -2.094395102   47.353695444   15.380978839    3.952804411
   -0.856797996   -2.094395102   50.492486132   17.299705441    0.709532068
   -0.666398442   -2.094395102   53.800017124   16.760038272   -2.485104033
   -0.475998887   -2.094395102   56.634554896   12.174949620   -5.339788717
   -0.285599332   -2.094395102   58.131622427    2.668150109   -7.755808280
   -0.095199777   -2.094395102   57.381089946  -11.192380769   -9.835366649
    0.095199777   -2.094395102   53.744560804  -27.098523135  -11.759962930
    0.285599332   -2.094395102   47.204915913  -40.857109412  -13.626327803
    0.475998887   -2.094395102   38.667630132  -47.205819330  -15.315837732
    0.666398442   -2.094395102   29.989136320  -41.812279016  -16.512953324
    0.856797996   -2.094395102   23.561714538  -23.820497391  -16.848226493
    1.047197551   -2.094395102   21.480604952    2.781304673  -16.084712587
    1.237597106   -2.094395102   24.676266735   30.145519653  -14.256472814
    1.427996661   -2.094395102   32.475073273   49.903212035  -11.654320655
    1.618396215   -2.094395102   42.848780385   56.696679296   -8.685129608
    1.808795770   -2.094395102   53.199162293   49.955434405   -5.698438543
    1.999195325   -2.094395102   61.222660505   33.034359837   -2.870512208
    2.189594880   -2.094395102   65.460652784   11.068072915   -0.190460656
    2.379994435   -2.094395102   65.436708322  -10.962331063    2.444931312
    2.570393989   -2.094395102   61.535317655  -29.108166615    5.114099156
    2.760793544   -2.094395102   54.786390232  -40.511258289    7.766398013
    2.951193099   -2.094395102   46.650991072  -43.547141960   10.215366908

   -3.141592654   -1.745329252   41.245038282  -36.681326417    5.140676948
   -2.951193099   -1.745329252   35.231477652  -25.814153115    5.589084553
   -2.760793544   -1.745329252   31.627989665  -11.956865801    5.711262453
   -2.570393989   -1.745329252   30.628465681    0.967762557    5.551611282
   -2.379994435   -1.745329252   31.744928448    9.934546892    5.121990156
   -2.189594880   -1.745329252   34.084715148   13.802129869    4.366062189
   -1.999195325   -1.745329252   36.726496907   13.375776329    3.181249885
   -1.808795770   -1.745329252   39.030284413   10.632272512    1.483296137
   -1.618396215   -1.745329252   40.769373844    7.788747479   -0.724609023
   -1.427996661   -1.745329252   42.094822143    6.492293455   -3.320056000
   -1.237597106   -1.745329252   43.381691147    7.392039691   -6.071181518
   -1.047197551   -1.745329252   45.020091057    9.992321605   -8.678603311
   -0.856797996   -1.745329252   47.205033831   12.779710690  -10.842270368
   -0.666398442   -1.745329252   49.776306221   13.601339563  -12.351937518
   -0.475998887   -1.745329252   52.148031594   10.446388865  -13.166687247
   -0.285599332   -1.745329252   53.423325554    1.970907572  -13.455446238
   -0.095199777   -1.745329252   52.585088746  -11.532556457  -13.543141987
    0.095199777   -1.745329252   48.867039675  -27.691653543  -13.772391782
    0.285599332   -1.745329252   42.168026149  -41.924613798  -14.340473875
    0.475998887   -1.745329252   33.400651534  -48.464161315  -15.172749550
    0.666398442   -1.745329252   24.515985443  -42.596597424  -15.940072673
    0.856797996   -1.745329252   18.042994012  -23.408107100  -16.198880184
    1.047197551   -1.745329252   16.190865341    4.806103201  -15.590668021
    1.237597106   -1.745329252   19.925149753   33.717479650  -14.014321701
    1.427996661   -1.745329252   28.516328241   54.542289584  -11.656935859
    1.618396215   -1.745329252   39.822741746   61.737248410   -8.893001823
    1.808795770   -1.745329252   51.125122220   54.835948298   -6.118074119
    1.999195325   -1.745329252   60.037778340   37.467946210   -3.609795107
    2.189594880   -1.745329252   65.075409486   15.040314199   -1.466390291
    2.379994435   -1.745329252   65.773389244   -7.333463049    0.345700819
    2.570393989   -1.745329252   62.536039347  -25.765240887    1.905953882
    2.760793544   -1.745329252   56.390270820  -37.549647491    3.250674483
    2.951193099   -1.745329252   48.766769140  -41.189908899    4.352274743

   -3.141592654   -1.396263402   40.325837934  -37.466146825    2.207792220
   -2.951193099   -1.396263402   34.171731008  -26.480718405    1.734585912
   -2.760793544   -1.396263402   30.463164993  -12.397452822    1.007059004
   -2.570393989   -1.396263402   29.394318665    0.635057583    0.093616812
   -2.379994435   -1.396263402   30.429638608    9.334281809   -1.028165006
   -2.189594880   -1.396263402   32.587836205   12.407133555   -2.490077294
   -1.999195325   -1.396263402   34.850440918   10.731686612   -4.454367646
   -1.808795770   -1.396263402   36.517360471    6.598072089   -6.983846132
   -1.618396215   -1.396263402   37.376914666    2.675185509   -9.941377606
   -1.427996661   -1.396263402   37.681149482    1.028994034  -12.987855510
   -1.237597106   -1.396263402   37.971124493    2.550898942  -15.678471865
   -1.047197551   -1.396263402   38.821811879    6.697746336  -17.598105228
   -0.856797996   -1.396263402   40.577217048   11.620655403  -18.479231357
   -0.666398442   -1.396263402   43.140950329   14.640816716  -18.275840108
   -0.475998887   -1.396263402   45.883827706   13.175073191  -17.174288632
   -0.285599332   -1.396263402   47.767724026    5.456874202  -15.557641380
   -0.095199777   -1.396263402   47.579924915   -8.359372271  -13.903055819
    0.095199777   -1.396263402   44.364968289  -25.692138000  -12.637641339
    0.285599332   -1.396263402   37.901287824  -41.455581845  -11.992020421
    0.475998887   -1.396263402   29.093732686  -49.258183256  -11.903577062
    0.666398442   -1.396263402   19.998783561  -43.854091127  -12.047953443
    0.856797996   -1.396263402   13.323301619  -24.115850507  -11.983606852
    1.047197551   -1.396263402   11.456315801    5.447281245  -11.343666746
    1.237597106   -1.396263402   15.469674622   35.992513620   -9.998486185
    1.427996661   -1.396263402   24.630650970   58.148384184   -8.083572831
    1.618396215   -1.396263402   36.696096586   65.960408904   -5.902455588
    1.808795770   -1.396263402   48.797066408   58.870738386   -3.778214470
    1.999195325   -1.396263402   58.409654203   40.707773665   -1.933553522
    2.189594880   -1.396263402   63.964755042   17.212420132   -0.445907434
    2.379994435   -1.396263402   64.975152378   -6.201981539    0.704910175
    2.570393989   -1.396263402   61.868384280  -25.484339125    1.559488556
    2.760793544   -1.396263402   55.714248135  -37.874475304    2.119233387
    2.951193099   -1.396263402   47.991824600  -41.876426387    2.347616752

   -3.141592654   -1.047197551   38.481418422  -40.488018549    1.759998600
   -2.951193099   -1.047197551   31.756053612  -29.388206070    0.681493381
   -2.760793544   -1.047197551   27.534354001  -14.845393968   -0.717807433
   -2.570393989   -1.047197551   26.049001559   -1.320658757   -2.335662272
   -2.379994435   -1.047197551   26.732753916    7.509179912   -4.177032867
   -2.189594880   -1.047197551   28.508623278   10.115136837   -6.380019145
   -1.999195325   -1.047197551   30.248568827    7.480808389   -9.107020292
   -1.808795770   -1.047197551   31.197126472    2.343199330  -12.363626707
   -1.618396215   -1.047197551   31.189019930   -2.049165365  -15.867350800
   -1.427996661   -1.047197551   30.623305928   -3.204411644  -19.076026858
   -1.237597106   -1.047197551   30.237913403   -0.151951528  -21.376257480
   -1.047197551   -1.047197551   30.781378120    6.256659739  -22.315917072
   -0.856797996   -1.047197551   32.686317905   13.606555066  -21.763349852
   -0.666398442   -1.047197551   35.829329881   18.616565446  -19.931924431
   -0.475998887   -1.047197551   39.449949838   18.237131315  -17.282824584
   -0.285599332   -1.047197551   42.314075528   10.501310559  -14.389086807
   -0.095199777   -1.047197551   43.004547892   -4.322466476  -11.766956963
    0.095199777   -1.047197551   40.411274222  -23.256671261   -9.750919772
    0.285599332   -1.047197551   34.252444523  -40.642401381   -8.411528619
    0.475998887   -1.047197551   25.484605129  -49.528075708   -7.560555495
    0.666398442   -1.047197551   16.305001196  -44.323540564   -6.862801386
    0.856797996   -1.047197551    9.593608354  -23.907314680   -6.006117557
    1.047197551   -1.047197551    7.877079674    6.853883647   -4.836551508
    1.237597106   -1.047197551   12.278231590   38.604226793   -3.411415153
    1.427996661   -1.047197551   22.020078974   61.529678651   -1.931347486
    1.618396215   -1.047197551   34.751372701   69.456816701   -0.609032588
    1.808795770   -1.047197551   47.479705479   61.870994562    0.433990245
    1.999195325   -1.047197551   57.582479200   42.807342615    1.195761210
    2.189594880   -1.047197551   63.436600057   18.238987207    1.756558344
    2.379994435   -1.047197551   64.538532761   -6.262017720    2.195232836
    2.570393989   -1.047197551   61.321097419  -26.570060231    2.516162191
    2.760793544   -1.047197551   54.870880070  -39.870972475    2.633773285
    2.951193099   -1.047197551   46.698394088  -44.570131345    2.414997218

   -3.141592654   -0.698131701   37.804944992  -43.436427013    1.729926558
   -2.951193099   -0.698131701   30.472730733  -32.759591743   -0.273675318
   -2.760793544   -0.698131701   25.592278704  -18.352352355   -2.681009255
   -2.570393989   -0.698131701   23.436236606   -4.865050226   -5.256767546
   -2.379994435   -0.698131701   23.427347559    3.722093607   -7.896659206
   -2.189594880   -0.698131701   24.429017161    5.712953526  -10.680192724
   -1.999195325   -0.698131701   25.253567914    2.273509899  -13.740022696
   -1.808795770   -0.698131701   25.156298752   -3.324907091  -17.032923525
   -1.618396215   -0.698131701   24.095873370   -7.238227676  -20.186018436
   -1.427996661   -0.698131701   22.684904518   -6.693598927  -22.562070851
   -1.237597106   -0.698131701   21.878876576   -0.963842619  -23.532504355
   -1.047197551   -0.698131701   22.552704422    8.421769161  -22.781984394
   -0.856797996   -0.698131701   25.120039202   18.259777471  -20.462274089
   -0.666398442   -0.698131701   29.304618135   24.701001705  -17.118814013
   -0.475998887   -0.698131701   34.120683156   24.497177856  -13.450355623
   -0.285599332   -0.698131701   38.106031822   15.865209843  -10.064179643
   -0.095199777   -0.698131701   39.677392437   -0.501968166   -7.279818695
    0.095199777   -0.698131701   37.652990614  -21.075150595   -5.085537294
    0.285599332   -0.698131701   31.783779213  -39.674706781   -3.207687705
    0.475998887   -0.698131701   23.143073415  -49.023403823   -1.294839266
    0.666398442   -0.698131701   14.079375706  -43.511041136    0.863155479
    0.856797996   -0.698131701    7.595559576  -22.299809079    3.182369379
    1.047197551   -0.698131701    6.267309385    9.276899500    5.315409423
    1.237597106   -0.698131701   11.180158221   41.457126074    6.834749373
    1.427996661   -0.698131701   21.463109967   64.263158725    7.470304249
    1.618396215   -0.698131701   34.666513590   71.624660988    7.255555842
    1.808795770   -0.698131701   47.736754997   63.281793824    6.494513265
    1.999195325   -0.698131701   58.038569061   43.508364373    5.594042120
    2.189594880   -0.698131701   63.970404946   18.378883018    4.879319044
    2.379994435   -0.698131701   65.053735101   -6.594854707    4.467610958
    2.570393989   -0.698131701   61.725054054  -27.420837536    4.234971757
    2.760793544   -0.698131701   55.052271902  -41.380817960    3.894486934
    2.951193099   -0.698131701   46.521062355  -46.837582660    3.125907206

   -3.141592654   -0.349065850   38.302570546  -47.265092100    1.485971900
   -2.951193099   -0.349065850   30.135094061  -37.610591620   -0.940557999
   -2.760793544   -0.349065850   24.276416919  -23.674061200   -3.769007720
   -2.570393989   -0.349065850   21.099996259  -10.207512575   -6.714164315
   -2.379994435   -0.349065850   20.082950830   -1.537096748   -9.625664711
   -2.189594880   -0.349065850   20.078939657    0.379357603  -12.537585292
   -1.999195325   -0.349065850   19.874174706   -3.176370035  -15.520899597
   -1.808795770   -0.349065850   18.760697419   -8.418094400  -18.441325066
   -1.618396215   -0.349065850   16.842915516  -10.946547206  -20.827620919
   -1.427996661   -0.349065850   14.952734308   -7.844477567  -21.999475350
   -1.237597106   -0.349065850   14.231381066    1.121722044  -21.413836204
   -1.047197551   -0.349065850   15.598678604   13.497796925  -18.997867209
   -0.856797996   -0.349065850   19.332509003   25.195661095  -15.244842509
   -0.666398442   -0.349065850   24.892526778   31.959237801  -11.005995061
   -0.475998887   -0.349065850   31.010714394   30.726869339   -7.111436532
   -0.285599332   -0.349065850   36.023898258   20.378805076   -4.054541366
   -0.095199777   -0.349065850   38.294580763    2.405241929   -1.825855689
    0.095199777   -0.349065850   36.728422243  -19.008492671   -0.001020668
    0.285599332   -0.349065850   31.254139977  -37.429815328    2.019771142
    0.475998887   -0.349065850   23.122714581  -45.839601317    4.677842569
    0.666398442   -0.349065850   14.769359124  -39.300873717    7.982754797
    0.856797996   -0.349065850    9.139640102  -17.717661206   11.429499126
    1.047197551   -0.349065850    8.635147445   13.148114362   14.209123107
    1.237597106   -0.349065850   14.139182584   43.670786641   15.597943182
    1.427996661   -0.349065850   24.653663332   64.486685042   15.312014286
    1.618396215   -0.349065850   37.736493862   70.251947503   13.631093344
    1.808795770   -0.349065850   50.459302338   61.161323580   11.231314167
    1.999195325   -0.349065850   60.356300241   41.499895697    8.852636438
    2.189594880   -0.349065850   65.959760250   16.981746691    7.004817847
    2.379994435   -0.349065850   66.837035434   -7.414113111    5.825106771
    2.570393989   -0.349065850   63.371165417  -28.148191603    5.092425662
    2.760793544   -0.349065850   56.513195362  -42.714411273    4.384177238
    2.951193099   -0.349065850   47.623155850  -49.339164658    3.266655470

   -3.141592654    0.000000000   39.058044050  -50.815850046    1.435769274
   -2.951193099    0.000000000   30.109113691  -42.179845521   -0.768482362
   -2.760793544    0.000000000   23.320554881  -28.772921379   -3.294589606
   -2.570393989    0.000000000   19.158874442  -15.399558628   -5.895439914
   -2.379994435    0.000000000   17.159498421   -6.658546319   -8.436370358
   -2.189594880    0.000000000   16.185368945   -4.690113324  -10.926035978
   -1.999195325    0.000000000   15.028850252   -8.041364305  -13.376680152
   -1.808795770    0.000000000   13.056080705  -12.422505465  -15.592257938
   -1.618396215    0.000000000   10.543303591  -12.991289360  -17.083878499
   -1.427996661    0.000000000    8.536409695   -6.895457253  -17.236565622
   -1.237597106    0.000000000    8.312513719    5.361058369  -15.663736882
   -1.047197551    0.000000000   10.747182574   20.254361846  -12.506158221
   -0.856797996    0.000000000   15.883926322   32.875060152   -8.449365845
   -0.666398442    0.000000000   22.854623965   38.849604078   -4.425815972
   -0.475998887    0.000000000   30.114971643   35.718718856   -1.178686695
   -0.285599332    0.000000000   35.883301235   23.386819948    1.044926741
   -0.095199777    0.000000000   38.600411764    4.284853149    2.580420252
    0.095199777    0.000000000   37.392355185  -16.892024237    4.136851282
    0.285599332    0.000000000   32.445094216  -33.856457594    6.442039446
    0.475998887    0.000000000   25.176365171  -40.368078305    9.845407084
    0.666398442    0.000000000   18.002045143  -32.606235691   14.068796371
    0.856797996    0.000000000   13.644159437  -11.381443275   18.230105449
    1.047197551    0.000000000   14.168014910   17.334010482   21.204713951
    1.237597106    0.000000000   20.164427520   44.554291756   22.142490854
    1.427996661    0.000000000   30.523949348   62.082597933   20.855732451
    1.618396215    0.000000000   42.916854958   65.660120571   17.873645290
    1.808795770    0.000000000   54.682306036   55.963245491   14.155702502
    1.999195325    0.000000000   63.643911908   37.051679150   10.651846019
    2.189594880    0.000000000   68.531164704   13.955119379    7.961761243
    2.379994435    0.000000000   68.964196809   -9.133499264    6.214860915
    2.570393989    0.000000000   65.244431069  -29.237080736    5.136624317
    2.760793544    0.000000000   58.168250573  -44.061607255    4.254738464
    2.951193099    0.000000000   48.937419646  -51.652333812    3.109254275

   -3.141592654    0.349065850   40.424107828  -53.256595571    1.078863579
   -2.951193099    0.349065850   30.911971276  -45.585554789   -0.348798391
   -2.760793544    0.349065850   23.411559790  -32.755490542   -1.939779126
   -2.570393989    0.349065850   18.470128564  -19.544536632   -3.581610528
   -2.379994435    0.349065850   15.685501331  -10.739801941   -5.229701857
   -2.189594880    0.349065850   13.946823053   -8.624872296   -6.902666111
   -1.999195325    0.349065850   12.069303763  -11.614914316   -8.571886089
   -1.808795770    0.349065850    9.494851613  -15.033260206  -10.020358453
   -1.618396215    0.349065850    6.647450812  -13.739775303  -10.820542853
   -1.427996661    0.349065850    4.737504164   -5.054572565  -10.503433293
   -1.237597106    0.349065850    5.116840267    9.771947085   -8.849383486
   -1.047197551    0.349065850    8.566232110   26.269789722   -6.095647656
   -0.856797996    0.349065850   14.879166445   38.944141823   -2.886337273
   -0.666398442    0.349065850   22.893914257   43.573034794    0.033998161
   -0.475998887    0.349065850   30.870888367   38.507786877    2.200545747
   -0.285599332    0.349065850   37.017722890   24.734815146    3.648129441
   -0.095199777    0.349065850   39.954899713    5.505763246    4.897063618
    0.095199777    0.349065850   39.091281437  -14.258239693    6.679428110
    0.285599332    0.349065850   34.868900861  -28.785348397    9.568060621
    0.475998887    0.349065850   28.801350425  -32.946269861   13.632020229
    0.666398442    0.349065850   23.164845227  -24.208157844   18.292605814
    0.856797996    0.349065850   20.328356133   -4.206982578   22.464294707
    1.047197551    0.349065850   21.929803873   21.185526076   24.984286958
    1.237597106    0.349065850   28.246971233   44.019137813   25.123777039
    1.427996661    0.349065850   38.108007047   57.575083608   22.898997049
    1.618396215    0.349065850   49.386089361   58.793047678   19.029485013
    1.808795770    0.349065850   59.780368023   48.754341311   14.584034383
    1.999195325    0.349065850   67.471016894   31.114478012   10.532126324
    2.189594880    0.349065850   71.415984458   10.044342250    7.434182467
    2.379994435    0.349065850   71.292277895  -11.161707706    5.379841678
    2.570393989    0.349065850   67.308979065  -30.134147525    4.099084183
    2.760793544    0.349065850   60.091984815  -44.802040178    3.179105271
    2.951193099    0.349065850   50.667186193  -53.044299116    2.243425462

   -3.141592654    0.698131701   41.681693230  -53.911267760   -0.557006243
   -2.951193099    0.698131701   31.997074244  -46.728947750   -0.986659217
   -2.760793544    0.698131701   24.232461630  -34.363493902   -1.322763557
   -2.570393989    0.698131701   18.946270310  -21.540260043   -1.626753973
   -2.379994435    0.698131701   15.749435687  -13.061776236   -1.989342373
   -2.189594880    0.698131701   13.544088032  -11.180370531   -2.493606532
   -1.999195325    0.698131701   11.176776909  -14.136796672   -3.144181775
   -1.808795770    0.698131701    8.166009091  -16.983914288   -3.802901865
   -1.618396215    0.698131701    5.056105143  -14.436302642   -4.200079087
   -1.427996661    0.698131701    3.174911846   -4.016232093   -4.048378864
   -1.237597106    0.698131701    3.915340444   12.450501211   -3.211095900
   -1.047197551    0.698131701    7.976827586   29.850681667   -1.810108828
   -0.856797996    0.698131701   14.974458821   42.384085482   -0.174117955
   -0.666398442    0.698131701   23.563169619   46.087978934    1.360307189
   -0.475998887    0.698131701   31.918550037   40.021457202    2.672127822
   -0.285599332    0.698131701   38.311129414   25.979492932    3.958969054
   -0.095199777    0.698131701   41.553548819    7.677944325    5.672507260
    0.095199777    0.698131701   41.282265133  -10.068016358    8.278853543
    0.285599332    0.698131701   38.087535934  -22.203075842   11.976420542
    0.475998887    0.698131701   33.453131348  -24.687211548   16.475563368
    0.666398442    0.698131701   29.417705536  -16.006019910   20.981254904
    0.856797996    0.698131701   27.966537309    1.781492340   24.419651426
    1.047197551    0.698131701   30.354899781   23.259872825   25.852596015
    1.237597106    0.698131701   36.640733633   41.650465367   24.879537523
    1.427996661    0.698131701   45.684078405   51.597615213   21.794818679
    1.618396215    0.698131701   55.617285794   50.979235233   17.432692166
    1.808795770    0.698131701   64.504385568   41.033762105   12.794465064
    1.999195325    0.698131701   70.851792140   24.891218797    8.680902947
    2.189594880    0.698131701   73.807051315    5.900215382    5.489981421
    2.379994435    0.698131701   73.083928059  -13.392856179    3.247073175
    2.570393989    0.698131701   68.812408845  -31.048769905    1.745689010
    2.760793544    0.698131701   61.489314290  -45.113216191    0.729726622
    2.951193099    0.698131701   52.012884651  -53.342100557   -0.002230154

   -3.141592654    1.047197551   40.706012462  -54.843588559   -4.810834936
   -2.951193099    1.047197551   30.899310060  -47.061576399   -4.634708767
   -2.760793544    1.047197551   23.123856657  -34.161331690   -4.024149115
   -2.570393989    1.047197551   17.911685714  -21.005369990   -3.173025271
   -2.379994435    1.047197551   14.825925874  -12.474650798   -2.290640583
   -2.189594880    1.047197551   12.717408283  -10.780266418   -1.539691830
   -1.999195325    1.047197551   10.399948976  -14.010647350   -1.007343116
   -1.808795770    1.047197551    7.394658666  -17.018077837   -0.701199895
   -1.618396215    1.047197551    4.282645400  -14.378795986   -0.563946746
   -1.427996661    1.047197551    2.441731916   -3.621734642   -0.496068642
   -1.237597106    1.047197551    3.297976801   13.261378765   -0.385473380
   -1.047197551    1.047197551    7.546175568   30.963200126   -0.140695035
   -0.856797996    1.047197551   14.769906438   43.619170170    0.305707554
   -0.666398442    1.047197551   23.602109095   47.430885417    1.027297380
   -0.475998887    1.047197551   32.246108510   41.789819210    2.152935358
   -0.285599332    1.047197551   39.063297779   28.788381723    3.887698733
   -0.095199777    1.047197551   42.992024022   12.167054805    6.462079163
    0.095199777    1.047197551   43.761947476   -3.624254376    9.986448292
    0.285599332    1.047197551   41.951513252  -14.252171444   14.284862277
    0.475998887    1.047197551   38.880048239  -16.491401520   18.786877815
    0.666398442    1.047197551   36.287634574   -9.358073085   22.607138041
    0.856797996    1.047197551   35.816382563    5.188046952   24.820962463
    1.047197551    1.047197551   38.465235198   22.534309769   24.822592551
    1.237597106    1.047197551   44.232385617   37.075958369   22.592260201
    1.427996661    1.047197551   52.135582341   44.472510106   18.693842381
    1.618396215    1.047197551   60.606371472   43.024598075   14.018370875
    1.808795770    1.047197551   68.020089904   33.707208384    9.417808442
    1.999195325    1.047197551   73.100333270   18.970292400    5.441667188
    2.189594880    1.047197551   75.073859786    1.480365708    2.260939921
    2.379994435    1.047197551   73.627774733  -16.639601697   -0.203801709
    2.570393989    1.047197551   68.817273987  -33.521819388   -2.104998298
    2.760793544    1.047197551   61.074730985  -47.065415809   -3.523489097
    2.951193099    1.047197551   51.269690017  -54.819564217   -4.443823840

   -3.141592654    1.396263402   36.415278296  -55.734869004   -9.458137826
   -2.951193099    1.396263402   26.624221354  -46.016898738   -9.226774574
   -2.760793544    1.396263402   19.207696996  -31.523031481   -8.273025310
   -2.570393989    1.396263402   14.599205827  -17.424070640   -6.826261757
   -2.379994435    1.396263402   12.227169009   -8.671772574   -5.131127677
   -2.189594880    1.396263402   10.814651139   -7.357758286   -3.370455873
   -1.999195325    1.396263402    9.078765531  -11.376381129   -1.676191568
   -1.808795770    1.396263402    6.481221369  -15.391090560   -0.182621888
   -1.618396215    1.396263402    3.579228217  -13.791287616    0.954206928
   -1.427996661    1.396263402    1.764136965   -3.892619663    1.619315503
   -1.237597106    1.396263402    2.518067884   12.529895393    1.837661970
   -1.047197551    1.396263402    6.628321061   30.335147569    1.811154918
   -0.856797996    1.396263402   13.791408579   43.700312231    1.866567982
   -0.666398442    1.396263402   22.749940337   48.745283064    2.342253455
   -0.475998887    1.396263402   31.793334693   44.715648426    3.496974886
   -0.285599332    1.396263402   39.336590369   33.497639112    5.479566510
   -0.095199777    1.396263402   44.325193194   18.537972715    8.301771156
    0.095199777    1.396263402   46.427195822    3.867148619   11.786241261
    0.285599332    1.396263402   46.070607497   -6.688386422   15.510642010
    0.475998887    1.396263402   44.335400784  -10.273294028   18.803987310
    0.666398442    1.396263402   42.685051666   -5.877286588   20.899892720
    0.856797996    1.396263402   42.541813325    5.085794887   21.214661288
    1.047197551    1.396263402   44.829262185   18.937528757   19.591094655
    1.237597106    1.396263402   49.651426246   30.964566030   16.389754200
    1.427996661    1.396263402   56.263690492   37.263218680   12.329210966
    1.618396215    1.396263402   63.360728249   35.965419930    8.175357499
    1.808795770    1.396263402   69.501912793   27.451903449    4.452568162
    1.999195325    1.396263402   73.472505051   13.524764026    1.335986874
    2.189594880    1.396263402   74.458971390   -3.508136401   -1.283971937
    2.379994435    1.396263402   72.079585679  -21.482127052   -3.601455354
    2.570393989    1.396263402   66.361097246  -38.171732156   -5.716180537
    2.760793544    1.396263402   57.784261624  -51.070386656   -7.545515525
    2.951193099    1.396263402   47.328250192  -57.526158178   -8.869358198

   -3.141592654    1.745329252   31.152139823  -56.728351346  -14.415579867
   -2.951193099    1.745329252   21.367445037  -44.980885222  -14.372286208
   -2.760793544    1.745329252   14.315018513  -28.829778471  -13.236441405
   -2.570393989    1.745329252   10.327921441  -13.702432201  -11.231732574
   -2.379994435    1.745329252    8.712538374   -4.537781320   -8.636363889
   -2.189594880    1.745329252    8.087297570   -3.295078741   -5.672600877
   -1.999195325    1.745329252    7.085586513   -7.796435081   -2.524806775
   -1.808795770    1.745329252    5.090477199  -12.713140435    0.571646252
   -1.618396215    1.745329252    2.584456459  -12.350927710    3.285781649
   -1.427996661    1.745329252    0.921339045   -3.705197719    5.283945813
   -1.237597106    1.745329252    1.626340074   11.938072872    6.410792747
   -1.047197551    1.745329252    5.618365488   29.839388942    6.801323295
   -0.856797996    1.745329252   12.772471751   44.232410544    6.840778645
   -0.666398442    1.745329252   21.984647716   50.932720084    6.990625958
   -0.475998887    1.745329252   31.618685193   48.716906700    7.602140337
   -0.285599332    1.745329252   40.075476193   39.010006041    8.832637848
   -0.095199777    1.745329252   46.207600687   24.895512254   10.609497429
    0.095199777    1.745329252   49.526672494   10.111607259   12.640041437
    0.285599332    1.745329252   50.256756994   -1.725255721   14.446894499
    0.475998887    1.745329252   49.253971533   -7.712990808   15.452844232
    0.666398442    1.745329252   47.802006056   -6.398289547   15.176312229
    0.856797996    1.745329252   47.265959031    1.575237534   13.460338865
    1.047197551    1.745329252   48.668093547   13.351734630   10.569806568
    1.237597106    1.745329252   52.336501782   24.658448853    7.109208324
    1.427996661    1.745329252   57.778867714   31.436464015    3.755815999
    1.618396215    1.745329252   63.864523127   31.196685009    0.963164990
    1.808795770    1.745329252   69.192123291   23.603988823   -1.193132224
    1.999195325    1.745329252   72.472096227   10.002714811   -2.957971027
    2.189594880    1.745329252   72.767713177   -7.321981720   -4.711809663
    2.379994435    1.745329252   69.609096471  -25.850077522   -6.736328471
    2.570393989    1.745329252   63.023756082  -42.818397845   -9.056264315
    2.760793544    1.745329252   53.590013920  -55.274451455  -11.409112404
    2.951193099    1.745329252   42.442860547  -60.428813312  -13.345299191

   -3.141592654    2.094395102   25.283266498  -58.454581076  -15.525897504
   -2.951193099    2.094395102   15.384047192  -44.457129099  -15.367375955
   -2.760793544    2.094395102    8.634408862  -26.248350336  -14.045318662
   -2.570393989    2.094395102    5.295829113   -9.569460442  -11.791405999
   -2.379994435    2.094395102    4.574165810    0.643284241   -8.876118637
   -2.189594880    2.094395102    5.004793948    2.556279168   -5.481863037
   -1.999195325    2.094395102    5.152564559   -1.648933474   -1.734499767
   -1.808795770    2.094395102    4.313219814   -6.834454967    2.160815199
   -1.618396215    2.094395102    2.844009194   -7.461743320    5.829347268
   -1.427996661    2.094395102    1.969963646   -0.368730736    8.810150142
   -1.237597106    2.094395102    3.153818829   13.669121809   10.772224817
   -1.047197551    2.094395102    7.362991735   30.512433535   11.687769355
   -0.856797996    2.094395102   14.613802604   44.716102929   11.836079008
   -0.666398442    2.094395102   23.963351659   51.971398237   11.638466387
   -0.475998887    2.094395102   33.878355387   50.638315270   11.444735617
   -0.285599332    2.094395102   42.772836425   41.611738247   11.420275093
   -0.095199777    2.094395102   49.417785807   27.542211057   11.492621244
    0.095199777    2.094395102   53.174306757   11.894432366   11.391100140
    0.285599332    2.094395102   54.085935786   -1.752508991   10.739100196
    0.475998887    2.094395102   52.852590650  -10.172216761    9.195583916
    0.666398442    2.094395102   50.697930598  -11.228022584    6.652385818
    0.856797996    2.094395102   49.077813851   -4.768904150    3.374101213
    1.047197551    2.094395102   49.237831258    6.900636546   -0.059279714
    1.237597106    2.094395102   51.779133333   19.459861420   -2.974849942
    1.427996661    2.094395102   56.414283305   28.200625222   -4.912407025
    1.618396215    2.094395102   62.062260391   29.731475578   -5.832719739
    1.808795770    2.094395102   67.210948914   23.007283465   -6.105573044
    1.999195325    2.094395102   70.368565146    9.135383416   -6.305812318
    2.189594880    2.094395102   70.398854895   -9.340820092   -6.960362313
    2.379994435    2.094395102   66.717153303  -29.309974208   -8.338482873
    2.570393989    2.094395102   59.362103108  -47.323256278  -10.353823990
    2.760793544    2.094395102   49.041839459  -59.893412633  -12.602545792
    2.951193099    2.094395102   37.092507941  -64.042446433  -14.506513709

   -3.141592654    2.443460953   20.164525547  -59.589730402  -10.561837427
   -2.951193099    2.443460953   10.241365432  -43.581180370   -9.787921751
   -2.760793544    2.443460953    3.839962752  -23.535971925   -8.129669559
   -2.570393989    2.443460953    1.160210906   -5.438520739   -5.804628433
   -2.379994435    2.443460953    1.330992193    5.842286992   -3.002093671
   -2.189594880    2.443460953    2.838706010    8.649351960    0.224830932
   -1.999195325    2.443460953    4.219878241    5.168884629    3.890990772
   -1.808795770    2.443460953    4.715637266    0.265927216    7.888406605
   -1.618396215    2.443460953    4.565559804   -0.856037291   11.847252210
   -1.427996661    2.443460953    4.833438513    4.893262983   15.198024944
   -1.237597106    2.443460953    6.846429581   17.070906209   17.415395057
   -1.047197551    2.443460953   11.525691436   32.096210129   18.266360374
   -0.856797996    2.443460953   18.942294556   44.970969758   17.888195140
   -0.666398442    2.443460953   28.263028014   51.488134721   16.664476529
   -0.475998887    2.443460953   38.050034543   49.813282294   14.992554976
   -0.285599332    2.443460953   46.759368311   40.463219359   13.120598214
   -0.095199777    2.443460953   53.131517145   25.744923312   11.054901772
    0.095199777    2.443460953   56.443600442    8.933196572    8.616817244
    0.285599332    2.443460953   56.643899512   -6.321422104    5.576316497
    0.475998887    2.443460953   54.381729679  -16.369930766    1.841370194
    0.666398442    2.443460953   50.935847001  -18.416410112   -2.369389053
    0.856797996    2.443460953   47.945259571  -11.730266072   -6.486266018
    1.047197551    2.443460953   46.912798393    1.552080741   -9.771458951
    1.237597106    2.443460953   48.669001928   16.658085927  -11.627618731
    1.427996661    2.443460953   53.023487494   27.985028505  -11.880101596
    1.618396215    2.443460953   58.814226356   31.250514847  -10.868029239
    1.808795770    2.443460953   64.312185437   24.928872741   -9.282319552
    1.999195325    2.443460953   67.770198970   10.194825437   -7.870872092
    2.189594880    2.443460953   67.852761655   -9.920236262   -7.171784897
    2.379994435    2.443460953   63.891204271  -31.622120654   -7.371559896
    2.570393989    2.443460953   55.970044504  -50.820771911   -8.288882028
    2.760793544    2.443460953   44.946792201  -63.596093570   -9.477856488
    2.951193099    2.443460953   32.359385516  -66.868853435  -10.389176642

   -3.141592654    2.792526803   17.638682464  -58.889358944    0.726730826
   -2.951193099    2.792526803    7.968755358  -41.652421339    2.723816593
   -2.760793544    2.792526803    2.037785199  -20.577303742    4.847064712
   -2.570393989    2.792526803    0.000000000   -1.686616718    6.893461698
   -2.379994435    2.792526803    0.954664519   10.331293416    8.852269808
   -2.189594880    2.792526803    3.396262957   13.990845212   10.939831251
   -1.999195325    2.792526803    5.880516744   11.392354086   13.446348092
   -1.808795770    2.792526803    7.620009283    7.002871097   16.468448547
   -1.618396215    2.792526803    8.738344982    5.562470140   19.720545510
   -1.427996661    2.792526803   10.116317889    9.972343157   22.576462234
   -1.237597106    2.792526803   12.903808310   20.041750037   24.336247576
   -1.047197551    2.792526803   17.926013086   32.738865208   24.549194815
   -0.856797996    2.792526803   25.264339470   43.583939703   23.183246093
   -0.666398442    2.792526803   34.169890409   48.593439584   20.569390011
   -0.475998887    2.792526803   43.298583179   45.849521754   17.176865235
   -0.285599332    2.792526803   51.166040908   35.585804309   13.395942534
   -0.095199777    2.792526803   56.517199153   19.872922094    9.396180873
    0.095199777    2.792526803   58.604608181    1.927745695    5.160331448
    0.285599332    2.792526803   57.367173319  -14.375531977    0.620382764
    0.475998887    2.792526803   53.511951522  -24.912511378   -4.143684766
    0.666398442    2.792526803   48.474220948  -26.368822575   -8.765802249
    0.856797996    2.792526803   44.129273949  -17.776654357  -12.618002522
    1.047197551    2.792526803   42.214406272   -1.537934258  -15.039725090
    1.237597106    2.792526803   43.693345584   16.815200391  -15.644006841
    1.427996661    2.792526803   48.342608782   30.756537955  -14.522510380
    1.618396215    2.792526803   54.809864008   35.348811305  -12.223214166
    1.808795770    2.792526803   61.100421089   28.942526115   -9.503583817
    1.999195325    2.792526803   65.226052474   13.071488764   -7.026881522
    2.189594880    2.792526803   65.706309864   -8.639268410   -5.151673065
    2.379994435    2.792526803   61.843675269  -31.791792966   -3.893148084
    2.570393989    2.792526803   53.796002536  -51.858636959   -2.999181721
    2.760793544    2.792526803   42.555596124  -64.706737700   -2.109998799
    2.951193099    2.792526803   29.811006842  -67.304381589   -0.914144759
