#! FIELDS phi psi file.free der_phi der_psi
#! SET min_phi -pi
#! SET max_phi pi
#! SET nbins_phi  33
#! SET periodic_phi true
#! SET min_psi -pi
#! SET max_psi pi
#! SET nbins_psi  18
#! SET periodic_psi true
   -3.141592654   -3.141592654   19.009789826  -55.220922657   15.125042577
   -2.951193099   -3.141592654   10.194548348  -36.614025176   17.773136363
   -2.760793544   -3.141592654    5.233898269  -15.686706074   19.547661563
   -2.570393989   -3.141592654    4.020316497    1.948776193   20.482758003
   -2.379994435   -3.141592654    5.529952656   12.584711854   20.945653178
   -2.189594880   -3.141592654    8.326633805   15.646752657   21.531229946
   -1.999195325   -3.141592654   11.158902449   13.559779178   22.805280826
   -1.808795770   -3.141592654   13.420686969   10.358145917   24.986455203
   -1.618396215   -3.141592654   15.285892025    9.942768210   27.766620075
   -1.427996661   -3.141592654   17.527827398   14.474578687   30.378666669
   -1.237597106   -3.141592654   21.095205511   23.545502397   31.910390212
   -1.047197551   -3.141592654   26.625463276   34.475099362   31.689661482
   -0.856797996   -3.141592654   34.106322346   43.344764564   29.519402007
   -0.666398442   -3.141592654   42.791480756   46.556665829   25.671778453
   -0.475998887   -3.141592654   51.379716570   42.228780235   20.686423343
   -0.285599332   -3.141592654   58.406649498   30.340738251   15.126226158
   -0.095199777   -3.141592654   62.584713830   12.738392278    9.401425162
    0.095199777   -3.141592654   63.115055784   -7.312259655    3.755032357
    0.285599332   -3.141592654   59.935094156  -25.443939543   -1.662768504
    0.475998887   -3.141592654   53.878914810  -36.717478755   -6.652274824
    0.666398442   -3.141592654   46.670505891  -36.997284584  -10.881671874
    0.856797996   -3.141592654   40.593359400  -24.979482305  -13.921588706
    1.047197551   -3.141592654   37.779381057   -3.581828307  -15.409240549
    1.237597106   -3.141592654   39.402580732   20.292024948  -15.240067020
    1.427996661   -3.141592654   45.145487760   38.405251754  -13.643234704
    1.618396215   -3.141592654   53.263961957   44.547115058  -11.089311476
    1.808795770   -3.141592654   61.223419789   36.832719137   -8.077713412
    1.999195325   -3.141592654   66.558976012   17.678405234   -4.950158643
    2.189594880   -3.141592654   67.555454778   -7.763615816   -1.815086593
    2.379994435   -3.141592654   63.578823065  -33.591227182    1.382653811
    2.570393989   -3.141592654   55.087085033  -54.380339172    4.745918226
    2.760793544   -3.141592654   43.461037424  -65.961445964    8.283225076
    2.951193099   -3.141592654   30.704040727  -66.088145180   11.843569912

   -3.141592654   -2.792526803   26.155133320  -50.029006352   23.335918493
   -2.951193099   -2.792526803   18.138645441  -33.480960650   25.925859536
   -2.760793544   -2.792526803   13.572966462  -14.627066311   27.246533771
   -2.570393989   -2.792526803   12.406785683    1.535167503   27.512903272
   -2.379994435   -2.792526803   13.783202497   11.806077044   27.254016858
   -2.189594880   -2.792526803   16.497961863   15.759491804   27.130567571
   -1.999195325   -2.792526803   19.512594111   15.450646029   27.671963548
   -1.808795770   -2.792526803   22.315869382   14.083483494   29.013783094
   -1.618396215   -2.792526803   24.997625924   14.564949306   30.786561640
   -1.427996661   -2.792526803   28.076229369   18.338708548   32.210642923
   -1.237597106   -2.792526803   32.164487440   24.903378590   32.402185340
   -1.047197551   -2.792526803   37.612780729   32.146654197   30.741321061
   -0.856797996   -2.792526803   44.273559259   37.118939851   27.106006959
   -0.666398442   -2.792526803   51.451910011   37.144844851   21.873171679
   -0.475998887   -2.792526803   58.040981228   30.884404452   15.710658651
   -0.285599332   -2.792526803   62.829850958   18.388556291    9.299353683
   -0.095199777   -2.792526803   64.761308348    1.250715901    3.139570590
    0.095199777   -2.792526803   63.206844186  -17.628503004   -2.469321053
    0.285599332   -2.792526803   58.211439996  -34.127751624   -7.351441613
    0.475998887   -2.792526803   50.686595560  -43.394403737  -11.323657273
    0.666398442   -2.792526803   42.426153209  -41.308323896  -14.151372059
    0.856797996   -2.792526803   35.773077046  -26.680093584  -15.608961033
    1.047197551   -2.792526803   32.880728528   -2.729738158  -15.603016284
    1.237597106   -2.792526803   34.876446714   23.267974421  -14.267169198
    1.427996661   -2.792526803   41.334287369   42.829418822  -11.929928682
    1.618396215   -2.792526803   50.379493725   49.776295596   -8.974458193
    1.808795770   -2.792526803   59.378815035   42.495497531   -5.677430565
    1.999195325   -2.792526803   65.827729635   23.727899277   -2.135537337
    2.189594880   -2.792526803   68.022848353   -1.203491700    1.703572232
    2.379994435   -2.792526803   65.351918477  -26.438975789    5.913513404
    2.570393989   -2.792526803   58.267666705  -46.806933666   10.473424515
    2.760793544   -2.792526803   48.088774346  -58.446419762   15.172600440
    2.951193099   -2.792526803   36.701912278  -59.355375864   19.620299867

   -3.141592654   -2.443460953   34.279784138  -44.515403395   21.887547318
   -2.951193099   -2.443460953   27.100778058  -30.244673868   23.965403187
   -2.760793544   -2.443460953   22.937368330  -13.571182237   24.856956047
   -2.570393989   -2.443460953   21.815680942    1.102389080   24.808033845
   -2.379994435   -2.443460953   23.050603631   10.933600693   24.288639336
   -2.189594880   -2.443460953   25.639742708   15.452307393   23.807638684
   -1.999195325   -2.443460953   28.697671833   16.243039825   23.709213982
   -1.808795770   -2.443460953   31.745587371   15.761468141   24.010334309
   -1.618396215   -2.443460953   34.759001959   16.161838939   24.371171625
   -1.427996661   -2.443460953   38.023755329   18.461432358   24.201461825
   -1.237597106   -2.443460953   41.890185686   22.295004700   22.899932108
   -1.047197551   -2.443460953   46.526125802   26.211544481   20.118019591
   -0.856797996   -2.443460953   51.757694672   28.178891954   15.911944498
   -0.666398442   -2.443460953   57.027961344   26.276609711   10.714023974
   -0.475998887   -2.443460953   61.470976751   19.449345759    5.144079631
   -0.285599332   -2.443460953   64.125057713    7.569991201   -0.230601360
   -0.095199777   -2.443460953   64.118045006   -8.195333751   -5.045802041
    0.095199777   -2.443460953   60.924976309  -25.355259432   -9.135417332
    0.285599332   -2.443460953   54.633957197  -39.981221288  -12.439663645
    0.475998887   -2.443460953   46.183005197  -47.234182322  -14.878019011
    0.666398442   -2.443460953   37.395016532  -42.984276155  -16.317197299
    0.856797996   -2.443460953   30.631488314  -26.164773913  -16.633802670
    1.047197551   -2.443460953   28.026620625   -0.277025942  -15.812183312
    1.237597106   -2.443460953   30.633626306   27.145930728  -14.008168496
    1.427996661   -2.443460953   37.918468747   47.555343888  -11.496685435
    1.618396215   -2.443460953   47.910087853   54.954437792   -8.550755165
    1.808795770   -2.443460953   57.929681009   48.044666556   -5.334387688
    1.999195325   -2.443460953   65.483574474   29.825490042   -1.876680541
    2.189594880   -2.443460953   68.911543663    5.671016598    1.879234990
    2.379994435   -2.443460953   67.631500547  -18.718806498    5.967480822
    2.570393989   -2.443460953   62.079542819  -38.513693977   10.317227625
    2.760793544   -2.443460953   53.487353898  -50.213266634   14.687012429
    2.951193099   -2.443460953   43.595049462  -52.061426054   18.690389416

   -3.141592654   -2.094395102   40.518821305  -40.297272537   13.988770480
   -2.951193099   -2.094395102   33.980530413  -27.756513019   15.098140984
   -2.760793544   -2.094395102   30.132974947  -12.688186188   15.456953986
   -2.570393989   -2.094395102   29.064138885    0.877785256   15.277705451
   -2.379994435   -2.094395102   30.202354478   10.242168563   14.835164643
   -2.189594880   -2.094395102   32.656081742   14.773104774   14.336843152
   -1.999195325   -2.094395102   35.595585999   15.648704640   13.837643351
   -1.808795770   -2.094395102   38.509196325   14.844473001   13.216002759
   -1.618396215   -2.094395102   41.258291754   14.164060769   12.228789429
   -1.427996661   -2.094395102   43.974773689   14.590114702   10.604779159
   -1.237597106   -2.094395102   46.886524484   16.124630488    8.169119595
   -1.047197551   -2.094395102   50.138968201   17.955983950    4.946784613
   -0.856797996   -2.094395102   53.664496045   18.709554219    1.185783492
   -0.666398442   -2.094395102   57.112046304   16.820738007   -2.719035303
   -0.475998887   -2.094395102   59.845399378   11.108910635   -6.371688502
   -0.285599332   -2.094395102   61.071006464    0.962614530   -9.521966069
   -0.095199777   -2.094395102   59.978040309  -13.018057800  -12.117290880
    0.095199777   -2.094395102   56.012231649  -28.711488790  -14.236490519
    0.285599332   -2.094395102   49.192976274  -42.205997982  -15.970515882
    0.475998887   -2.094395102   40.413982967  -48.442368142  -17.298443259
    0.666398442   -2.094395102   31.501546871  -43.046144682  -18.070696995
    0.856797996   -2.094395102   24.850584122  -24.883864451  -18.087112783
    1.047197551   -2.094395102   22.621022206    2.379720102  -17.210718522
    1.237597106   -2.094395102   25.851025218   30.985029719  -15.461029558
    1.427996661   -2.094395102   33.953946106   52.249182815  -13.004158555
    1.618396215   -2.094395102   44.895892856   60.198904947  -10.071418016
    1.808795770   -2.094395102   55.952570913   53.671739830   -6.874115517
    1.999195325   -2.094395102   64.611734004   35.805678919   -3.555845943
    2.189594880   -2.094395102   69.214831161   12.025797421   -0.189968314
    2.379994435   -2.094395102   69.179206999  -12.022313086    3.170423679
    2.570393989   -2.094395102   64.920057604  -31.687153050    6.448825100
    2.760793544   -2.094395102   57.608545203  -43.681849864    9.492401968
    2.951193099   -2.094395102   48.887318418  -46.413581765   12.082621825

   -3.141592654   -1.745329252   43.302099792  -38.798275246    5.764444775
   -2.951193099   -1.745329252   36.959300627  -27.188252338    6.209788815
   -2.760793544   -1.745329252   33.146427925  -12.855825439    6.325780817
   -2.570393989   -1.745329252   31.995255223    0.211803879    6.183516925
   -2.379994435   -1.745329252   32.970445138    9.196528095    5.803607879
   -2.189594880   -1.745329252   35.183285723   13.256869097    5.114391345
   -1.999195325   -1.745329252   37.769163085   13.398339523    3.978618179
   -1.808795770   -1.745329252   40.159850416   11.559506458    2.266529409
   -1.618396215   -1.745329252   42.168522773    9.659724654   -0.059942914
   -1.427996661   -1.745329252   43.913058610    8.921728470   -2.906520967
   -1.237597106   -1.745329252   45.661608338    9.669142445   -6.048744624
   -1.047197551   -1.745329252   47.660070972   11.377188885   -9.170026541
   -0.856797996   -1.745329252   49.985126953   12.816806684  -11.929420432
   -0.666398442   -1.745329252   52.433521966   12.314742440  -14.046790789
   -0.475998887   -1.745329252   54.469673017    8.308553650  -15.385675691
   -0.285599332   -1.745329252   55.314264825   -0.304791443  -16.013313101
   -0.095199777   -1.745329252   54.083143656  -13.310882562  -16.181117522
    0.095199777   -1.745329252   50.100844565  -28.692744935  -16.223423140
    0.285599332   -1.745329252   43.275939605  -42.318965442  -16.412894208
    0.475998887   -1.745329252   34.455874181  -48.725363945  -16.813842945
    0.666398442   -1.745329252   25.499648935  -43.143621953  -17.248275912
    0.856797996   -1.745329252   18.890660199  -24.251816166  -17.377869589
    1.047197551   -1.745329252   16.887640183    4.181648327  -16.859193802
    1.237597106   -1.745329252   20.588360558   34.116761698  -15.509665412
    1.427996661   -1.745329252   29.405121851   56.559691119  -13.370453920
    1.618396215   -1.745329252   41.251562565   65.305812093  -10.669231698
    1.808795770   -1.745329252   53.320839115   59.119783223   -7.719497485
    1.999195325   -1.745329252   63.017707514   41.196509550   -4.816745415
    2.189594880   -1.745329252   68.620267872   17.089558024   -2.160115517
    2.379994435   -1.745329252   69.506130742   -7.427595703    0.154872215
    2.570393989   -1.745329252   66.069193489  -27.664009456    2.111452826
    2.760793544   -1.745329252   59.459706991  -40.358340239    3.709998841
    2.951193099   -1.745329252   51.293246586  -43.954295587    4.937544972

   -3.141592654   -1.396263402   42.206757091  -39.285264126    2.231400388
   -2.951193099   -1.396263402   35.785842217  -27.502085567    1.849731927
   -2.760793544   -1.396263402   31.937445326  -12.927903614    1.273764336
   -2.570393989   -1.396263402   30.785062319    0.216509621    0.553388478
   -2.379994435   -1.396263402   31.736747431    8.854197276   -0.368263199
   -2.189594880   -1.396263402   33.805027210   11.981706637   -1.669509357
   -1.999195325   -1.396263402   36.015748555   10.664539749   -3.564234255
   -1.808795770   -1.396263402   37.727006541    7.159875294   -6.161536373
   -1.618396215   -1.396263402   38.757433775    3.874894490   -9.349990466
   -1.427996661   -1.396263402   39.326341310    2.519091483  -12.784317355
   -1.237597106   -1.396263402   39.882041578    3.733558407  -15.977388002
   -1.047197551   -1.396263402   40.882178851    6.993457443  -18.443045017
   -0.856797996   -1.396263402   42.585061766   10.752140093  -19.831094022
   -0.666398442   -1.396263402   44.883939004   12.793023517  -20.012876598
   -0.475998887   -1.396263402   47.226528034   10.932617371  -19.106198025
   -0.285599332   -1.396263402   48.706762847    3.566787923  -17.456115948
   -0.095199777   -1.396263402   48.240672337   -9.343309455  -15.550845737
    0.095199777   -1.396263402   44.936052875  -25.697671768  -13.887514073
    0.285599332   -1.396263402   38.532231094  -40.946032825  -12.814358535
    0.475998887   -1.396263402   29.811988662  -48.991920408  -12.396198972
    0.666398442   -1.396263402   20.695327833  -44.417445354  -12.398372633
    0.856797996   -1.396263402   13.829246042  -25.494592450  -12.399645137
    1.047197551   -1.396263402   11.676176954    3.985593175  -11.978099598
    1.237597106   -1.396263402   15.493713836   35.580706623  -10.897563621
    1.427996661   -1.396263402   24.753565365   59.686593716   -9.175324547
    1.618396215   -1.396263402   37.313671413   69.540026193   -7.030119708
    1.808795770   -1.396263402   50.228282854   63.609055473   -4.766105438
    1.999195325   -1.396263402   60.738242511   45.127105853   -2.658148194
    2.189594880   -1.396263402   66.992569856   19.942827771   -0.878730986
    2.379994435   -1.396263402   68.306165529   -5.781239754    0.503360195
    2.570393989   -1.396263402   65.079542404  -27.051188748    1.487789485
    2.760793544   -1.396263402   58.513679499  -40.450173508    2.093226104
    2.951193099   -1.396263402   50.291700047  -44.403513183    2.335247223

   -3.141592654   -1.047197551   39.974661568  -41.954440972    2.304731428
   -2.951193099   -1.047197551   33.064905688  -29.907633360    1.189386434
   -2.760793544   -1.047197551   28.806950219  -14.806386205   -0.137422881
   -2.570393989   -1.047197551   27.345318459   -1.198758257   -1.596382277
   -2.379994435   -1.047197551   28.038060178    7.446166914   -3.240734499
   -2.189594880   -1.047197551   29.784789159    9.897549499   -5.273137741
   -1.999195325   -1.047197551   31.486733112    7.342525802   -7.924708641
   -1.808795770   -1.047197551   32.436390981    2.520336784  -11.256965027
   -1.618396215   -1.047197551   32.497669861   -1.520637746  -15.010395610
   -1.427996661   -1.047197551   32.049366884   -2.567046762  -18.618450833
   -1.237597106   -1.047197551   31.763159737    0.165474932  -21.395416440
   -1.047197551   -1.047197551   32.305318604    5.863803802  -22.786765853
   -0.856797996   -1.047197551   34.056597854   12.385158459  -22.561153631
   -0.666398442   -1.047197551   36.907096959   16.838041103  -20.860090625
   -0.475998887   -1.047197551   40.180782701   16.476035113  -18.120989717
   -0.285599332   -1.047197551   42.764096533    9.393945159  -14.948178245
   -0.095199777   -1.047197551   43.338727638   -4.420856648  -11.940432523
    0.095199777   -1.047197551   40.814937796  -22.516403178   -9.546535939
    0.285599332   -1.047197551   34.827082010  -39.740263334   -7.947973123
    0.475998887   -1.047197551   26.177930254  -49.329558728   -7.022487783
    0.666398442   -1.047197551   16.921852916  -45.374267554   -6.428723231
    0.856797996   -1.047197551    9.900028829  -26.020737942   -5.781857865
    1.047197551   -1.047197551    7.752643212    4.644595791   -4.820437183
    1.237597106   -1.047197551   11.831619776   37.640085743   -3.503038380
    1.427996661   -1.047197551   21.595636582   62.821409795   -1.974161169
    1.618396215   -1.047197551   34.803698518   73.081481603   -0.448769436
    1.808795770   -1.047197551   48.373301567   66.828326293    0.895554385
    1.999195325   -1.047197551   59.419243659   47.462554236    1.967569832
    2.189594880   -1.047197551   66.009129935   21.103877341    2.756133606
    2.379994435   -1.047197551   67.427403660   -5.832716738    3.281209088
    2.570393989   -1.047197551   64.084622866  -28.184110969    3.541382310
    2.760793544   -1.047197551   57.217362714  -42.435298015    3.498406129
    2.951193099   -1.047197551   48.561148231  -46.931351852    3.094801869

   -3.141592654   -0.698131701   39.261579726  -45.279199606    2.336644378
   -2.951193099   -0.698131701   31.700533817  -33.367867166    0.213075676
   -2.760793544   -0.698131701   26.792668424  -18.144038680   -2.161783859
   -2.570393989   -0.698131701   24.709498325   -4.416511787   -4.584450333
   -2.379994435   -0.698131701   24.775865140    4.005507537   -7.016890291
   -2.189594880   -0.698131701   25.805176026    5.724494018   -9.620807731
   -1.999195325   -0.698131701   26.615433218    2.142829353  -12.604663036
   -1.808795770   -0.698131701   26.495762830   -3.401266008  -15.971989385
   -1.618396215   -0.698131701   25.434411490   -7.178951746  -19.350898232
   -1.427996661   -0.698131701   24.040705422   -6.611737008  -22.052342541
   -1.237597106   -0.698131701   23.233776592   -1.111031258  -23.354945763
   -1.047197551   -0.698131701   23.839841719    7.817233323  -22.838686663
   -0.856797996   -0.698131701   26.245641161   17.174768648  -20.578776261
   -0.666398442   -0.698131701   30.197227693   23.400530619  -17.097509388
   -0.475998887   -0.698131701   34.781989341   23.446580990  -13.136458311
   -0.285599332   -0.698131701   38.629378074   15.512089372   -9.398359110
   -0.095199777   -0.698131701   40.214906594   -0.025197623   -6.322530847
    0.095199777   -0.698131701   38.336991021  -20.125533911   -3.999752970
    0.285599332   -0.698131701   32.636595587  -39.004668921   -2.199393710
    0.475998887   -0.698131701   24.033446103  -49.416777891   -0.529048594
    0.666398442   -0.698131701   14.763081172  -45.291872115    1.336686344
    0.856797996   -0.698131701    7.838910086  -25.003129873    3.455571762
    1.047197551   -0.698131701    5.999744926    6.843108205    5.586187647
    1.237597106   -0.698131701   10.590626751   40.719842321    7.326885527
    1.427996661   -0.698131701   20.977256374   66.159514173    8.348689605
    1.618396215   -0.698131701   34.793990361   76.040643150    8.573511917
    1.808795770   -0.698131701   48.855225820   68.981738307    8.189098801
    1.999195325   -0.698131701   60.220067083   48.650956184    7.518159743
    2.189594880   -0.698131701   66.945609420   21.354464134    6.847243416
    2.379994435   -0.698131701   68.328724412   -6.441601213    6.299865911
    2.570393989   -0.698131701   64.792340044  -29.597658626    5.791737459
    2.760793544   -0.698131701   57.581351319  -44.622605106    5.102373082
    2.951193099   -0.698131701   48.441967258  -49.799973815    3.991224892

   -3.141592654   -0.349065850   39.858124209  -49.724833297    2.150822564
   -2.951193099   -0.349065850   31.374824388  -38.508167126   -0.536208889
   -2.760793544   -0.349065850   25.465436838  -23.430041210   -3.432018784
   -2.570393989   -0.349065850   22.392564131   -9.492372999   -6.285987215
   -2.379994435   -0.349065850   21.511618280   -0.906006863   -9.027129331
   -2.189594880   -0.349065850   21.596936726    0.669216411  -11.783970238
   -1.999195325   -0.349065850   21.415396941   -3.201762965  -14.703502921
   -1.808795770   -0.349065850   20.280514568   -8.584726514  -17.682275753
   -1.618396215   -0.349065850   18.330841633  -11.102144917  -20.225208952
   -1.427996661   -0.349065850   16.416290902   -7.956014155  -21.579482331
   -1.237597106   -0.349065850   15.672579379    0.969795389  -21.107860135
   -1.047197551   -0.349065850   16.998973980   13.189767217  -18.658521908
   -0.856797996   -0.349065850   20.657651294   24.709870108  -14.697524045
   -0.666398442   -0.349065850   26.118214933   31.428663802  -10.113505107
   -0.475998887   -0.349065850   32.150235890   30.387451983   -5.834434615
   -0.285599332   -0.349065850   37.134926412   20.425466847   -2.479585952
   -0.095199777   -0.349065850   39.450797118    2.788593104   -0.153256281
    0.095199777   -0.349065850   37.962724895  -18.673150220    1.512273645
    0.285599332   -0.349065850   32.502137881  -37.732708165    3.150312133
    0.475998887   -0.349065850   24.213105971  -47.248485451    5.329240037
    0.666398442   -0.349065850   15.484658466  -41.778095814    8.243849819
    0.856797996   -0.349065850    9.334872156  -20.533227524   11.562683443
    1.047197551   -0.349065850    8.360585796   11.248177266   14.564418413
    1.237597106   -0.349065850   13.694336670   43.949827275   16.487333362
    1.427996661   -0.349065850   24.527928069   67.572439720   16.900132184
    1.618396215   -0.349065850   38.440764784   75.706212567   15.890143962
    1.808795770   -0.349065850   52.318518591   67.519644996   13.972875768
    1.999195325   -0.349065850   63.359365710   46.829472393   11.806116118
    2.189594880   -0.349065850   69.748321582   19.696881814    9.895712880
    2.379994435   -0.349065850   70.839926626   -7.879268636    8.426415138
    2.570393989   -0.349065850   67.024195346  -31.175725450    7.243818143
    2.760793544   -0.349065850   59.455563799  -46.890785216    6.003899891
    2.951193099   -0.349065850   49.784765140  -53.153790224    4.360506725

   -3.141592654    0.000000000   40.834238375  -53.993846710    1.764616235
   -2.951193099    0.000000000   31.461169287  -43.486768605   -0.722428474
   -2.760793544    0.000000000   24.575081410  -28.618815468   -3.325482265
   -2.570393989    0.000000000   20.523246175  -14.548459393   -5.838726967
   -2.379994435    0.000000000   18.694923277   -5.821259520   -8.211998952
   -2.189594880    0.000000000   17.844141321   -4.268006502  -10.548102121
   -1.999195325    0.000000000   16.722316701   -8.082118550  -12.928455188
   -1.808795770    0.000000000   14.712284592  -12.728171596  -15.176175796
   -1.618396215    0.000000000   12.137427718  -13.300867712  -16.770025133
   -1.427996661    0.000000000   10.086774980   -7.031699720  -17.023941296
   -1.237597106    0.000000000    9.857636103    5.428028491  -15.473805764
   -1.047197551    0.000000000   12.319218319   20.433436319  -12.210623513
   -0.856797996    0.000000000   17.493097177   33.057754219   -7.922784995
   -0.666398442    0.000000000   24.495023398   38.984787616   -3.598154885
   -0.475998887    0.000000000   31.778171274   35.821106642   -0.074560935
   -0.285599332    0.000000000   37.565215170   23.463555636    2.300289355
   -0.095199777    0.000000000   40.286616446    4.207630035    3.787865893
    0.095199777    0.000000000   39.027283567  -17.427028404    5.083827967
    0.285599332    0.000000000   33.907239880  -35.195621908    6.985657713
    0.475998887    0.000000000   26.295080814  -42.631172876    9.990452397
    0.666398442    0.000000000   18.627888243  -35.418291329   14.004596414
    0.856797996    0.000000000   13.752618873  -13.821219995   18.295355738
    1.047197551    0.000000000   13.944620369   16.478362555   21.779748385
    1.237597106    0.000000000   20.012988609   46.274194725   23.509922426
    1.427996661    0.000000000   30.972951645   66.616150070   23.092676021
    1.618396215    0.000000000   44.443395615   72.220463157   20.827545116
    1.808795770    0.000000000   57.525181500   62.896225255   17.512034385
    1.999195325    0.000000000   67.687548484   42.415679241   14.048101266
    2.189594880    0.000000000   73.323167780   16.269796747   11.085993166
    2.379994435    0.000000000   73.863234932  -10.305073215    8.853110277
    2.570393989    0.000000000   69.639214650  -33.161397114    7.170323819
    2.760793544    0.000000000   61.672187198  -49.214463933    5.649120012
    2.951193099    0.000000000   51.477773862  -56.388126840    3.908539862

   -3.141592654    0.349065850   42.369104824  -57.238664497    1.162680327
   -2.951193099    0.349065850   32.311925339  -47.348175975   -0.441962241
   -2.760793544    0.349065850   24.661605425  -32.703068445   -2.032117457
   -2.570393989    0.349065850   19.836872230  -18.540248995   -3.547980026
   -2.379994435    0.349065850   17.263857473   -9.654280316   -5.026920238
   -2.189594880    0.349065850   15.692689078   -8.005913971   -6.566933363
   -1.999195325    0.349065850   13.875773453  -11.583455886   -8.190115126
   -1.808795770    0.349065850   11.266779292  -15.372332174   -9.686826485
   -1.618396215    0.349065850    8.347603586  -14.098775245  -10.600550415
   -1.427996661    0.349065850    6.391138788   -5.153720413  -10.411320864
   -1.237597106    0.349065850    6.785460403   10.018188191   -8.850907390
   -1.047197551    0.349065850   10.308373347   26.747104222   -6.129421685
   -0.856797996    0.349065850   16.719579065   39.450302908   -2.891476788
   -0.666398442    0.349065850   24.819479358   43.926696517    0.097388103
   -0.475998887    0.349065850   32.841485907   38.608234629    2.338420262
   -0.285599332    0.349065850   38.979826492   24.522925219    3.832338105
   -0.095199777    0.349065850   41.839794066    4.872413201    5.073042708
    0.095199777    0.349065850   40.802762215  -15.489000338    6.789050030
    0.285599332    0.349065850   36.279691724  -30.725913886    9.590645870
    0.475998887    0.349065850   29.786170375  -35.426859200   13.630002958
    0.666398442    0.349065850   23.672214156  -26.610946802   18.435351729
    0.856797996    0.349065850   20.463853965   -5.535171538   23.002097756
    1.047197551    0.349065850   22.001039877   21.981711796   26.166572606
    1.237597106    0.349065850   28.727669047   47.560327701   27.092561129
    1.427996661    0.349065850   39.516783075   63.659796068   25.611051110
    1.618396215    0.349065850   52.113935576   66.300802703   22.252559387
    1.808795770    0.349065850   63.936429401   55.915857525   17.972679927
    1.999195325    0.349065850   72.809343679   36.083874344   13.738819422
    2.189594880    0.349065850   77.383818125   11.541949223   10.197411336
    2.379994435    0.349065850   77.186646118  -13.386676570    7.556446453
    2.570393989    0.349065850   72.486770436  -35.217244836    5.646027969
    2.760793544    0.349065850   64.156203385  -51.119192315    4.128156347
    2.951193099    0.349065850   53.554887146  -58.831962176    2.686387057

   -3.141592654    0.698131701   43.847653799  -58.532525915   -0.582178918
   -2.951193099    0.698131701   33.521538625  -48.859874253   -0.980237632
   -2.760793544    0.698131701   25.562627178  -34.415283342   -1.157192901
   -2.570393989    0.698131701   20.392473006  -20.453168816   -1.248742727
   -2.379994435    0.698131701   17.431867699  -11.816548895   -1.423646696
   -2.189594880    0.698131701   15.423578389  -10.423374798   -1.822757670
   -1.999195325    0.698131701   13.135918506  -14.048446145   -2.480176843
   -1.808795770    0.698131701   10.092028586  -17.364856648   -3.258050961
   -1.618396215    0.698131701    6.893675554  -14.924376825   -3.869500015
   -1.427996661    0.698131701    4.934361343   -4.314560075   -3.998464285
   -1.237597106    0.698131701    5.645869880   12.435390602   -3.474639405
   -1.047197551    0.698131701    9.725551787   30.007828127   -2.382547208
   -0.856797996    0.698131701   16.756093720   42.528353781   -1.007287044
   -0.666398442    0.698131701   25.360254607   46.078604767    0.361783947
   -0.475998887    0.698131701   33.696322785   39.818865065    1.641303105
   -0.285599332    0.698131701   40.032689024   25.576258957    3.042849174
   -0.095199777    0.698131701   43.174657088    6.994612652    4.999213697
    0.095199777    0.698131701   42.735301447  -11.189231553    7.935119110
    0.285599332    0.698131701   39.278446498  -23.839371342   12.012877976
    0.475998887    0.698131701   34.299493513  -26.604262618   16.934491197
    0.666398442    0.698131701   29.924049695  -17.521487287   21.924830702
    0.856797996    0.698131701   28.301716968    1.664838619   25.930793254
    1.047197551    0.698131701   30.879063879   25.474092857   27.995757246
    1.237597106    0.698131701   37.846029258   46.582646621   27.638466352
    1.427996661    0.698131701   48.057997393   58.775800540   25.025339743
    1.618396215    0.698131701   59.473447543   59.085533551   20.866732651
    1.808795770    0.698131701   69.850475278   48.248203169   16.103044085
    1.999195325    0.698131701   77.344683954   29.456557573   11.565639632
    2.189594880    0.698131701   80.820966200    6.688889329    7.756837865
    2.379994435    0.698131701   79.871473395  -16.496811076    4.833824562
    2.570393989    0.698131701   74.707691742  -37.084531079    2.701597720
    2.760793544    0.698131701   66.088969821  -52.376387160    1.181318661
    2.951193099    0.698131701   55.264026520  -59.973112490    0.116230520

   -3.141592654    1.047197551   42.662197655  -59.209269104   -5.239034434
   -2.951193099    1.047197551   32.285909669  -48.716217785   -4.696253971
   -2.760793544    1.047197551   24.415090946  -33.675677240   -3.701362685
   -2.570393989    1.047197551   19.414751421  -19.469432687   -2.535408059
   -2.379994435    1.047197551   16.633751132  -10.966651865   -1.461679427
   -2.189594880    1.047197551   14.751194432   -9.983821620   -0.658784941
   -1.999195325    1.047197551   12.499842346  -14.100635418   -0.209049892
   -1.808795770    1.047197551    9.408102754  -17.779407036   -0.109481774
   -1.618396215    1.047197551    6.117094161  -15.435885864   -0.296440801
   -1.427996661    1.047197551    4.072793024   -4.662942839   -0.657557084
   -1.237597106    1.047197551    4.745114277   12.369510091   -1.046258019
   -1.047197551    1.047197551    8.839032755   30.204455504   -1.303008668
   -0.856797996    1.047197551   15.929290717   42.960473134   -1.260206286
   -0.666398442    1.047197551   24.649037195   46.909580709   -0.738625439
   -0.475998887    1.047197551   33.216431107   41.515606173    0.464170073
   -0.285599332    1.047197551   40.010866444   28.808080727    2.563674590
   -0.095199777    1.047197551   43.962805341   12.340462746    5.729632483
    0.095199777    1.047197551   44.757811135   -3.601075817    9.963432039
    0.285599332    1.047197551   42.917169318  -14.622294276   14.975576265
    0.475998887    1.047197551   39.743262436  -17.147594419   20.114225294
    0.666398442    1.047197551   37.044354556   -9.689383729   24.458765304
    0.856797996    1.047197551   36.616704751    6.135749158   27.082969287
    1.047197551    1.047197551   39.641298892   25.632307092   27.383321584
    1.237597106    1.047197551   46.232751355   42.607761489   25.320323966
    1.427996661    1.047197551   55.381992063   51.844370366   21.412355494
    1.618396215    1.047197551   65.326438484   50.839266412   16.502628037
    1.808795770    1.047197551   74.129333356   40.165619388   11.431562039
    1.999195325    1.047197551   80.178485437   22.451182044    6.801073180
    2.189594880    1.047197551   82.451615790    1.065488350    2.894393965
    2.379994435    1.047197551   80.555922632  -20.852237034   -0.228552061
    2.570393989    1.047197551   74.665130891  -40.401135786   -2.601848807
    2.760793544    1.047197551   65.500191895  -54.805595160   -4.239129269
    2.951193099    1.047197551   54.293259859  -61.534897915   -5.119964687

   -3.141592654    1.396263402   37.862007913  -59.101675943  -10.490554198
   -2.951193099    1.396263402   27.702791798  -46.595770943   -9.689395650
   -2.760793544    1.396263402   20.384019374  -30.116704556   -8.240286830
   -2.570393989    1.396263402   16.134869761  -15.276790145   -6.467425594
   -2.379994435    1.396263402   14.149450350   -6.914883386   -4.644816647
   -2.189594880    1.396263402   12.976749329   -6.658678667   -2.928218183
   -1.999195325    1.396263402   11.258616532  -11.871038348   -1.402799223
   -1.808795770    1.396263402    8.470627293  -16.839445386   -0.165071806
   -1.618396215    1.396263402    5.233541378  -15.797721838    0.645135416
   -1.427996661    1.396263402    3.012989735   -6.094894603    0.925395596
   -1.237597106    1.396263402    3.351235099   10.389824963    0.734396113
   -1.047197551    1.396263402    7.077882344   28.456347680    0.345167316
   -0.856797996    1.396263402   13.927276570   42.312874092    0.189292069
   -0.666398442    1.396263402   22.690814493   48.116827051    0.704386000
   -0.475998887    1.396263402   31.706537665   45.067110717    2.199664009
   -0.285599332    1.396263402   39.411934507   34.808217184    4.795493786
   -0.095199777    1.396263402   44.715504012   20.435496479    8.399715229
    0.095199777    1.396263402   47.186597801    5.724197875   12.689867118
    0.285599332    1.396263402   47.133932461   -5.428410356   17.106004593
    0.475998887    1.396263402   45.568788241   -9.722823803   20.883364059
    0.666398442    1.396263402   43.993408718   -5.512118028   23.221049474
    0.856797996    1.396263402   43.979462996    6.249379656   23.554330552
    1.047197551    1.396263402   46.645009233   21.860195643   21.775079865
    1.237597106    1.396263402   52.227930287   36.013886073   18.292139630
    1.427996661    1.396263402   59.969061215   43.888007599   13.847841008
    1.618396215    1.396263402   68.373737192   42.783126621    9.205048949
    1.808795770    1.396263402   75.693339818   32.702368356    4.882307450
    1.999195325    1.396263402   80.391228953   15.699164549    1.082330834
    2.189594880    1.396263402   81.433937627   -5.135503601   -2.222826115
    2.379994435    1.396263402   78.400651849  -26.591482760   -5.103676451
    2.570393989    1.396263402   71.476183901  -45.451645421   -7.538724787
    2.760793544    1.396263402   61.454745709  -58.640918838   -9.375485247
    2.951193099    1.396263402   49.679235208  -63.564615442  -10.405207796

   -3.141592654    1.745329252   31.799554277  -58.747667340  -16.047424894
   -2.951193099    1.745329252   21.907971587  -44.220069130  -15.436853766
   -2.760793544    1.745329252   15.182986182  -26.388891967  -13.873115711
   -2.570393989    1.745329252   11.710017891  -10.975999549  -11.645560381
   -2.379994435    1.745329252   10.547806744   -2.648118660   -9.026179958
   -2.189594880    1.745329252   10.152780271   -2.810181437   -6.177066130
   -1.999195325    1.745329252    9.103881132   -8.743925720   -3.210918294
   -1.808795770    1.745329252    6.815196624  -14.787188885   -0.310151278
   -1.618396215    1.745329252    3.841916263  -15.114832031    2.216805371
   -1.427996661    1.745329252    1.621538097   -6.729803637    4.047303134
   -1.237597106    1.745329252    1.758915304    9.050301333    5.049066518
   -1.047197551    1.745329252    5.248962768   27.502897799    5.406363027
   -0.856797996    1.745329252   12.047540869   42.895369401    5.574787847
   -0.666398442    1.745329252   21.133856136   50.990472521    6.068975358
   -0.475998887    1.745329252   30.930157900   50.356796720    7.242402379
   -0.285599332    1.745329252   39.836430710   42.004504487    9.185175031
   -0.095199777    1.745329252   46.617151959   28.556097219   11.703388771
    0.095199777    1.745329252   50.621949956   13.480970028   14.365629311
    0.285599332    1.745329252   51.898989107    0.543056659   16.580098334
    0.475998887    1.745329252   51.199324077   -6.781384310   17.705591144
    0.666398442    1.745329252   49.835721510   -6.258425454   17.256303380
    0.856797996    1.745329252   49.338725934    2.047356916   15.126351954
    1.047197551    1.745329252   50.958551012   15.313392759   11.667683277
    1.237597106    1.745329252   55.193380797   28.647644806    7.576805733
    1.427996661    1.745329252   61.560505005   36.978511172    3.594957240
    1.618396215    1.745329252   68.744385766   36.886050263    0.197090517
    1.808795770    1.745329252   75.026875816   27.627755856   -2.547152614
    1.999195325    1.745329252   78.791841369   10.871858724   -4.877526376
    2.189594880    1.745329252   78.898736852  -10.179384867   -7.127327456
    2.379994435    1.745329252   74.878987470  -31.857860889   -9.490910542
    2.570393989    1.745329252   66.968767068  -50.414194881  -11.903529730
    2.760793544    1.745329252   56.096736571  -62.457436881  -14.062471607
    2.951193099    1.745329252   43.765344864  -65.462830910  -15.556127432

   -3.141592654    2.094395102   25.193763817  -59.407022838  -17.740478059
   -2.951193099    2.094395102   15.374144566  -42.841945754  -17.065968694
   -2.760793544    2.094395102    9.080243498  -23.331013343  -15.380397830
   -2.570393989    2.094395102    6.307589341   -6.770030412  -12.964672516
   -2.379994435    2.094395102    6.022160667    2.306591597  -10.068242648
   -2.189594880    2.094395102    6.624418833    2.679828013   -6.800539476
   -1.999195325    2.094395102    6.655738744   -2.942986046   -3.201057236
   -1.808795770    2.094395102    5.465895418   -9.154371680    0.596082759
   -1.618396215    2.094395102    3.495051305  -10.340869519    4.257571474
   -1.427996661    2.094395102    2.055300789   -3.364708800    7.343023166
   -1.237597106    2.094395102    2.693889227   10.994484284    9.533678085
   -1.047197551    2.094395102    6.465533795   28.654748776   10.812144684
   -0.856797996    2.094395102   13.483230744   44.194653157   11.463042063
   -0.666398442    2.094395102   22.895001019   53.181782862   11.883926279
   -0.475998887    2.094395102   33.215861670   53.656219294   12.361811926
   -0.285599332    2.094395102   42.827299115   45.996742962   12.964959844
   -0.095199777    2.094395102   50.366677514   32.352131710   13.517483344
    0.095199777    2.094395102   54.986561550   15.948882091   13.668652784
    0.285599332    2.094395102   56.519588479    0.597755359   13.003660996
    0.475998887    2.094395102   55.544346725   -9.791471419   11.184476847
    0.666398442    2.094395102   53.318808921  -12.186826161    8.139361209
    0.856797996    2.094395102   51.490455427   -5.758276095    4.197061468
    1.047197551    2.094395102   51.574173692    7.276057292    0.021122190
    1.237597106    2.094395102   54.385984512   21.955853173   -3.630803183
    1.427996661    2.094395102   59.681600465   32.469748766   -6.238798997
    1.618396215    2.094395102   66.208386431   34.382937235   -7.745310968
    1.808795770    2.094395102   72.133015176   26.181129666   -8.533610177
    1.999195325    2.094395102   75.629154210    9.318894893   -9.189352084
    2.189594880    2.094395102   75.359506927  -12.663203997  -10.214353928
    2.379994435    2.094395102   70.758103149  -35.444618238  -11.814002843
    2.570393989    2.094395102   62.094542619  -54.610427239  -13.830068778
    2.760793544    2.094395102   50.436869357  -66.336354029  -15.829735847
    2.951193099    2.094395102   37.474543053  -68.049717254  -17.276676624

   -3.141592654    2.443460953   19.321064106  -59.742706787  -12.268100778
   -2.951193099    2.443460953    9.612199651  -41.376506428  -11.182154021
   -2.760793544    2.443460953    3.750074648  -20.338795245   -9.365772274
   -2.570393989    2.443460953    1.660331099   -2.657873504   -7.043104489
   -2.379994435    2.443460953    2.243133482    7.291671631   -4.360685717
   -2.189594880    2.443460953    3.874712541    8.509634391   -1.293210151
   -1.999195325    2.443460953    5.096278394    3.705391145    2.263708312
   -1.808795770    2.443460953    5.227383318   -2.021276189    6.280744643
   -1.618396215    2.443460953    4.607071653   -3.431991396   10.438575035
   -1.427996661    2.443460953    4.395584508    2.502570717   14.183195205
   -1.237597106    2.443460953    6.007861945   15.304499744   16.969830744
   -1.047197551    2.443460953   10.449183776   31.418068454   18.514662491
   -0.856797996    2.443460953   17.876425883   45.810248908   18.879681345
   -0.666398442    2.443460953   27.523671919   54.083704880   18.349896377
   -0.475998887    2.443460953   37.966438328   54.034730492   17.217921116
   -0.285599332    2.443460953   47.588179616   45.667699997   15.645027938
   -0.095199777    2.443460953   54.962722840   30.854004950   13.598573950
    0.095199777    2.443460953   59.141988565   12.731293384   10.919698571
    0.285599332    2.443460953   59.866078433   -4.724775703    7.442395407
    0.475998887    2.443460953   57.680257375  -17.123414118    3.149618965
    0.666398442    2.443460953   53.922637658  -20.746513886   -1.681615732
    0.856797996    2.443460953   50.452353076  -14.174251376   -6.444296811
    1.047197551    2.443460953   49.070520330    0.536415524  -10.372730757
    1.237597106    2.443460953   50.847806946   17.938202387  -12.839742438
    1.427996661    2.443460953   55.652190066   31.259092185  -13.641001742
    1.618396215    2.443460953   62.151778933   35.104363993  -13.094514770
    1.808795770    2.443460953   68.288380273   27.453183498  -11.881493029
    1.999195325    2.443460953   71.973528814    9.863649026  -10.740873287
    2.189594880    2.443460953   71.674878151  -13.565816216  -10.190564048
    2.379994435    2.443460953   66.757912613  -37.790334025  -10.388825134
    2.570393989    2.443460953   57.555167543  -57.787964364  -11.135380486
    2.760793544    2.443460953   45.287532281  -69.395836700  -12.002651236
    2.951193099    2.443460953   31.829611432  -70.052272762  -12.502979839

   -3.141592654    2.792526803   16.297642914  -58.757775805    0.742910145
   -2.951193099    2.792526803    6.877119110  -39.367387747    2.756942421
   -2.760793544    2.792526803    1.481891748  -17.491491535    4.725417975
   -2.570393989    2.792526803    0.000000000    0.860140203    6.512756116
   -2.379994435    2.792526803    1.318969662   11.531894343    8.196716366
   -2.189594880    2.792526803    3.845637172   13.713503659   10.082117373
   -1.999195325    2.792526803    6.164893424   10.028563196   12.536252392
   -1.808795770    2.792526803    7.589975132    5.156436641   15.712067718
   -1.618396215    2.792526803    8.359548670    3.824520814   19.351585553
   -1.427996661    2.792526803    9.455160681    8.803883579   22.814339825
   -1.237597106    2.792526803   12.104583447   19.789356003   25.338153328
   -1.047197551    2.792526803   17.192075691   33.698911216   26.365336565
   -0.856797996    2.792526803   24.846728863   45.954136380   25.729280271
   -0.666398442    2.792526803   34.339623851   52.356278893   23.622875325
   -0.475998887    2.792526803   44.293507471   50.652989960   20.411724292
   -0.285599332    2.792526803   53.118441250   40.674973998   16.451130257
   -0.095199777    2.792526803   59.385928977   24.213544336   11.965560138
    0.095199777    2.792526803   62.146023594    4.490653261    7.068029363
    0.285599332    2.792526803   61.172848410  -14.227819771    1.846260204
    0.475998887    2.792526803   57.116312187  -27.104112331   -3.501245727
    0.666398442    2.792526803   51.505768208  -29.989567267   -8.569159582
    0.856797996    2.792526803   46.453720146  -21.316597669  -12.764962818
    1.047197551    2.792526803   43.999143637   -3.458936675  -15.497154218
    1.237597106    2.792526803   45.343619327   17.364572635  -16.429924722
    1.427996661    2.792526803   50.319214202   33.462740787  -15.657821820
    1.618396215    2.792526803   57.401891519   38.789964769  -13.684116642
    1.808795770    2.792526803   64.266762036   31.207633378  -11.198808129
    1.999195325    2.792526803   68.585096412   12.643782613   -8.803913641
    2.189594880    2.792526803   68.682606300  -12.200859832   -6.825302851
    2.379994435    2.792526803   63.898350660  -37.689352229   -5.287919606
    2.570393989    2.792526803   54.635963540  -58.405265312   -3.991948951
    2.760793544    2.792526803   42.239178222  -70.020474782   -2.667962631
    2.951193099    2.792526803   28.713725886  -70.051339115   -1.107421030
